08	1a	c0	22	00	c4	00	4a	a9	6d	
f4	c8	00	00	0a	00	0a	00	68	a9	
4a	00	97	75	5a	5a	25	00	00	00	
00	00	00	00	00	00	00	00	00	00	
00	00	00	00	00	00	00	00	00	01	
bd	00	01	00	00	00	c9	00	33	00	
3b	00	06	00	00	00	19	00	08	02	
12	00	0c	00	12	00	00	00	00	00	
19	3f	28	3f	22	3f	00	00	00	00	
00	00	00	00	00	10	00	01	00	00	
a4	00	00	00	03	00	24	3f	95	ff	
23	3f	00	00	00	00	4a	a2	02	00	
fd	ff	c6	00	17	00	1a	00	1a	00	
17	00	0f	00	15	00	0f	00	18	00	
17	00	00	00	00	00	00	00	00	00	
f9	03	00	00	00	00	00	00	00	00	
cc	0c	00	00	00	00	00	0a	00	13	
00	10	00	14	00	10	00	14	00	f9	
00	f8	00	f8	01	ea	01	2f	23	04	
00	85	eb	11	3e	ae	47	81	3e	00	
00	40	be	