08	1a	c0	2c	00	c4	00	5b	b8	7d	
4a	9b	00	00	0a	00	0c	00	77	b8	
5b	00	df	37	19	72	7f	00	00	00	
00	00	00	00	00	00	00	00	00	00	
00	00	00	00	00	00	00	00	00	01	
c0	00	00	01	00	00	e1	00	33	00	
3b	00	09	00	00	00	1c	00	f7	01	
12	00	09	00	12	00	00	00	00	00	
cc	3e	cc	3e	c7	3e	00	00	00	00	
00	00	00	00	00	10	00	01	00	00	
a6	00	00	00	03	00	c9	3e	94	ff	
ce	3e	00	00	00	00	e4	a1	02	00	
fd	ff	c4	00	14	00	1a	00	1a	00	
14	00	0c	00	15	00	0c	00	15	00	
14	00	00	00	00	00	00	00	00	00	
46	04	00	00	00	00	00	00	00	00	
ce	0c	00	00	00	00	00	09	00	13	
00	10	00	14	00	10	00	14	01	f9	
01	06	01	06	01	13	01	3d	23	04	
00	b8	1e	45	be	5c	8f	42	3e	a4	
70	3d	3e	