08	1a	c0	32	00	c4	00	5c	4e	a5	
48	95	00	00	0a	00	0c	00	9f	4e	
5c	00	c3	8a	09	76	01	00	00	00	
00	00	00	00	00	00	00	00	00	00	
00	00	00	00	00	00	00	00	00	01	
c0	00	00	01	00	00	bf	00	36	00	
3b	00	06	00	00	00	1c	00	11	02	
15	00	0c	00	15	00	00	00	00	00	
19	3f	19	3f	13	3f	00	00	00	00	
00	00	00	00	00	10	00	01	00	00	
a6	00	00	00	03	00	24	3f	89	ff	
1e	3f	00	00	00	00	9e	0b	02	00	
a5	00	ca	00	14	00	1a	00	1a	00	
17	00	0f	00	12	00	0f	00	15	00	
14	00	00	00	00	00	00	00	00	00	
f9	03	00	00	00	00	00	00	00	00	
ce	0c	00	00	00	00	00	26	00	34	
00	3b	00	36	00	0f	41	0d	41	b4	
41	9e	41	ba	35	87	37	e3	71	04	
00	52	b8	1e	3e	cd	cc	0c	3e	29	
5c	0f	bd	