08	1a	c0	55	00	c4	00	5c	50	03	
48	b5	00	00	0a	00	0c	00	fd	4f	
5c	00	87	2b	0c	74	12	00	00	00	
00	00	00	00	00	00	00	00	00	00	
00	00	00	00	00	00	00	00	00	01	
c0	00	00	01	00	00	d5	00	36	00	
3b	00	09	00	a0	00	19	00	fa	01	
12	00	09	00	12	00	00	00	00	00	
47	3f	38	3f	32	3f	00	00	00	00	
00	00	00	00	00	10	00	01	00	00	
a6	00	00	00	03	00	34	3f	94	ff	
3e	3f	00	00	00	00	dc	a2	02	00	
ba	02	61	01	14	00	d9	00	1a	00	
17	00	0f	00	12	00	0f	00	15	00	
14	00	00	00	f5	2e	00	00	00	00	
46	04	00	00	00	00	00	00	00	00	
ce	0c	01	00	00	00	00	cc	00	d5	
00	af	00	ad	00	0e	42	0c	41	15	
41	ff	41	ff	3d	e7	3f	97	17	04	
00	99	99	99	3d	29	5c	8f	3d	ad	
47	61	bd	