08	1a	c0	22	00	c4	00	5b	b8	19	
4a	a8	00	00	09	00	0c	00	13	b8	
5b	00	c7	18	0e	6c	7a	00	00	00	
00	00	00	00	00	00	00	00	00	00	
00	00	00	00	00	00	00	00	00	01	
c0	00	00	01	00	00	e4	00	33	00	
3b	00	06	00	a0	00	19	00	fa	01	
12	00	0c	00	12	00	00	00	00	00	
bd	3e	bd	3e	b7	3e	00	00	00	00	
00	00	00	00	00	10	00	01	00	00	
a6	00	00	00	03	00	b9	3e	95	ff	
c7	3e	00	00	00	00	48	a2	02	00	
fe	ff	64	01	14	00	dc	00	17	00	
17	00	0c	00	15	00	0c	00	15	00	
14	00	00	00	04	2f	00	00	00	00	
46	04	00	00	00	00	00	00	00	00	
ce	0c	01	00	00	00	00	0a	00	13	
00	10	00	14	00	10	00	14	01	f9	
01	06	01	06	01	21	01	3d	23	04	
00	7b	14	2e	be	f6	28	1c	3e	3d	
0a	57	3e	