08	1a	c0	1c	00	c4	00	4a	a9	31	
f4	d6	00	00	0a	00	0a	00	2c	a9	
4a	00	46	05	4e	5a	22	00	00	00	
00	00	00	00	00	00	00	00	00	00	
00	00	00	00	00	00	00	00	00	01	
bd	00	01	00	00	00	cb	00	33	00	
3b	00	06	00	00	00	1c	00	19	02	
12	00	0c	00	12	00	00	00	00	00	
28	3f	28	3f	22	3f	00	00	00	00	
00	00	00	00	00	10	00	01	00	00	
a4	00	00	00	03	00	24	3f	95	ff	
27	3f	00	00	00	00	86	a2	02	00	
fd	ff	c9	00	17	00	1d	00	1a	00	
17	00	0f	00	15	00	0f	00	18	00	
17	00	00	00	00	00	00	00	00	00	
f9	03	00	00	00	00	00	00	00	00	
cc	0c	00	00	00	00	00	0a	00	13	
00	10	00	14	00	10	00	14	00	eb	
00	eb	01	eb	01	06	01	21	15	04	
00	00	00	00	3e	67	66	66	3e	14	
ae	47	be	