08	04	f7	1f	00	a5	00	47	ec	5e	
ca	13	00	00	00	00	50	41	59	55	
5a	55	43	00	00	00	00	00	00	00	
00	00	00	00	00	00	e8	01	02	00	
27	00	00	00	02	00	00	00	53	65	
74	20	4d	6f	64	65	00	00	00	00	
00	00	00	00	00	00	00	00	00	00	
00	00	00	00	00	00	00	00	00	00	
00	00	00	00	00	00	00	00	00	00	
00	00	00	00	00	00	00	00	00	00	
00	00	00	00	00	00	00	00	00	00	
00	00	00	00	00	00	00	00	00	00	
00	00	00	00	00	00	00	00	00	00	
00	00	00	00	00	00	00	00	00	00	
00	00	00	00	00	00	00	00	00	00	
00	00	00	00	00	00	00	00	00	00	
00	00	00	00	00	00	00	00	00	00	
00	00	