08	04	ca	b7	00	a5	00	46	99	30	
2d	87	00	00	00	00	46	4d	00	00	
00	00	00	00	00	00	00	00	00	00	
00	00	00	00	00	00	2e	00	02	00	
27	00	00	00	02	00	00	00	47	65	
74	20	46	69	6c	65	20	49	6e	66	
6f	20	63	6f	6d	6d	61	6e	64	3a	
20	66	69	6c	65	20	3d	20	2f	63	
66	2f	4b	69	73	73	30	5f	30	30	
30	2d	30	34	37	00	00	00	00	00	
00	00	00	00	00	00	00	00	00	00	
00	00	00	00	00	00	00	00	00	00	
00	00	00	00	00	00	00	00	00	00	
00	00	00	00	00	00	00	00	00	00	
00	00	00	00	00	00	00	00	00	00	
00	00	00	00	00	00	00	00	00	00	
00	00	00	00	00	00	00	00	00	00	
00	00	