08	04	f7	1c	00	a5	00	47	ec	4f	
23	48	00	00	00	00	50	41	59	55	
5a	55	43	00	00	00	00	00	00	00	
00	00	00	00	00	00	03	00	02	00	
27	00	00	00	02	00	00	00	50	41	
59	55	5a	55	43	20	4e	6f	6f	70	
20	43	6f	6d	6d	61	6e	64	20	52	
65	63	65	69	76	65	64	00	00	00	
00	00	00	00	00	00	00	00	00	00	
00	00	00	00	00	00	00	00	00	00	
00	00	00	00	00	00	00	00	00	00	
00	00	00	00	00	00	00	00	00	00	
00	00	00	00	00	00	00	00	00	00	
00	00	00	00	00	00	00	00	00	00	
00	00	00	00	00	00	00	00	00	00	
00	00	00	00	00	00	00	00	00	00	
00	00	00	00	00	00	00	00	00	00	
00	00	