08	04	df	ff	00	a5	00	45	5b	27	
f1	28	00	00	00	00	43	46	45	5f	
45	53	00	00	00	00	00	00	00	00	
00	00	00	00	00	00	2b	00	03	00	
27	00	00	00	02	00	00	00	52	65	
6c	6f	61	64	20	41	70	70	6c	69	
63	61	74	69	6f	6e	20	4d	4f	5a	
41	52	54	2c	20	47	65	74	41	70	
70	49	44	42	79	4e	61	6d	65	20	
66	61	69	6c	65	64	2e	20	52	43	
20	3d	20	30	78	43	34	30	30	30	
30	30	32	2e	00	00	00	00	00	00	
00	00	00	00	00	00	00	00	00	00	
00	00	00	00	00	00	00	00	00	00	
00	00	00	00	00	00	00	00	00	00	
00	00	00	00	00	00	00	00	00	00	
00	00	00	00	00	00	00	00	00	00	
00	00	