===== REPORT RAW CHUNK DUMP (208 bytes) =====
08 25 c0 00 02 15 00 68 26 c2 50 a4 00 00 00 00 
75 18 14 05 00 00 00 00 bc 00 36 00 3b 00 10 00 
03 00 06 00 00 00 f8 ff fb ff 1c 00 f4 01 15 00 
0c 00 12 00 00 00 00 00 00 00 00 00 75 3f 66 3f 
13 01 13 01 6f 3f 00 00 00 00 00 00 00 00 01 01 
00 00 01 01 00 00 01 01 01 00 00 00 00 00 e1 00 
e0 00 00 01 00 00 a7 00 00 00 e8 c0 03 00 01 03 
03 00 01 00 00 00 00 00 00 00 00 00 00 00 00 00 
00 00 00 00 00 00 00 00 00 00 00 00 00 00 62 3f 
92 ff a2 00 70 3f 00 00 00 00 07 02 02 01 04 06 
00 00 01 01 01 01 01 01 00 00 00 00 00 00 06 00 
00 00 00 00 00 00 04 00 00 00 00 00 00 00 29 00 
00 00 ec a2 02 00 00 00 00 00 2c 01 00 00 05 05 
===========================================
