===== REPORT RAW CHUNK DUMP (208 bytes) =====
08 25 c0 00 02 15 00 8f bd 2b 72 96 00 00 00 00 
75 18 14 05 00 00 00 00 bc 00 33 00 38 00 0d 00 
00 00 06 00 00 00 f8 ff fb ff 1f 00 f7 01 12 00 
09 00 0f 00 00 00 00 00 00 00 00 00 47 3f 47 3f 
13 01 13 01 41 3f 00 00 00 00 00 00 00 00 01 01 
00 00 01 01 00 00 01 01 01 00 00 00 00 00 b1 00 
b1 00 00 01 00 00 a7 00 00 00 3e 5c 2b 00 01 03 
03 00 01 00 00 00 00 00 00 00 00 00 00 00 00 00 
00 00 00 00 00 00 00 00 00 00 00 00 00 00 43 3f 
95 ff 43 00 40 3f 00 00 00 00 07 02 02 01 04 06 
00 00 01 01 01 01 01 01 00 00 00 00 00 00 06 00 
00 00 00 00 00 00 04 00 00 00 00 00 00 00 29 00 
00 00 f6 a2 02 00 00 00 00 00 28 01 00 00 05 05 
===========================================
