===== REPORT RAW CHUNK DUMP (208 bytes) =====
08 25 c0 00 02 15 00 90 62 4e fc 8e 00 00 00 00 
75 18 14 05 00 00 00 00 bc 00 33 00 38 00 10 00 
03 00 06 00 00 00 f8 ff fb ff 1c 00 fa 01 12 00 
09 00 12 00 00 00 00 00 00 00 00 00 28 3f 28 3f 
04 01 13 01 22 3f 00 00 00 00 00 00 00 00 01 01 
00 00 01 01 00 00 01 01 01 00 00 00 00 00 c0 00 
be 00 00 01 00 00 a7 00 00 00 76 01 2c 00 01 03 
03 00 01 00 00 00 00 00 00 00 00 00 00 00 00 00 
00 00 00 00 00 00 00 00 00 00 00 00 00 00 24 3f 
95 ff 37 ff 26 3f 00 00 00 00 07 02 02 01 04 06 
00 00 01 01 01 01 01 01 00 00 00 00 00 00 06 00 
00 00 00 00 00 00 04 00 00 00 00 00 00 00 29 00 
00 00 ec a2 02 00 00 00 00 00 2c 01 00 00 05 05 
===========================================
