===== REPORT RAW CHUNK DUMP (208 bytes) =====
08 25 c0 00 02 15 00 45 f3 e5 f2 eb 00 00 00 00 
75 18 14 05 00 00 00 00 bc 00 36 00 3e 00 13 00 
03 00 00 00 00 00 f8 ff fb ff 1c 00 fa 01 15 00 
0c 00 12 00 00 00 00 00 00 00 00 00 84 3f 84 3f 
13 01 13 01 7e 3f 00 00 00 00 00 00 00 00 01 01 
00 00 01 01 00 00 01 01 01 00 00 00 00 00 1a 01 
19 01 00 01 00 00 a4 00 00 00 ac 37 07 00 01 03 
03 00 01 00 00 00 00 00 00 00 00 00 00 00 00 00 
00 00 00 00 00 00 00 00 00 00 00 00 00 00 80 3f 
92 ff 06 01 8d 3f 00 00 00 00 07 02 02 01 04 06 
00 00 01 01 01 01 01 01 00 00 00 00 00 00 05 00 
00 00 00 00 00 00 03 00 00 00 00 00 00 00 29 00 
00 00 f7 a2 02 00 00 00 00 00 2b 01 00 00 05 05 
===========================================
