===== REPORT RAW CHUNK DUMP (208 bytes) =====
08 25 c0 00 02 15 00 91 cb 6b a0 93 00 00 00 00 
75 18 14 05 00 00 00 00 bc 00 36 00 3b 00 10 00 
03 00 06 00 00 00 f8 ff fb ff 1c 00 f7 01 12 00 
09 00 12 00 00 00 00 00 00 00 00 00 28 3f 28 3f 
04 01 13 01 32 3f 00 00 00 00 00 00 00 00 01 01 
00 00 01 01 00 00 01 01 01 00 00 00 00 00 de 00 
dd 00 00 01 00 00 a7 00 00 00 c1 6a 2d 00 01 03 
03 00 01 00 00 00 00 00 00 00 00 00 00 00 00 00 
00 00 00 00 00 00 00 00 00 00 00 00 00 00 34 3f 
95 ff 37 ff 37 3f 00 00 00 00 07 02 02 01 04 06 
00 00 01 01 01 01 01 01 00 00 00 00 00 00 06 00 
00 00 00 00 00 00 04 00 00 00 00 00 00 00 29 00 
00 00 29 8d 02 00 00 00 00 00 2c 01 00 00 05 05 
===========================================
