===== REPORT RAW CHUNK DUMP (208 bytes) =====
08 25 c0 00 02 15 00 4a a9 99 6c 67 00 00 00 00 
75 18 14 05 00 00 00 00 bc 00 33 00 3b 00 10 00 
00 00 06 00 00 00 f8 ff fb ff 1c 00 08 02 12 00 
09 00 12 00 00 00 00 00 00 00 00 00 28 3f 28 3f 
13 01 13 01 22 3f 00 00 00 00 00 00 00 00 01 01 
00 00 01 01 00 00 01 01 01 00 00 00 00 00 aa 00 
aa 00 00 01 00 00 a4 00 00 00 ff ed 0b 00 01 03 
03 00 01 00 00 00 00 00 00 00 00 00 00 00 00 00 
00 00 00 00 00 00 00 00 00 00 00 00 00 00 24 3f 
95 ff 37 ff 21 3f 00 00 00 00 07 02 02 01 04 06 
00 00 01 01 01 01 01 01 00 00 00 00 00 00 05 00 
00 00 00 00 00 00 03 00 00 00 00 00 00 00 29 00 
00 00 19 a2 02 00 00 00 00 00 29 01 00 00 05 05 
===========================================
