===== REPORT RAW CHUNK DUMP (208 bytes) =====
08 25 c0 00 02 15 00 79 4b d1 0c a8 00 00 00 00 
75 18 14 05 00 00 00 00 bc 00 33 00 38 00 10 00 
00 00 06 00 00 00 f8 ff fb ff 1c 00 f7 01 12 00 
09 00 0f 00 00 00 00 00 00 00 00 00 eb 3e eb 3e 
04 01 13 01 e5 3e 00 00 00 00 00 00 00 00 01 01 
00 00 01 01 00 00 01 01 01 00 00 00 00 00 a7 00 
a5 00 00 01 00 00 a7 00 00 00 18 e8 14 00 01 03 
03 00 01 00 00 00 00 00 00 00 00 00 00 00 00 00 
00 00 00 00 00 00 00 00 00 00 00 00 00 00 e7 3e 
95 ff 46 ff e9 3e 00 00 00 00 07 02 02 01 04 06 
00 00 01 01 01 01 01 01 00 00 00 00 00 00 06 00 
00 00 00 00 00 00 04 00 00 00 00 00 00 00 29 00 
00 00 07 b7 00 00 00 00 00 00 28 01 00 00 05 05 
===========================================
