===== REPORT RAW CHUNK DUMP (208 bytes) =====
08 25 c0 00 02 15 00 5a 64 59 93 f8 00 00 00 00 
75 18 14 05 00 00 00 00 bc 00 33 00 3b 00 10 00 
00 00 06 00 00 00 f8 ff f8 ff 1c 00 fa 01 12 00 
09 00 12 00 00 00 00 00 00 00 00 00 09 3f 0a 3f 
04 01 13 01 13 3f 00 00 00 00 00 00 00 00 01 01 
00 00 01 01 00 00 01 01 01 00 00 00 00 00 af 00 
ae 00 00 01 00 00 a6 00 00 00 cb 04 00 00 01 00 
03 00 01 00 00 00 00 00 00 00 00 00 00 00 00 00 
00 00 00 00 00 00 00 00 00 00 00 00 00 00 06 3f 
95 ff 39 ff 0d 3f 00 00 00 00 07 02 02 01 04 06 
00 00 01 01 01 01 01 01 00 00 00 00 00 00 06 00 
00 00 00 00 00 00 03 00 00 00 00 00 00 00 29 00 
00 00 35 9e 02 00 00 00 00 00 29 01 00 00 05 05 
===========================================
