===== REPORT RAW CHUNK DUMP (208 bytes) =====
08 25 c0 00 02 15 00 85 22 9f 7f fe 00 00 00 00 
75 18 17 05 00 00 00 00 90 00 14 00 1a 00 17 00 
17 00 0c 00 12 00 0c 00 15 00 14 00 00 00 00 00 
00 00 00 00 f9 03 00 00 00 00 00 00 00 00 cc 0c 
02 3f d7 00 00 00 00 00 00 00 00 00 00 00 00 00 
00 00 01 00 00 00 7e 00 00 00 5d c0 20 00 01 00 
03 00 00 00 00 00 00 00 00 00 00 00 00 00 00 00 
00 00 00 00 07 02 02 04 00 00 00 00 01 01 01 01 
00 00 00 00 00 00 06 00 00 00 00 00 00 00 00 00 
00 00 00 00 00 00 00 00 00 00 99 21 02 00 00 00 
00 00 00 00 00 00 05 05 00 00 00 00 00 00 00 00 
00 00 00 00 00 00 00 00 00 00 00 00 00 00 00 00 
00 00 00 00 00 00 00 00 00 00 00 00 00 00 00 00 
===========================================
