===== REPORT RAW CHUNK DUMP (208 bytes) =====
08 25 c0 00 02 15 00 87 c9 63 18 95 00 00 00 00 
75 18 1a 05 00 00 00 00 7c 00 25 00 31 00 38 00 
33 00 0f 00 0d 00 a6 41 90 41 9e 41 87 41 fb 39 
43 3a 3f 3f cb 0c cf 00 d0 00 d0 00 01 00 16 47 
19 43 c7 44 22 4a ab 46 16 47 6d 02 36 03 ac 03 
57 03 de 00 c1 00 01 01 01 00 a5 02 7f 02 8f 02 
c2 02 a1 02 a5 02 78 2f 15 b6 01 00 00 00 92 00 
00 00 6b 67 23 00 01 00 16 00 31 00 00 00 07 01 
01 03 03 03 04 00 01 01 01 01 01 01 01 00 06 00 
00 00 cd a2 02 00 00 00 00 00 00 00 00 00 00 00 
00 00 00 00 00 00 00 00 00 00 00 00 00 00 00 00 
00 00 00 00 00 00 00 00 00 00 00 00 00 00 00 00 
00 00 00 00 00 00 00 00 00 00 00 00 00 00 00 00 
===========================================
