===== REPORT RAW CHUNK DUMP (208 bytes) =====
08 25 c0 00 02 15 00 96 5d c4 ce 89 00 00 00 00 
75 18 1a 05 00 00 00 00 7c 00 59 00 63 00 67 00 
63 00 0f 00 0d 00 d0 41 ba 41 c8 41 a2 41 a7 3b 
15 3d 5e 3f cb 0c c3 00 c3 00 c3 00 01 00 67 47 
75 46 d4 45 d4 45 0a 46 75 46 db 05 81 06 c6 06 
7f 06 e5 00 cb 00 01 01 01 00 a8 02 9b 02 9d 02 
97 02 9d 02 9d 02 78 2f 15 b6 01 00 00 00 92 00 
00 00 9d fd 31 00 01 00 16 00 31 00 00 00 07 01 
01 03 03 03 04 00 01 01 01 01 01 01 01 00 06 00 
00 00 c2 a2 02 00 00 00 00 00 00 00 00 00 00 00 
00 00 00 00 00 00 00 00 00 00 00 00 00 00 00 00 
00 00 00 00 00 00 00 00 00 00 00 00 00 00 00 00 
00 00 00 00 00 00 00 00 00 00 00 00 00 00 00 00 
===========================================
