===== REPORT RAW CHUNK DUMP (208 bytes) =====
08 25 c0 00 02 15 00 50 77 2f 22 51 00 00 00 00 
75 18 14 05 00 00 00 00 bc 00 33 00 3e 00 10 00 
03 00 09 00 00 00 f8 ff fb ff 1c 00 0b 02 0f 00 
0c 00 15 00 00 00 00 00 00 00 00 00 84 3f 75 3f 
04 01 13 01 7e 3f 00 00 00 00 00 00 00 00 01 01 
00 00 01 01 00 00 01 01 01 00 00 00 00 00 c8 00 
c6 00 00 01 00 00 a4 00 00 00 4d bc 11 00 01 03 
03 00 01 00 00 00 00 00 00 00 00 00 00 00 00 00 
00 00 00 00 00 00 00 00 00 00 00 00 00 00 80 3f 
95 ff ba 00 7c 3f 00 00 00 00 07 02 02 01 04 06 
00 00 01 01 01 01 01 01 00 00 00 00 00 00 05 00 
00 00 00 00 00 00 03 00 00 00 00 00 00 00 29 00 
00 00 6b 50 01 00 00 00 00 00 2a 01 00 00 05 05 
===========================================
