===== REPORT RAW CHUNK DUMP (208 bytes) =====
08 25 c0 00 02 15 00 74 b9 cb ee 96 00 00 00 00 
75 18 1a 05 00 00 00 00 7c 00 0a 00 13 00 10 00 
14 00 10 00 14 00 f9 00 f8 00 f8 00 13 01 2f 01 
15 01 3f 3f cb 0c b6 00 b5 00 b7 00 01 00 0a 46 
3f 46 ab 46 ab 46 16 47 3f 46 02 00 04 00 03 00 
05 00 04 00 05 00 01 01 01 00 9b 02 9d 02 9f 02 
a3 02 a3 02 9d 02 78 2f 15 b6 01 00 00 00 92 00 
00 00 79 55 10 00 01 00 16 00 31 00 00 00 07 01 
01 03 03 03 04 00 01 01 01 01 01 01 01 00 06 00 
00 00 c3 a2 02 00 00 00 00 00 00 00 00 00 00 00 
00 00 00 00 00 00 00 00 00 00 00 00 00 00 00 00 
00 00 00 00 00 00 00 00 00 00 00 00 00 00 00 00 
00 00 00 00 00 00 00 00 00 00 00 00 00 00 00 00 
===========================================
