===== REPORT RAW CHUNK DUMP (208 bytes) =====
08 25 c0 00 02 15 00 85 38 cb e0 8e 00 00 00 00 
75 18 17 05 92 ff ff ff 90 00 14 00 1d 00 17 00 
14 00 0c 00 15 00 0c 00 15 00 17 00 00 00 00 00 
00 00 00 00 f9 03 00 00 00 00 00 00 00 00 ce 0c 
20 3f d2 00 00 00 00 00 00 00 00 00 00 00 00 00 
00 00 01 00 00 00 7e 00 00 00 8b d6 20 00 01 00 
03 00 00 00 00 00 00 00 00 00 00 00 00 00 00 00 
00 00 00 00 07 02 02 04 00 00 00 00 01 01 01 01 
00 00 00 00 00 00 06 00 00 00 00 00 00 00 00 00 
00 00 00 00 00 00 00 00 00 00 d8 a2 02 00 00 00 
00 00 00 00 00 00 05 05 00 00 00 00 00 00 00 00 
00 00 00 00 00 00 00 00 00 00 00 00 00 00 00 00 
00 00 00 00 00 00 00 00 00 00 00 00 00 00 00 00 
===========================================
