===== REPORT RAW CHUNK DUMP (208 bytes) =====
08 25 c0 00 02 15 00 5e f7 69 ce 08 00 00 00 00 
75 18 14 05 00 00 00 00 bc 00 36 00 3b 00 10 00 
03 00 06 00 03 00 f8 ff fb ff 1c 00 08 02 12 00 
0c 00 12 00 00 00 00 00 00 00 00 00 93 3f 84 3f 
13 01 13 01 7e 3f 00 00 00 00 00 00 00 00 01 01 
00 00 01 01 00 00 01 01 01 00 00 00 00 00 cd 00 
cb 00 00 01 00 00 a6 00 00 00 6e 98 04 00 01 00 
03 00 01 00 00 00 00 00 00 00 00 00 00 00 00 00 
00 00 00 00 00 00 00 00 00 00 00 00 00 00 80 3f 
94 ff 2d 01 85 3f 00 00 00 00 07 02 02 01 04 06 
00 00 01 01 01 01 01 01 00 00 00 00 00 00 06 00 
00 00 00 00 00 00 03 00 00 00 00 00 00 00 29 00 
00 00 23 a1 02 00 00 00 00 00 2b 01 00 00 05 05 
===========================================
