===== REPORT RAW CHUNK DUMP (208 bytes) =====
08 25 c0 00 02 15 00 84 8b 0c 36 95 00 00 00 00 
75 18 1a 05 00 00 00 00 7c 00 0a 00 13 00 10 00 
15 00 11 00 14 00 f9 00 f8 00 f8 00 13 01 2f 01 
23 01 01 3f cb 0c c3 00 c2 00 c4 00 01 00 3f 46 
3f 46 3f 46 9e 45 d4 45 75 46 02 00 04 00 03 00 
05 00 05 00 05 00 01 01 01 00 9f 02 9d 02 9d 02 
99 02 99 02 a1 02 78 2f 15 b6 01 00 00 00 92 00 
00 00 ae 28 20 00 01 00 16 00 31 00 00 00 07 01 
01 03 03 03 04 00 01 01 01 01 01 01 01 00 06 00 
00 00 c3 a2 02 00 00 00 00 00 00 00 00 00 00 00 
00 00 00 00 00 00 00 00 00 00 00 00 00 00 00 00 
00 00 00 00 00 00 00 00 00 00 00 00 00 00 00 00 
00 00 00 00 00 00 00 00 00 00 00 00 00 00 00 00 
===========================================
