===== REPORT RAW CHUNK DUMP (208 bytes) =====
08 25 c0 00 02 15 00 97 b1 05 74 86 00 00 00 00 
75 18 14 05 00 00 00 00 bc 00 33 00 3b 00 10 00 
00 00 06 00 00 00 f8 ff f8 ff 1f 00 fa 01 12 00 
09 00 12 00 00 00 00 00 00 00 00 00 65 3f 56 3f 
04 01 13 01 5f 3f 00 00 00 00 00 00 00 00 01 01 
00 00 01 01 00 00 01 01 01 00 00 00 00 00 c3 00 
c2 00 00 01 00 00 a7 00 00 00 1b 51 33 00 01 03 
03 00 01 00 00 00 00 00 00 00 00 00 00 00 00 00 
00 00 00 00 00 00 00 00 00 00 00 00 00 00 62 3f 
95 ff a4 00 5c 3f 00 00 00 00 07 02 02 01 04 06 
00 00 01 01 01 01 01 01 00 00 00 00 00 00 06 00 
00 00 00 00 00 00 04 00 00 00 00 00 00 00 29 00 
00 00 58 4f 01 00 00 00 00 00 2a 01 00 00 05 05 
===========================================
