===== REPORT RAW CHUNK DUMP (208 bytes) =====
08 25 c0 00 02 15 00 94 72 0c b2 a7 00 00 00 00 
75 18 17 05 00 00 00 00 90 00 14 00 1a 00 1a 00 
17 00 0f 00 15 00 0f 00 15 00 17 00 00 00 00 00 
00 00 00 00 f9 03 00 00 00 00 00 00 00 00 cc 0c 
d4 3e ca 00 00 00 00 00 00 00 00 00 00 00 00 00 
00 00 01 00 00 00 7e 00 00 00 b4 11 30 00 01 00 
03 00 00 00 00 00 00 00 00 00 00 00 00 00 00 00 
00 00 00 00 07 02 02 04 00 00 00 00 01 01 01 01 
00 00 00 00 00 00 06 00 00 00 00 00 00 00 00 00 
00 00 00 00 00 00 00 00 00 00 15 8d 02 00 00 00 
00 00 00 00 00 00 05 05 00 00 00 00 00 00 00 00 
00 00 00 00 00 00 00 00 00 00 00 00 00 00 00 00 
00 00 00 00 00 00 00 00 00 00 00 00 00 00 00 00 
===========================================
