===== REPORT RAW CHUNK DUMP (208 bytes) =====
08 25 c0 00 02 15 00 6c 21 5e 0c 8d 00 00 00 00 
75 18 14 05 00 00 00 00 bc 00 33 00 3b 00 0a 00 
00 00 06 00 00 00 f8 ff f8 ff 1c 00 fa 01 12 00 
09 00 12 00 00 00 00 00 00 00 00 00 75 3f 75 3f 
13 01 13 01 6f 3f 00 00 00 00 00 00 00 00 01 01 
00 00 01 01 00 00 01 01 01 00 00 00 00 00 9d 00 
9a 00 00 01 00 00 a7 00 00 00 03 bc 07 00 01 03 
03 00 01 00 00 00 00 00 00 00 00 00 00 00 00 00 
00 00 00 00 00 00 00 00 00 00 00 00 00 00 80 3f 
95 ff bd 00 71 3f 00 00 00 00 07 02 02 01 04 06 
00 00 01 01 01 01 01 01 00 00 00 00 00 00 06 00 
00 00 00 00 00 00 04 00 00 00 00 00 00 00 29 00 
00 00 a8 a1 02 00 00 00 00 00 28 01 00 00 05 05 
===========================================
