===== REPORT RAW CHUNK DUMP (208 bytes) =====
08 25 c0 00 02 15 00 7f 54 1f 3a a3 00 00 00 00 
75 18 1a 05 00 00 00 00 7c 00 0a 00 13 00 10 00 
15 00 11 00 14 00 07 01 14 01 06 01 2f 01 4b 01 
31 01 a3 3e cb 0c ed 00 ee 00 f0 00 01 00 ab 46 
75 46 0a 46 d4 45 0a 46 3f 46 02 00 05 00 04 00 
06 00 05 00 06 00 01 01 01 00 a1 02 99 02 9d 02 
9b 02 9d 02 9d 02 78 2f 15 b6 01 00 00 00 92 00 
00 00 1c f1 1a 00 01 00 16 00 31 00 00 00 07 01 
01 03 03 03 04 00 01 01 01 01 01 01 01 00 06 00 
00 00 c3 a2 02 00 00 00 00 00 00 00 00 00 00 00 
00 00 00 00 00 00 00 00 00 00 00 00 00 00 00 00 
00 00 00 00 00 00 00 00 00 00 00 00 00 00 00 00 
00 00 00 00 00 00 00 00 00 00 00 00 00 00 00 00 
===========================================
