===== REPORT RAW CHUNK DUMP (208 bytes) =====
08 25 c0 00 02 15 00 53 c4 e0 9e 54 00 00 00 00 
75 18 14 05 00 00 00 00 bc 00 36 00 3b 00 10 00 
03 00 06 00 03 00 f8 ff f8 ff 1c 00 19 02 12 00 
09 00 12 00 00 00 00 00 00 00 00 00 09 3f 19 3f 
04 01 13 01 13 3f 00 00 00 00 00 00 00 00 01 01 
00 00 01 01 00 00 01 01 01 00 00 00 00 00 b9 00 
b7 00 00 01 00 00 a4 00 00 00 69 0a 15 00 01 03 
03 00 01 00 00 00 00 00 00 00 00 00 00 00 00 00 
00 00 00 00 00 00 00 00 00 00 00 00 00 00 15 3f 
94 ff 33 ff 16 3f 00 00 00 00 07 02 02 01 04 06 
00 00 01 01 01 01 01 01 00 00 00 00 00 00 05 00 
00 00 00 00 00 00 03 00 00 00 00 00 00 00 29 00 
00 00 c8 a2 02 00 00 00 00 00 2c 01 00 00 05 05 
===========================================
