===== REPORT RAW CHUNK DUMP (208 bytes) =====
08 25 c0 00 02 15 00 67 a5 69 b6 85 00 00 00 00 
75 18 1a 05 00 00 00 00 7c 00 0a 00 13 00 10 00 
14 00 10 00 14 00 15 01 14 01 14 01 21 01 4b 01 
31 01 5e 3f cb 0c b4 00 b4 00 b5 00 01 00 75 46 
3f 46 68 45 75 46 75 46 3f 46 02 00 05 00 04 00 
05 00 05 00 06 00 01 01 01 00 9f 02 9d 02 95 02 
9f 02 9f 02 9d 02 78 2f 15 b6 01 00 00 00 92 00 
00 00 7d 3f 03 00 01 00 16 00 31 00 00 00 07 01 
01 03 03 03 04 00 01 01 01 01 01 01 01 00 06 00 
00 00 c2 a2 02 00 00 00 00 00 00 00 00 00 00 00 
00 00 00 00 00 00 00 00 00 00 00 00 00 00 00 00 
00 00 00 00 00 00 00 00 00 00 00 00 00 00 00 00 
00 00 00 00 00 00 00 00 00 00 00 00 00 00 00 00 
===========================================
