===== REPORT RAW CHUNK DUMP (208 bytes) =====
08 25 c0 00 02 15 00 68 3c cf a8 88 00 00 00 00 
75 18 1a 05 92 ff ff ff 7c 00 33 00 3f 00 35 00 
31 00 0e 00 0c 00 c2 41 ac 41 ac 41 94 41 59 3e 
8c 3e 3f 3f cb 0c d9 00 d8 00 d9 00 01 00 4f 43 
67 47 81 49 9d 47 75 46 0a 46 5a 03 23 04 7b 03 
36 03 df 00 c0 00 01 01 01 00 81 02 a8 02 bc 02 
aa 02 9f 02 9b 02 78 2f 15 b6 01 00 00 00 92 00 
00 00 f5 d6 03 00 01 00 16 00 31 00 00 00 07 01 
01 03 03 03 04 00 01 01 01 01 01 01 01 00 06 00 
00 00 c2 a2 02 00 00 00 00 00 00 00 00 00 00 00 
00 00 00 00 00 00 00 00 00 00 00 00 00 00 00 00 
00 00 00 00 00 00 00 00 00 00 00 00 00 00 00 00 
00 00 00 00 00 00 00 00 00 00 00 00 00 00 00 00 
===========================================
