===== REPORT RAW CHUNK DUMP (208 bytes) =====
08 25 c0 00 02 15 00 95 af 3f 22 96 00 00 00 00 
75 18 1a 05 00 00 00 00 7c 00 0a 00 13 00 10 00 
15 00 11 00 14 00 f9 00 06 01 06 01 13 01 3d 01 
23 01 5e 3f cb 0c d9 00 da 00 dc 00 01 00 3f 46 
0a 46 0a 46 9e 45 ab 46 3f 46 02 00 04 00 04 00 
05 00 05 00 05 00 01 01 01 00 9d 02 9b 02 9b 02 
99 02 a1 02 9d 02 78 2f 15 b6 01 00 00 00 92 00 
00 00 02 4f 31 00 01 00 16 00 31 00 00 00 07 01 
01 03 03 03 04 00 01 01 01 01 01 01 01 00 06 00 
00 00 cc a2 02 00 00 00 00 00 00 00 00 00 00 00 
00 00 00 00 00 00 00 00 00 00 00 00 00 00 00 00 
00 00 00 00 00 00 00 00 00 00 00 00 00 00 00 00 
00 00 00 00 00 00 00 00 00 00 00 00 00 00 00 00 
===========================================
