===== REPORT RAW CHUNK DUMP (208 bytes) =====
08 25 c0 00 02 15 00 84 a0 f5 96 a6 00 00 00 00 
75 18 14 05 2c f8 ff ff bc 00 36 00 3b 00 10 00 
00 00 06 00 00 00 f8 ff fb ff 1c 00 f7 01 12 00 
0c 00 0f 00 00 00 00 00 00 00 00 00 dc 3e dc 3e 
13 01 13 01 d6 3e 00 00 00 00 00 00 00 00 01 01 
00 00 01 01 00 00 01 01 01 00 00 00 00 00 e1 00 
de 00 00 01 00 00 a7 00 00 00 a7 3e 20 00 01 03 
03 00 01 00 00 00 00 00 00 00 00 00 00 00 00 00 
00 00 00 00 00 00 00 00 00 00 00 00 00 00 d8 3e 
95 ff 36 ff d9 3e 00 00 00 00 07 02 02 01 04 06 
00 00 01 01 01 01 01 01 00 00 00 00 00 00 06 00 
00 00 00 00 00 00 04 00 00 00 00 00 00 00 29 00 
00 00 eb a2 02 00 00 00 00 00 2c 01 00 00 05 05 
===========================================
