===== REPORT RAW CHUNK DUMP (208 bytes) =====
08 25 c0 00 02 15 00 6a ce 30 4c a4 00 00 00 00 
75 18 1a 05 00 00 00 00 7c 00 3e 00 48 00 4c 00 
48 00 0f 00 0c 00 d0 41 ba 41 ba 41 a2 41 1d 3b 
d8 3d 5e 3f cb 0c dc 00 dc 00 de 00 01 00 f0 43 
4f 43 3f 46 c5 48 b8 47 0a 46 14 04 bb 04 fe 04 
b9 04 e2 00 bd 00 01 01 01 00 87 02 81 02 9d 02 
b5 02 ab 02 9b 02 78 2f 15 b6 01 00 00 00 92 00 
00 00 a7 68 06 00 01 00 16 00 31 00 00 00 07 01 
01 03 03 03 04 00 01 01 01 01 01 01 01 00 06 00 
00 00 86 21 02 00 00 00 00 00 00 00 00 00 00 00 
00 00 00 00 00 00 00 00 00 00 00 00 00 00 00 00 
00 00 00 00 00 00 00 00 00 00 00 00 00 00 00 00 
00 00 00 00 00 00 00 00 00 00 00 00 00 00 00 00 
===========================================
