===== REPORT RAW CHUNK DUMP (208 bytes) =====
08 25 c0 00 02 15 00 7d 45 5b f0 96 00 00 00 00 
75 18 17 05 00 00 00 00 90 00 14 00 1d 00 17 00 
17 00 0c 00 12 00 0f 00 15 00 14 00 00 00 00 00 
00 00 00 00 f9 03 00 00 00 00 00 00 00 00 ce 0c 
7c 3f c8 00 00 00 00 00 00 00 00 00 00 00 00 00 
00 00 01 00 00 00 7e 00 00 00 20 e2 18 00 01 00 
03 00 00 00 00 00 00 00 00 00 00 00 00 00 00 00 
00 00 00 00 07 02 02 04 00 00 00 00 01 01 01 01 
00 00 00 00 00 00 06 00 00 00 00 00 00 00 00 00 
00 00 00 00 00 00 00 00 00 00 e1 a2 02 00 00 00 
00 00 00 00 00 00 05 05 00 00 00 00 00 00 00 00 
00 00 00 00 00 00 00 00 00 00 00 00 00 00 00 00 
00 00 00 00 00 00 00 00 00 00 00 00 00 00 00 00 
===========================================
