===== REPORT RAW CHUNK DUMP (208 bytes) =====
08 25 c0 00 02 15 00 96 5d cf 24 81 00 00 00 00 
75 18 1a 05 00 00 00 00 7c 00 4f 00 59 00 5d 00 
58 00 0f 00 0d 00 c2 41 ac 41 c8 41 94 41 2b 3b 
a6 3c 5e 3f cb 0c c3 00 c3 00 c3 00 01 00 24 46 
16 47 75 46 0a 46 0a 46 3f 46 31 05 d8 05 1e 06 
c5 05 e3 00 c9 00 01 01 01 00 9e 02 a9 02 9d 02 
99 02 9d 02 9b 02 78 2f 15 b6 01 00 00 00 92 00 
00 00 a7 fd 31 00 01 00 16 00 31 00 00 00 07 01 
01 03 03 03 04 00 01 01 01 01 01 01 01 00 06 00 
00 00 b8 a2 02 00 00 00 00 00 00 00 00 00 00 00 
00 00 00 00 00 00 00 00 00 00 00 00 00 00 00 00 
00 00 00 00 00 00 00 00 00 00 00 00 00 00 00 00 
00 00 00 00 00 00 00 00 00 00 00 00 00 00 00 00 
===========================================
