===== REPORT RAW CHUNK DUMP (208 bytes) =====
08 25 c0 00 02 15 00 67 8e ba f0 8d 00 00 00 00 
75 18 14 05 00 00 00 00 bc 00 33 00 3b 00 10 00 
03 00 06 00 00 00 f8 ff fb ff 19 00 fa 01 12 00 
09 00 12 00 00 00 00 00 00 00 00 00 19 3f 28 3f 
13 01 13 01 22 3f 00 00 00 00 00 00 00 00 01 01 
00 00 01 01 00 00 01 01 01 00 00 00 00 00 c3 00 
c1 00 00 01 00 00 a7 00 00 00 ce 28 03 00 01 03 
03 00 01 00 00 00 00 00 00 00 00 00 00 00 00 00 
00 00 00 00 00 00 00 00 00 00 00 00 00 00 24 3f 
94 ff 3a ff 22 3f 00 00 00 00 07 02 02 01 04 06 
00 00 01 01 01 01 01 01 00 00 00 00 00 00 06 00 
00 00 00 00 00 00 04 00 00 00 00 00 00 00 29 00 
00 00 eb a2 02 00 00 00 00 00 2b 01 00 00 05 05 
===========================================
