===== REPORT RAW CHUNK DUMP (208 bytes) =====
08 25 c0 00 02 15 00 7f 53 f5 e8 a2 00 00 00 00 
75 18 14 05 00 00 00 00 bc 00 36 00 3b 00 10 00 
03 00 09 00 03 00 fb ff fb ff 1f 00 f7 01 12 00 
0c 00 12 00 00 00 00 00 00 00 00 00 80 3e 8f 3e 
04 01 13 01 89 3e 00 00 00 00 00 00 00 00 01 01 
00 00 01 01 00 00 01 01 01 00 00 00 00 00 f2 00 
f2 00 00 01 00 00 a7 00 00 00 fe f0 1a 00 01 03 
03 00 01 00 00 00 00 00 00 00 00 00 00 00 00 00 
00 00 00 00 00 00 00 00 00 00 00 00 00 00 8c 3e 
95 ff 36 ff 95 3e 00 00 00 00 07 02 02 01 04 06 
00 00 01 01 01 01 01 01 00 00 00 00 00 00 06 00 
00 00 00 00 00 00 04 00 00 00 00 00 00 00 29 00 
00 00 ec a2 02 00 00 00 00 00 2c 01 00 00 05 05 
===========================================
