===== REPORT RAW CHUNK DUMP (208 bytes) =====
08 25 c0 00 02 15 00 84 a1 7b e2 95 00 00 00 00 
75 18 1a 05 00 00 00 00 7c 00 0a 00 13 00 10 00 
15 00 11 00 14 00 f9 00 06 01 f8 00 21 01 3d 01 
23 01 01 3f cb 0c d9 00 d8 00 da 00 01 00 0a 46 
75 46 e1 46 3f 46 3f 46 3f 46 02 00 04 00 03 00 
06 00 05 00 05 00 01 01 01 00 99 02 9f 02 a3 02 
9d 02 9d 02 9d 02 78 2f 15 b6 01 00 00 00 92 00 
00 00 21 3f 20 00 01 00 16 00 31 00 00 00 07 01 
01 03 03 03 04 00 01 01 01 01 01 01 01 00 06 00 
00 00 cc a2 02 00 00 00 00 00 00 00 00 00 00 00 
00 00 00 00 00 00 00 00 00 00 00 00 00 00 00 00 
00 00 00 00 00 00 00 00 00 00 00 00 00 00 00 00 
00 00 00 00 00 00 00 00 00 00 00 00 00 00 00 00 
===========================================
