===== REPORT RAW CHUNK DUMP (208 bytes) =====
08 25 c0 00 02 15 00 41 60 6d 2a ef 00 00 00 00 
75 18 14 05 2c f8 ff ff bc 00 39 00 3b 00 13 00 
03 00 06 00 00 00 f8 ff fb ff 1c 00 fd 01 12 00 
0c 00 12 00 00 00 00 00 00 00 00 00 19 3f 19 3f 
13 01 13 01 22 3f 00 00 00 00 00 00 00 00 01 01 
00 00 01 01 00 00 01 01 01 00 00 00 00 00 fc 00 
fa 00 00 01 00 00 a4 00 00 00 a1 a3 02 00 01 03 
03 00 01 00 00 00 00 00 00 00 00 00 00 00 00 00 
00 00 00 00 00 00 00 00 00 00 00 00 00 00 24 3f 
94 ff 38 ff 2d 3f 00 00 00 00 07 02 02 01 04 06 
00 00 01 01 01 01 01 01 00 00 00 00 00 00 05 00 
00 00 00 00 00 00 03 00 00 00 00 00 00 00 29 00 
00 00 26 e9 01 00 00 00 00 00 29 01 00 00 05 05 
===========================================
