===== REPORT RAW CHUNK DUMP (208 bytes) =====
08 25 c0 00 02 15 00 64 43 29 46 30 00 00 00 00 
75 18 14 05 00 00 00 00 bc 00 33 00 3b 00 10 00 
03 00 06 00 03 00 f8 ff fb ff 19 00 0b 02 12 00 
09 00 12 00 00 00 00 00 00 00 00 00 84 3f 84 3f 
13 01 13 01 7e 3f 00 00 00 00 00 00 00 00 01 01 
00 00 01 01 00 00 01 01 01 00 00 00 00 00 b6 00 
b4 00 00 01 00 00 a6 00 00 00 d9 e4 09 00 01 00 
03 00 01 00 00 00 00 00 00 00 00 00 00 00 00 00 
00 00 00 00 00 00 00 00 00 00 00 00 00 00 80 3f 
95 ff b6 01 7b 3f 00 00 00 00 07 02 02 01 04 06 
00 00 01 01 01 01 01 01 00 00 00 00 00 00 06 00 
00 00 00 00 00 00 03 00 00 00 00 00 00 00 29 00 
00 00 93 f4 01 00 00 00 00 00 2a 01 00 00 05 05 
===========================================
