===== REPORT RAW CHUNK DUMP (208 bytes) =====
08 25 c0 00 02 15 00 96 46 8f 16 b2 00 00 00 00 
75 18 14 05 00 00 00 00 bc 00 33 00 3b 00 0d 00 
00 00 06 00 03 00 f8 ff f8 ff 1f 00 fa 01 12 00 
09 00 12 00 00 00 00 00 00 00 00 00 84 3f 75 3f 
04 01 13 01 6f 3f 00 00 00 00 00 00 00 00 01 01 
00 00 01 01 00 00 01 01 01 00 00 00 00 00 ac 00 
aa 00 00 01 00 00 a7 00 00 00 78 e6 31 00 01 03 
03 00 01 00 00 00 00 00 00 00 00 00 00 00 00 00 
00 00 00 00 00 00 00 00 00 00 00 00 00 00 71 3f 
95 ff 69 01 74 3f 00 00 00 00 07 02 02 01 04 06 
00 00 01 01 01 01 01 01 00 00 00 00 00 00 06 00 
00 00 00 00 00 00 04 00 00 00 00 00 00 00 29 00 
00 00 69 0b 02 00 00 00 00 00 2a 01 00 00 05 05 
===========================================
