===== REPORT RAW CHUNK DUMP (208 bytes) =====
08 25 c0 00 02 15 00 44 8a 13 33 08 00 00 00 00 
75 18 1a 05 00 00 00 00 7c 00 2c 00 37 00 30 00 
2b 00 0e 00 0c 00 a6 41 9e 41 90 41 79 41 5d 38 
d4 39 3f 3f cb 0c cf 00 d0 00 d0 00 01 b6 df 48 
9e 45 33 45 e3 42 75 46 0a 46 e3 02 9b 03 25 03 
d0 02 ca 00 b1 00 01 01 01 00 b8 02 93 02 97 02 
7b 02 99 02 97 02 00 00 00 00 01 00 00 00 8e 00 
00 00 a8 cd 05 00 01 00 16 00 31 00 00 00 07 01 
01 03 03 03 04 00 01 01 01 01 01 01 01 00 05 00 
00 00 7b a2 02 00 00 00 00 00 00 00 00 00 00 00 
00 00 00 00 00 00 00 00 00 00 00 00 00 00 00 00 
00 00 00 00 00 00 00 00 00 00 00 00 00 00 00 00 
00 00 00 00 00 00 00 00 00 00 00 00 00 00 00 00 
===========================================
