===== REPORT RAW CHUNK DUMP (208 bytes) =====
08 25 c0 00 02 15 00 4b 29 98 0a 72 00 00 00 00 
75 18 1a 05 00 00 00 00 7c 00 91 00 99 00 42 00 
41 00 0e 00 0c 00 37 41 22 41 22 41 ef 40 6e 3d 
53 3c a3 3e cb 0c b9 00 bb 00 bb 00 01 00 f0 43 
74 48 f0 43 19 43 0a 46 e1 46 74 09 f7 09 4c 04 
38 04 dc 00 b9 00 01 01 01 00 87 02 b2 02 8b 02 
7f 02 95 02 a3 02 78 2f 12 b6 01 00 00 00 8e 00 
00 00 07 6e 0c 00 01 00 16 00 31 00 00 00 07 01 
01 03 03 03 04 00 01 01 01 01 01 01 01 00 05 00 
00 00 0c 22 02 00 00 00 00 00 00 00 00 00 00 00 
00 00 00 00 00 00 00 00 00 00 00 00 00 00 00 00 
00 00 00 00 00 00 00 00 00 00 00 00 00 00 00 00 
00 00 00 00 00 00 00 00 00 00 00 00 00 00 00 00 
===========================================
