===== REPORT RAW CHUNK DUMP (208 bytes) =====
08 25 c0 00 02 15 00 8f 25 40 02 87 00 00 00 00 
75 18 1a 05 92 ff ff ff 7c 00 0a 00 13 00 10 00 
15 00 10 00 14 00 84 01 75 01 75 01 74 01 90 01 
84 01 5e 3f cb 0c b9 00 b7 00 b8 00 01 00 75 46 
3f 46 0a 46 0a 46 d4 45 3f 46 03 00 07 00 05 00 
07 00 06 00 07 00 01 01 01 00 9d 02 9f 02 9b 02 
97 02 9b 02 9b 02 78 2f 15 b6 01 00 00 00 92 00 
00 00 2e c4 2a 00 01 00 16 00 31 00 00 00 07 01 
01 03 03 03 04 00 01 01 01 01 01 01 01 00 06 00 
00 00 cd a2 02 00 00 00 00 00 00 00 00 00 00 00 
00 00 00 00 00 00 00 00 00 00 00 00 00 00 00 00 
00 00 00 00 00 00 00 00 00 00 00 00 00 00 00 00 
00 00 00 00 00 00 00 00 00 00 00 00 00 00 00 00 
===========================================
