===== REPORT RAW CHUNK DUMP (208 bytes) =====
08 25 c0 00 02 15 00 85 23 1b 86 5e 00 00 00 00 
75 18 1a 05 00 00 00 00 7c 00 31 00 3b 00 41 00 
3d 00 0f 00 0d 00 b4 41 9e 41 ac 41 94 41 63 39 
43 3a 3f 3f cb 0c d7 00 d7 00 d7 00 01 00 b8 47 
f0 43 08 48 d3 47 75 46 3f 46 38 03 df 03 44 04 
00 04 dc 00 c1 00 01 01 01 00 ad 02 87 02 ae 02 
ac 02 9f 02 9d 02 78 2f 15 b6 01 00 00 00 92 00 
00 00 d0 c0 20 00 01 00 16 00 31 00 00 00 07 01 
01 03 03 03 04 00 01 01 01 01 01 01 01 00 06 00 
00 00 cd a2 02 00 00 00 00 00 00 00 00 00 00 00 
00 00 00 00 00 00 00 00 00 00 00 00 00 00 00 00 
00 00 00 00 00 00 00 00 00 00 00 00 00 00 00 00 
00 00 00 00 00 00 00 00 00 00 00 00 00 00 00 00 
===========================================
