===== REPORT RAW CHUNK DUMP (208 bytes) =====
08 25 c0 00 02 15 00 7d ea b3 f0 88 00 00 00 00 
75 18 17 05 00 00 00 00 90 00 14 00 1a 00 17 00 
14 00 0c 00 15 00 0c 00 15 00 14 00 00 00 00 00 
00 00 00 00 46 04 00 00 00 00 00 00 00 00 cc 0c 
20 3f e6 00 00 00 00 00 00 00 00 00 00 00 00 00 
00 00 01 00 00 00 7e 00 00 00 8c 87 19 00 01 00 
03 00 00 00 00 00 00 00 00 00 00 00 00 00 00 00 
00 00 00 00 07 02 02 04 00 00 00 00 01 01 01 01 
00 00 00 00 00 00 06 00 00 00 00 00 00 00 00 00 
00 00 00 00 00 00 00 00 00 00 e1 a2 02 00 00 00 
00 00 00 00 00 00 05 05 00 00 00 00 00 00 00 00 
00 00 00 00 00 00 00 00 00 00 00 00 00 00 00 00 
00 00 00 00 00 00 00 00 00 00 00 00 00 00 00 00 
===========================================
