===== REPORT RAW CHUNK DUMP (208 bytes) =====
08 25 c0 00 02 15 00 77 60 1d 20 81 00 00 00 00 
75 18 1a 05 00 00 00 00 7c 00 0a 00 13 00 10 00 
14 00 10 00 14 00 eb 00 eb 00 eb 00 06 01 21 01 
07 01 01 3f cb 0c b1 00 b1 00 b2 00 01 00 68 45 
3f 46 3f 46 9e 45 75 46 9e 45 02 00 04 00 03 00 
05 00 04 00 05 00 01 01 01 00 97 02 9d 02 9d 02 
99 02 a1 02 99 02 78 2f 15 b6 01 00 00 00 92 00 
00 00 1f fc 12 00 01 00 16 00 31 00 00 00 07 01 
01 03 03 03 04 00 01 01 01 01 01 01 01 00 06 00 
00 00 f8 a2 02 00 00 00 00 00 00 00 00 00 00 00 
00 00 00 00 00 00 00 00 00 00 00 00 00 00 00 00 
00 00 00 00 00 00 00 00 00 00 00 00 00 00 00 00 
00 00 00 00 00 00 00 00 00 00 00 00 00 00 00 00 
===========================================
