===== REPORT RAW CHUNK DUMP (208 bytes) =====
08 25 c0 00 02 15 00 73 7c 7a 7a 81 00 00 00 00 
75 18 17 05 00 00 00 00 90 00 14 00 1a 00 1a 00 
17 00 0c 00 12 00 0f 00 15 00 14 00 00 00 00 00 
00 00 00 00 46 04 00 00 00 00 00 00 00 00 ce 0c 
f2 3e eb 00 00 00 00 00 00 00 00 00 00 00 00 00 
00 00 01 00 00 00 7e 00 00 00 03 18 0f 00 01 00 
03 00 00 00 00 00 00 00 00 00 00 00 00 00 00 00 
00 00 00 00 07 02 02 04 00 00 00 00 01 01 01 01 
00 00 00 00 00 00 06 00 00 00 00 00 00 00 00 00 
00 00 00 00 00 00 00 00 00 00 8e d2 01 00 00 00 
00 00 00 00 00 00 05 05 00 00 00 00 00 00 00 00 
00 00 00 00 00 00 00 00 00 00 00 00 00 00 00 00 
00 00 00 00 00 00 00 00 00 00 00 00 00 00 00 00 
===========================================
