===== REPORT RAW CHUNK DUMP (208 bytes) =====
08 25 c0 00 02 15 00 4b 2b cf c0 54 00 00 00 00 
75 18 14 05 00 00 00 00 bc 00 36 00 3b 00 13 00 
03 00 06 00 00 00 f8 ff f8 ff 19 00 19 02 15 00 
0c 00 15 00 00 00 00 00 00 00 00 00 75 3f 66 3f 
13 01 13 01 6f 3f 00 00 00 00 00 00 00 00 01 01 
00 00 01 01 00 00 01 01 01 00 00 00 00 00 fa 00 
f7 00 00 01 00 00 a4 00 00 00 45 70 0c 00 01 03 
03 00 01 00 00 00 00 00 00 00 00 00 00 00 00 00 
00 00 00 00 00 00 00 00 00 00 00 00 00 00 71 3f 
94 ff 70 03 70 3f 00 00 00 00 07 02 02 01 04 06 
00 00 01 01 01 01 01 01 00 00 00 00 00 00 05 00 
00 00 00 00 00 00 03 00 00 00 00 00 00 00 29 00 
00 00 d0 a2 02 00 00 00 00 00 2a 01 00 00 05 05 
===========================================
