===== REPORT RAW CHUNK DUMP (208 bytes) =====
08 25 c0 00 02 15 00 82 92 47 e8 72 00 00 00 00 
75 18 1a 05 00 00 00 00 7c 00 12 00 1d 00 23 00 
1e 00 0f 00 0d 00 8a 41 82 41 90 41 79 41 0b 38 
95 38 3f 3f cb 0c b6 00 b6 00 b7 00 01 00 3f 46 
ad 42 81 49 c7 44 d4 45 d4 45 2e 01 e6 01 4b 02 
f6 01 d7 00 bc 00 01 01 01 00 9d 02 7d 02 bc 02 
8f 02 99 02 99 02 78 2f 15 b6 01 00 00 00 92 00 
00 00 ab 2f 1e 00 01 00 16 00 31 00 00 00 07 01 
01 03 03 03 04 00 01 01 01 01 01 01 01 00 06 00 
00 00 f8 8c 02 00 00 00 00 00 00 00 00 00 00 00 
00 00 00 00 00 00 00 00 00 00 00 00 00 00 00 00 
00 00 00 00 00 00 00 00 00 00 00 00 00 00 00 00 
00 00 00 00 00 00 00 00 00 00 00 00 00 00 00 00 
===========================================
