===== REPORT RAW CHUNK DUMP (208 bytes) =====
08 25 c0 00 02 15 00 92 4d 68 90 8b 00 00 00 00 
75 18 14 05 00 00 00 00 bc 00 36 00 38 00 0d 00 
03 00 06 00 03 00 f8 ff fb ff 1c 00 fa 01 12 00 
09 00 12 00 00 00 00 00 00 00 00 00 eb 3e eb 3e 
04 01 13 01 e5 3e 00 00 00 00 00 00 00 00 01 01 
00 00 01 01 00 00 01 01 01 00 00 00 00 00 b6 00 
b5 00 00 01 00 00 a7 00 00 00 cf ec 2d 00 01 03 
03 00 01 00 00 00 00 00 00 00 00 00 00 00 00 00 
00 00 00 00 00 00 00 00 00 00 00 00 00 00 e7 3e 
95 ff ca ff e5 3e 00 00 00 00 07 02 02 01 04 06 
00 00 01 01 01 01 01 01 00 00 00 00 00 00 06 00 
00 00 00 00 00 00 04 00 00 00 00 00 00 00 29 00 
00 00 eb a2 02 00 00 00 00 00 2b 01 00 00 05 05 
===========================================
