===== REPORT RAW CHUNK DUMP (208 bytes) =====
08 25 c0 00 02 15 00 76 23 6c 46 81 00 00 00 00 
75 18 14 05 00 00 00 00 bc 00 33 00 38 00 10 00 
00 00 06 00 03 00 f8 ff fb ff 1f 00 f4 01 12 00 
09 00 12 00 00 00 00 00 00 00 00 00 19 3f 19 3f 
13 01 13 01 13 3f 00 00 00 00 00 00 00 00 01 01 
00 00 01 01 00 00 01 01 01 00 00 00 00 00 c5 00 
c3 00 00 01 00 00 a7 00 00 00 4f bf 11 00 01 03 
03 00 01 00 00 00 00 00 00 00 00 00 00 00 00 00 
00 00 00 00 00 00 00 00 00 00 00 00 00 00 15 3f 
95 ff 39 ff 18 3f 00 00 00 00 07 02 02 01 04 06 
00 00 01 01 01 01 01 01 00 00 00 00 00 00 06 00 
00 00 00 00 00 00 04 00 00 00 00 00 00 00 29 00 
00 00 ec a2 02 00 00 00 00 00 2c 01 00 00 05 05 
===========================================
