===== REPORT RAW CHUNK DUMP (208 bytes) =====
08 25 c0 00 02 15 00 73 ff 7a c2 96 00 00 00 00 
75 18 1a 05 00 00 00 00 7c 00 27 00 33 00 28 00 
23 00 0f 00 0d 00 d0 41 ba 41 ba 41 94 41 34 38 
ca 36 5e 3f cb 0c d4 00 d4 00 d4 00 01 00 b9 45 
31 47 ec 49 5a 46 0a 46 75 46 91 02 5a 03 a1 02 
4b 02 d7 00 b6 00 01 01 01 00 98 02 a6 02 c0 02 
9e 02 9b 02 9b 02 78 2f 15 b6 01 00 00 00 92 00 
00 00 10 9b 0f 00 01 00 16 00 31 00 00 00 07 01 
01 03 03 03 04 00 01 01 01 01 01 01 01 00 06 00 
00 00 2e 20 02 00 00 00 00 00 00 00 00 00 00 00 
00 00 00 00 00 00 00 00 00 00 00 00 00 00 00 00 
00 00 00 00 00 00 00 00 00 00 00 00 00 00 00 00 
00 00 00 00 00 00 00 00 00 00 00 00 00 00 00 00 
===========================================
