===== REPORT RAW CHUNK DUMP (208 bytes) =====
08 25 c0 00 02 15 00 5a 64 96 c4 01 00 00 00 00 
75 18 14 05 00 00 00 00 bc 00 33 00 38 00 10 00 
00 00 06 00 00 00 f8 ff f8 ff 1c 00 fa 01 12 00 
09 00 12 00 00 00 00 00 00 00 00 00 09 3f 0a 3f 
13 01 13 01 13 3f 00 00 00 00 00 00 00 00 01 01 
00 00 01 01 00 00 01 01 01 00 00 00 00 00 ac 00 
ab 00 00 01 00 00 a6 00 00 00 09 05 00 00 01 00 
03 00 01 00 00 00 00 00 00 00 00 00 00 00 00 00 
00 00 00 00 00 00 00 00 00 00 00 00 00 00 06 3f 
95 ff 39 ff 09 3f 00 00 00 00 07 02 02 01 04 06 
00 00 01 01 01 01 01 01 00 00 00 00 00 00 06 00 
00 00 00 00 00 00 03 00 00 00 00 00 00 00 29 00 
00 00 f8 a2 02 00 00 00 00 00 2c 01 00 00 05 05 
===========================================
