===== REPORT RAW CHUNK DUMP (208 bytes) =====
08 25 c0 00 02 15 00 7d 45 70 9c 98 00 00 00 00 
75 18 1a 05 00 00 00 00 7c 00 d4 01 d9 01 de 01 
e0 01 da 01 f3 01 d7 0a bf 0a f6 0a e2 0a fe 0a 
f5 0a 9d 3f cb 0c de 00 de 00 e1 00 01 00 21 0b 
21 0b 21 0b 21 0b 21 0b 21 0b 12 05 15 05 3d 05 
39 05 35 05 77 05 01 01 01 00 6b 00 6a 00 6c 00 
6c 00 6a 00 6b 00 78 2f 15 b6 01 00 00 00 92 00 
00 00 2e e2 18 00 01 00 16 00 31 00 00 00 07 01 
01 03 03 03 04 00 01 01 01 01 01 01 01 00 06 00 
00 00 cd a2 02 00 00 00 00 00 00 00 00 00 00 00 
00 00 00 00 00 00 00 00 00 00 00 00 00 00 00 00 
00 00 00 00 00 00 00 00 00 00 00 00 00 00 00 00 
00 00 00 00 00 00 00 00 00 00 00 00 00 00 00 00 
===========================================
