===== REPORT RAW CHUNK DUMP (208 bytes) =====
08 25 c0 00 02 15 00 6e c6 ea 9a 83 00 00 00 00 
75 18 1a 05 00 00 00 00 7c 00 76 00 82 00 70 00 
70 00 0e 00 0d 00 07 42 f1 41 ff 41 d9 41 d2 39 
26 38 7d 3f cb 0c d2 00 d2 00 d2 00 01 00 0a 46 
5c 44 ef 45 15 49 0a 46 9e 45 ca 07 92 08 64 07 
5f 07 cf 00 ba 00 01 01 01 00 9d 02 87 02 9a 02 
bc 02 9f 02 9d 02 78 2f 15 b6 01 00 00 00 92 00 
00 00 dd 61 0a 00 01 00 16 00 31 00 00 00 07 01 
01 03 03 03 04 00 01 01 01 01 01 01 01 00 06 00 
00 00 84 0d 02 00 00 00 00 00 00 00 00 00 00 00 
00 00 00 00 00 00 00 00 00 00 00 00 00 00 00 00 
00 00 00 00 00 00 00 00 00 00 00 00 00 00 00 00 
00 00 00 00 00 00 00 00 00 00 00 00 00 00 00 00 
===========================================
