===== REPORT RAW CHUNK DUMP (208 bytes) =====
08 25 c0 00 02 15 00 95 09 e9 8c 8b 00 00 00 00 
75 18 1a 05 00 00 00 00 7c 00 79 00 82 00 86 00 
7f 00 0e 00 0d 00 23 42 0d 42 1b 42 03 42 5c 3a 
b8 39 9d 3f cf 0c 98 00 9a 00 9a 00 01 00 23 48 
18 45 84 43 34 43 0a 46 3f 46 00 08 96 08 db 08 
62 08 d1 00 c0 00 01 01 01 00 a7 02 94 02 83 02 
80 02 9b 02 9b 02 78 2f 15 b6 01 00 00 00 92 00 
00 00 97 a9 30 00 01 00 16 00 31 00 00 00 07 01 
01 03 03 03 04 00 01 01 01 01 01 01 01 00 06 00 
00 00 b5 8c 02 00 00 00 00 00 00 00 00 00 00 00 
00 00 00 00 00 00 00 00 00 00 00 00 00 00 00 00 
00 00 00 00 00 00 00 00 00 00 00 00 00 00 00 00 
00 00 00 00 00 00 00 00 00 00 00 00 00 00 00 00 
===========================================
