===== REPORT RAW CHUNK DUMP (208 bytes) =====
08 25 c0 00 02 15 00 5f b1 5a 49 f2 00 00 00 00 
75 18 14 05 00 00 00 00 bc 00 36 00 3b 00 10 00 
03 00 06 00 00 00 f8 ff fb ff 19 00 17 02 12 00 
09 00 12 00 00 00 00 00 00 00 00 00 cc 3e cc 3e 
04 01 13 01 c7 3e 00 00 00 00 00 00 00 00 01 01 
00 00 01 01 00 00 01 01 01 00 00 00 00 00 eb 00 
e9 00 00 01 00 00 a6 00 00 00 76 52 05 00 01 00 
03 00 01 00 00 00 00 00 00 00 00 00 00 00 00 00 
00 00 00 00 00 00 00 00 00 00 00 00 00 00 d8 3e 
94 ff 32 ff d9 3e 00 00 00 00 07 02 02 01 04 06 
00 00 01 01 01 01 01 01 00 00 00 00 00 00 06 00 
00 00 00 00 00 00 03 00 00 00 00 00 00 00 29 00 
00 00 f6 a2 02 00 00 00 00 00 2b 01 00 00 05 05 
===========================================
