===== REPORT RAW CHUNK DUMP (208 bytes) =====
08 25 c0 00 02 15 00 60 5f db 88 13 00 00 00 00 
75 18 14 05 00 00 00 00 bc 00 36 00 3b 00 10 00 
03 00 09 00 03 00 f8 ff fb ff 19 00 19 02 12 00 
0c 00 12 00 00 00 00 00 00 00 00 00 28 3f 19 3f 
04 01 13 01 22 3f 00 00 00 00 00 00 00 00 01 01 
00 00 01 01 00 00 01 01 01 00 00 00 00 00 b9 00 
b6 00 00 01 00 00 a6 00 00 00 0d 01 06 00 01 00 
03 00 01 00 00 00 00 00 00 00 00 00 00 00 00 00 
00 00 00 00 00 00 00 00 00 00 00 00 00 00 24 3f 
8e ff e7 ff 21 3f 00 00 00 00 07 02 02 01 04 06 
00 00 01 01 01 01 01 01 00 00 00 00 00 00 06 00 
00 00 00 00 00 00 03 00 00 00 00 00 00 00 29 00 
00 00 bd 8c 02 00 00 00 00 00 2c 01 00 00 05 05 
===========================================
