===== REPORT RAW CHUNK DUMP (208 bytes) =====
08 25 c0 00 02 15 00 79 62 30 1a 8e 00 00 00 00 
75 18 1a 05 00 00 00 00 7c 00 58 00 61 00 68 00 
66 00 0f 00 0d 00 c2 41 ba 41 ac 41 79 41 7f 39 
51 3a 20 3f cb 0c b1 00 b2 00 b2 00 01 00 fc 46 
ec 49 76 44 ad 42 3f 46 e1 46 c9 05 60 06 d4 06 
ad 06 dc 00 c2 00 01 01 01 00 a4 02 be 02 8a 02 
79 02 9f 02 a3 02 78 2f 15 b6 01 00 00 00 92 00 
00 00 71 fe 14 00 01 00 16 00 31 00 00 00 07 01 
01 03 03 03 04 00 01 01 01 01 01 01 01 00 06 00 
00 00 cc a2 02 00 00 00 00 00 00 00 00 00 00 00 
00 00 00 00 00 00 00 00 00 00 00 00 00 00 00 00 
00 00 00 00 00 00 00 00 00 00 00 00 00 00 00 00 
00 00 00 00 00 00 00 00 00 00 00 00 00 00 00 00 
===========================================
