===== REPORT RAW CHUNK DUMP (208 bytes) =====
08 25 c0 00 02 15 00 83 e5 f0 dc 96 00 00 00 00 
75 18 1a 05 00 00 00 00 7c 00 68 00 6d 00 6d 00 
66 00 0f 00 0d 00 23 42 ff 41 0d 42 e7 41 da 38 
3b 39 9d 3f cf 0c 9b 00 9a 00 9b 00 01 00 15 49 
c7 44 08 48 9d 47 3f 46 3f 46 e0 06 31 07 33 07 
b8 06 da 00 be 00 01 01 01 00 b2 02 8f 02 aa 02 
a6 02 9d 02 9d 02 78 2f 15 b6 01 00 00 00 92 00 
00 00 7e 83 1f 00 01 00 16 00 31 00 00 00 07 01 
01 03 03 03 04 00 01 01 01 01 01 01 01 00 06 00 
00 00 c3 a2 02 00 00 00 00 00 00 00 00 00 00 00 
00 00 00 00 00 00 00 00 00 00 00 00 00 00 00 00 
00 00 00 00 00 00 00 00 00 00 00 00 00 00 00 00 
00 00 00 00 00 00 00 00 00 00 00 00 00 00 00 00 
===========================================
