===== REPORT RAW CHUNK DUMP (208 bytes) =====
08 25 c0 00 02 15 00 92 63 b5 e0 8f 00 00 00 00 
75 18 1a 05 00 00 00 00 7c 00 10 00 1b 00 1b 00 
17 00 0f 00 0c 00 61 41 4b 41 59 41 34 41 ea 3d 
1d 3e 01 3f cf 0c a7 00 a8 00 a9 00 01 00 3f 46 
08 48 4b 49 75 46 d4 45 ab 46 0b 01 c3 01 c3 01 
7f 01 ed 00 be 00 01 01 01 00 9d 02 ae 02 b8 02 
9f 02 9d 02 a1 02 78 2f 15 b6 01 00 00 00 92 00 
00 00 0d 03 2e 00 01 00 16 00 31 00 00 00 07 01 
01 03 03 03 04 00 01 01 01 01 01 01 01 00 06 00 
00 00 c2 a2 02 00 00 00 00 00 00 00 00 00 00 00 
00 00 00 00 00 00 00 00 00 00 00 00 00 00 00 00 
00 00 00 00 00 00 00 00 00 00 00 00 00 00 00 00 
00 00 00 00 00 00 00 00 00 00 00 00 00 00 00 00 
===========================================
