===== REPORT RAW CHUNK DUMP (208 bytes) =====
08 25 c0 00 02 15 00 7d ea a9 9c 94 00 00 00 00 
75 18 14 05 00 00 00 00 bc 00 36 00 38 00 10 00 
00 00 06 00 00 00 f8 ff fb ff 1f 00 f7 01 12 00 
09 00 12 00 00 00 00 00 00 00 00 00 19 3f 28 3f 
04 01 13 01 22 3f 00 00 00 00 00 00 00 00 01 01 
00 00 01 01 00 00 01 01 01 00 00 00 00 00 d7 00 
d6 00 00 01 00 00 a7 00 00 00 85 87 19 00 01 03 
03 00 01 00 00 00 00 00 00 00 00 00 00 00 00 00 
00 00 00 00 00 00 00 00 00 00 00 00 00 00 15 3f 
95 ff 38 ff 27 3f 00 00 00 00 07 02 02 01 04 06 
00 00 01 01 01 01 01 01 00 00 00 00 00 00 06 00 
00 00 00 00 00 00 04 00 00 00 00 00 00 00 29 00 
00 00 ec a2 02 00 00 00 00 00 2a 01 00 00 05 05 
===========================================
