===== REPORT RAW CHUNK DUMP (208 bytes) =====
08 25 c0 00 02 15 00 96 5d 5d 66 9d 00 00 00 00 
75 18 1a 05 00 00 00 00 7c 00 8d 00 95 00 a0 00 
9c 00 0f 00 0c 00 ec 41 e3 41 e3 41 cc 41 e3 3e 
8e 40 5e 3f cb 0c bb 00 bb 00 bc 00 01 00 74 48 
75 46 5a 46 e3 42 d4 45 d4 45 4b 09 d1 09 8a 0a 
43 0a f1 00 c6 00 01 01 01 00 b2 02 9f 02 9e 02 
7d 02 99 02 99 02 78 2f 15 b6 01 00 00 00 92 00 
00 00 36 fd 31 00 01 00 16 00 31 00 00 00 07 01 
01 03 03 03 04 00 01 01 01 01 01 01 01 00 06 00 
00 00 82 8c 02 00 00 00 00 00 00 00 00 00 00 00 
00 00 00 00 00 00 00 00 00 00 00 00 00 00 00 00 
00 00 00 00 00 00 00 00 00 00 00 00 00 00 00 00 
00 00 00 00 00 00 00 00 00 00 00 00 00 00 00 00 
===========================================
