===== REPORT RAW CHUNK DUMP (208 bytes) =====
08 25 c0 00 02 15 00 7f 53 8e 8c 99 00 00 00 00 
75 18 14 05 00 00 00 00 bc 00 36 00 3b 00 10 00 
03 00 06 00 00 00 f8 ff f8 ff 1c 00 f7 01 12 00 
09 00 12 00 00 00 00 00 00 00 00 00 8f 3e 8f 3e 
04 01 22 01 89 3e 00 00 00 00 00 00 00 00 01 01 
00 00 01 01 00 00 01 01 01 00 00 00 00 00 f5 00 
f5 00 00 01 00 00 a7 00 00 00 97 f0 1a 00 01 03 
03 00 01 00 00 00 00 00 00 00 00 00 00 00 00 00 
00 00 00 00 00 00 00 00 00 00 00 00 00 00 9b 3e 
94 ff 35 ff 9d 3e 00 00 00 00 07 02 02 01 04 06 
00 00 01 01 01 01 01 01 00 00 00 00 00 00 06 00 
00 00 00 00 00 00 04 00 00 00 00 00 00 00 29 00 
00 00 fa 8e 02 00 00 00 00 00 2b 01 00 00 05 05 
===========================================
