===== REPORT RAW CHUNK DUMP (208 bytes) =====
08 25 c0 00 02 15 00 44 89 63 8e f9 00 00 00 00 
75 18 1a 05 00 00 00 00 7c 00 66 00 6f 00 6f 00 
6b 00 0e 00 0c 00 ec 41 d5 41 d5 41 be 41 3f 3c 
17 3f 5e 3f cb 0c c3 00 c3 00 c4 00 01 b6 26 44 
3f 46 b6 49 e3 42 0a 46 0a 46 b9 06 4e 07 4e 07 
08 07 d7 00 c1 00 01 01 01 00 89 02 9d 02 be 02 
81 02 9b 02 9d 02 00 00 00 00 01 00 00 00 8e 00 
00 00 f9 cc 05 00 01 00 16 00 31 00 00 00 07 01 
01 03 03 03 04 00 01 01 01 01 01 01 01 00 05 00 
00 00 17 22 02 00 00 00 00 00 00 00 00 00 00 00 
00 00 00 00 00 00 00 00 00 00 00 00 00 00 00 00 
00 00 00 00 00 00 00 00 00 00 00 00 00 00 00 00 
00 00 00 00 00 00 00 00 00 00 00 00 00 00 00 00 
===========================================
