42	45	45	31	30	31	32	08	1a	d5	
c2	00	c1	00	d4	8c	ff	a6	f6	03	
00	89	02	00	00	21	01	07	01	01	
00	00	00	20	01	00	00	00	00	00	
04	00	00	00	64	00	aa	00	01	01	
00	00	00	00	1d	01	1f	01	03	92	
ff	ed	75	07	00	00	05	00	77	5e	
00	00	00	00	00	00	18	00	42	ff	
6d	03	01	00	02	00	01	00	00	00	
00	00	03	00	03	00	03	00	03	00	
01	00	01	00	00	01	00	00	00	01	
00	00	06	00	00	00	ff	ff	fe	ff	
02	00	00	00	f6	00	36	00	36	00	
5e	00	36	00	44	00	02	fc	ff	00	
00	05	00	05	00	06	00	03	00	f7	
00	51	00	51	00	43	00	43	00	44	
00	02	a9	00	01	00	00	00	13	07	
07	3f	00	00	d4	41	d4	75	e7	fb	
29	3e	01	00	18	00	01	04	00	0a	
d7	a3	3b	00	00	00	80	29	5c	8f	
3c	03	03	03	03	03	03	