42	45	45	31	30	31	32	08	1a	c3	
c7	00	c1	00	d3	e1	32	e0	c7	23	
00	fb	13	00	00	21	01	ed	00	01	
00	00	00	32	01	00	00	00	00	00	
04	00	00	00	64	00	a9	00	01	01	
00	00	00	00	24	01	26	01	03	95	
ff	83	74	07	00	00	05	00	de	fa	
00	00	00	00	00	00	ab	ff	01	00	
9d	ff	00	00	01	00	00	00	00	00	
00	00	03	00	03	00	03	00	03	00	
00	00	00	00	00	00	00	00	00	01	
00	00	06	00	00	00	fe	ff	fe	ff	
02	00	00	00	15	01	28	00	28	00	
43	00	5f	00	28	00	02	fc	ff	00	
00	05	00	05	00	06	00	03	00	f7	
00	36	00	44	00	36	00	28	00	36	
00	02	a8	00	01	00	00	00	14	b3	
e9	3e	00	00	dc	41	7e	74	87	16	
d9	3d	01	00	18	00	01	04	00	0a	
d7	23	3b	0a	d7	a3	bb	cc	cc	4c	
3c	03	03	03	03	03	03	