42	45	45	31	30	31	32	08	1a	d6	
a1	00	c1	00	d3	7d	bf	b8	45	01	
00	0f	0f	00	00	21	01	c2	00	01	
00	00	00	2a	01	28	01	00	5c	03	
02	00	00	00	00	00	99	00	01	01	
00	00	00	00	1a	01	1d	01	03	90	
ff	64	70	07	00	00	00	00	f0	73	
01	00	2c	01	00	00	ab	ff	01	00	
9d	ff	00	00	01	00	00	00	00	00	
00	00	03	00	03	00	03	00	03	00	
00	00	00	00	00	00	00	00	00	01	
00	00	06	00	00	00	fe	ff	fe	ff	
02	00	00	00	f6	00	28	00	36	00	
28	00	44	00	5f	00	02	fc	ff	ff	
ff	05	00	05	00	05	00	03	00	f7	
00	36	00	36	00	28	00	43	00	51	
00	02	98	00	01	00	00	00	7d	5b	
9a	3e	00	00	d4	41	5e	70	d1	22	
db	3d	01	00	10	00	01	04	00	0a	
d7	23	3c	0a	d7	23	bb	8f	c2	75	
3c	03	03	03	03	03	03	