42	45	45	31	30	31	32	08	1a	ea	
df	00	c1	00	d4	b7	39	a6	f3	03	
00	a5	04	00	00	21	01	07	01	01	
00	00	00	20	01	00	00	00	00	00	
04	00	00	00	64	00	aa	00	01	01	
00	00	00	00	1a	01	1d	01	03	8f	
ff	67	72	07	00	00	05	00	42	34	
00	00	00	00	00	00	15	00	42	ff	
73	01	01	00	02	00	01	00	00	00	
00	00	03	00	03	00	03	00	03	00	
01	00	01	00	00	01	00	00	00	01	
00	00	06	00	00	00	ff	ff	fe	ff	
02	00	00	00	f6	00	36	00	36	00	
5e	00	36	00	36	00	02	fc	ff	00	
00	06	00	05	00	06	00	03	00	f7	
00	51	00	51	00	43	00	43	00	44	
00	02	a9	00	01	00	00	00	13	07	
c3	3e	00	00	d4	41	5c	72	42	60	
e5	3d	01	00	18	00	01	04	00	0a	
d7	23	bb	0a	d7	23	bb	cc	cc	4c	
3c	03	03	03	03	03	03	