42	45	45	31	30	31	32	08	1a	d3	
41	00	c1	00	d2	f6	ff	b8	36	01	
00	52	08	00	00	21	01	c2	00	01	
00	00	00	2a	01	28	01	00	5c	03	
02	00	00	00	00	00	99	00	01	01	
00	00	00	00	1a	01	1e	01	03	9a	
ff	cf	7b	07	00	00	00	00	c5	fa	
01	00	23	01	00	00	ab	ff	01	00	
9d	ff	00	00	01	00	00	00	00	00	
00	00	03	00	03	00	03	00	03	00	
00	00	00	00	00	00	00	00	00	01	
00	00	06	00	00	00	ff	ff	fe	ff	
02	00	00	00	f6	00	36	00	36	00	
36	00	44	00	5f	00	02	fc	ff	ff	
ff	05	00	05	00	06	00	03	00	f7	
00	36	00	36	00	28	00	36	00	51	
00	02	98	00	01	00	00	00	88	af	
3c	3f	00	00	d4	41	d0	7b	17	d9	
ce	3d	01	00	10	00	01	04	00	0a	
d7	a3	3b	0a	d7	23	bb	cc	cc	4c	
3c	03	03	03	03	03	03	