42	45	45	31	30	31	32	08	1a	c8	
16	00	c1	00	d4	71	a7	a9	6a	03	
00	2a	01	00	00	21	01	07	01	01	
00	00	00	24	01	00	00	00	00	00	
04	00	00	00	64	00	aa	00	01	01	
00	00	00	00	1f	01	22	01	03	96	
ff	d4	78	07	00	00	05	00	e6	79	
00	00	00	00	00	00	1f	00	42	ff	
5d	03	01	00	02	00	01	00	00	00	
00	00	03	00	03	00	03	00	03	00	
01	00	01	00	00	01	00	00	00	01	
00	00	06	00	00	00	fe	ff	fe	ff	
01	00	00	00	f6	00	36	00	28	00	
5e	00	36	00	36	00	02	fc	ff	ff	
ff	05	00	05	00	06	00	03	00	f7	
00	51	00	44	00	43	00	43	00	44	
00	02	a9	00	01	00	00	00	7c	b9	
1e	3f	00	00	dc	41	c0	78	2f	dd	
24	3e	01	00	18	00	01	00	00	0a	
d7	a3	3b	0a	d7	23	bb	cc	cc	4c	
3c	03	03	03	03	03	03	