42	45	45	31	30	31	32	08	1a	c3	
2b	00	c1	00	d4	e7	d1	a8	f9	03	
00	14	07	00	00	21	01	07	01	01	
00	00	00	26	01	00	00	00	00	00	
00	00	00	00	00	00	00	00	00	00	
00	00	00	00	00	00	00	00	00	00	
00	00	00	00	00	00	00	00	00	00	
00	00	00	00	00	00	1b	00	42	ff	
55	03	01	00	02	00	01	00	00	00	
00	00	03	00	03	00	03	00	03	00	
01	00	01	00	00	01	00	00	00	01	
00	00	06	00	00	00	fe	ff	fe	ff	
02	00	00	00	05	01	43	00	43	00	
6c	00	44	00	51	00	02	fc	ff	00	
00	06	00	05	00	06	00	03	00	f7	
00	5f	00	5f	00	51	00	43	00	51	
00	02	a9	00	01	00	00	00	fa	9e	
36	3f	00	00	e4	41	53	7c	29	5c	
8f	bd	01	00	18	00	01	00	00	8f	
c2	f5	3b	0a	d7	23	bb	8f	c2	75	
3c	03	03	03	03	03	03	