42	45	45	31	30	31	32	08	1a	c8	
8e	00	c1	00	0f	5f	33	2b	91	08	
00	3a	01	00	00	21	01	04	01	01	
00	00	00	2a	01	00	00	00	00	00	
00	00	00	00	00	00	00	00	00	00	
00	00	00	00	00	00	00	00	00	00	
00	00	00	00	00	00	00	00	00	00	
00	00	00	00	00	00	19	00	41	ff	
55	03	01	00	4a	00	01	00	00	00	
00	00	03	00	03	00	03	00	03	00	
01	00	01	00	01	01	00	00	00	01	
00	00	06	00	00	00	fe	ff	fe	ff	
02	00	00	00	f6	00	36	00	36	00	
6c	00	44	00	44	00	02	fc	ff	ff	
ff	06	00	05	00	06	00	03	00	07	
01	5f	00	5f	00	51	00	51	00	51	
00	02	a9	00	01	00	00	00	a6	0d	
31	3f	00	00	e8	41	0c	7c	0a	d7	
23	be	01	00	18	00	01	00	00	00	
00	00	00	00	00	00	80	29	5c	8f	
3c	03	03	03	03	03	03	