42	45	45	31	30	31	32	08	1a	c3	
2a	00	c1	00	d4	60	0d	0e	86	09	
00	c5	01	00	00	21	01	05	01	01	
00	00	00	29	01	00	00	00	00	00	
04	00	00	00	64	00	aa	00	01	01	
00	00	00	00	27	01	29	01	03	87	
ff	2f	7b	07	00	00	05	00	05	94	
00	00	00	00	00	00	1b	00	42	ff	
61	01	01	00	02	00	01	00	00	00	
00	00	03	00	03	00	03	00	03	00	
01	00	01	00	00	01	00	00	00	01	
00	00	06	00	00	00	ff	ff	fe	ff	
02	00	00	00	05	01	43	00	43	00	
5e	00	44	00	44	00	02	fc	ff	00	
00	06	00	05	00	06	00	03	00	07	
01	51	00	51	00	43	00	43	00	44	
00	02	a9	00	01	00	00	00	e7	2b	
30	3f	00	00	e2	41	1f	7b	52	b8	
1e	3e	01	00	18	00	01	00	00	0a	
d7	a3	3b	0a	d7	23	bb	29	5c	8f	
3c	03	03	03	03	03	03	