42	45	45	31	30	31	32	08	1a	d1	
cd	00	c1	00	d2	f4	17	b8	43	01	
00	2e	08	00	00	21	01	c2	00	01	
00	00	00	2a	01	28	01	00	5c	03	
02	00	00	00	00	00	99	00	01	01	
00	00	00	00	1d	01	1f	01	03	9a	
ff	12	7c	07	00	00	00	00	95	fd	
01	00	23	01	00	00	ab	ff	01	00	
9d	ff	00	00	01	00	00	00	00	00	
00	00	03	00	03	00	03	00	03	00	
00	00	00	00	00	00	00	00	00	01	
00	00	06	00	00	00	fe	ff	fe	ff	
02	00	00	00	f6	00	43	00	43	00	
43	00	51	00	6d	00	02	fc	ff	ff	
ff	05	00	05	00	06	00	03	00	f7	
00	36	00	36	00	36	00	36	00	51	
00	02	98	00	01	00	00	00	85	99	
3e	3f	00	00	d4	41	17	7c	35	5e	
ba	3d	01	00	10	00	01	04	00	8f	
c2	f5	3b	0a	d7	23	bb	8f	c2	75	
3c	03	03	03	03	03	03	