42	45	45	31	30	31	32	08	1a	fa	
b3	00	c1	00	d4	d6	e1	a7	09	03	
00	3a	06	00	00	21	01	07	01	01	
00	00	00	23	01	00	00	00	00	00	
00	00	00	00	00	00	00	00	00	00	
00	00	00	00	00	00	00	00	00	00	
00	00	00	00	00	00	00	00	00	00	
00	00	00	00	00	00	17	00	42	ff	
54	03	01	00	02	00	01	00	00	00	
00	00	03	00	03	00	03	00	03	00	
01	00	01	00	00	01	00	00	00	01	
00	00	06	00	00	00	fe	ff	fe	ff	
02	00	00	00	f6	00	36	00	36	00	
5e	00	36	00	36	00	02	fc	ff	ff	
ff	06	00	05	00	06	00	03	00	f7	
00	51	00	51	00	43	00	43	00	36	
00	02	a9	00	01	00	00	00	a2	b1	
b0	3e	00	00	ef	41	a8	75	ac	1c	
2a	c0	01	00	18	00	01	00	00	0a	
d7	a3	3b	0a	d7	a3	bb	cc	cc	4c	
3c	03	03	03	03	03	03	