42	45	45	31	30	31	32	08	1a	c7	
23	00	c1	00	d4	6f	c1	a7	06	03	
00	12	01	00	00	21	01	07	01	01	
00	00	00	23	01	00	00	00	00	00	
04	00	00	00	64	00	aa	00	01	01	
00	00	00	00	1f	01	23	01	03	96	
ff	17	79	07	00	00	05	00	c6	7b	
00	00	00	00	00	00	1f	00	42	ff	
59	03	01	00	02	00	01	00	00	00	
00	00	03	00	03	00	03	00	03	00	
01	00	01	00	00	01	00	00	00	01	
00	00	06	00	00	00	ff	ff	fe	ff	
01	00	00	00	f6	00	36	00	36	00	
5e	00	36	00	44	00	02	fc	ff	00	
00	05	00	05	00	06	00	03	00	f7	
00	51	00	51	00	43	00	43	00	44	
00	02	a9	00	01	00	00	00	fb	1e	
20	3f	00	00	dc	41	0f	79	60	e5	
d0	3d	01	00	18	00	01	00	00	0a	
d7	23	3c	00	00	00	80	cc	cc	4c	
3c	03	03	03	03	03	03	