42	45	45	31	30	31	32	08	1a	c0	
1b	00	c1	00	d4	f1	b4	e6	63	0a	
00	8e	07	00	00	21	01	11	01	00	
01	00	00	20	01	00	00	00	00	00	
04	00	00	00	02	00	ab	00	01	01	
00	00	00	00	27	01	29	01	03	97	
ff	45	7b	07	00	00	06	00	32	9b	
02	00	00	00	00	00	1b	00	42	ff	
62	01	01	00	02	00	01	00	00	00	
00	00	03	00	03	00	03	00	03	00	
01	00	01	00	00	01	00	00	00	01	
00	00	06	00	00	00	ff	ff	fe	ff	
02	00	00	00	f6	00	28	00	28	00	
5e	00	44	00	51	00	02	fc	ff	ff	
ff	06	00	05	00	06	00	03	00	d8	
00	36	00	28	00	36	00	43	00	44	
00	02	aa	00	01	00	00	00	26	4f	
38	3f	00	00	e2	41	3b	7b	0a	d7	
23	3e	01	00	18	00	01	04	00	cc	
cc	4c	3c	0a	d7	a3	bb	cc	cc	cc	
3c	03	03	03	03	03	03	