42	45	45	31	30	31	32	08	1a	f2	
81	00	c1	00	d3	35	7f	b8	35	01	
00	73	0b	00	00	21	01	c2	00	01	
00	00	00	27	01	28	01	00	5c	03	
02	00	00	00	00	00	99	00	01	01	
00	00	00	00	18	01	1b	01	03	96	
ff	10	76	07	00	00	00	00	29	bc	
01	00	23	01	00	00	ab	ff	01	00	
9d	ff	00	00	01	00	00	00	00	00	
00	00	03	00	03	00	03	00	03	00	
00	00	00	00	00	00	00	00	00	01	
00	00	06	00	00	00	fe	ff	fe	ff	
02	00	00	00	f6	00	36	00	36	00	
36	00	36	00	5f	00	02	fc	ff	ff	
ff	05	00	05	00	06	00	03	00	f7	
00	36	00	36	00	28	00	36	00	51	
00	02	98	00	01	00	00	00	e3	3c	
0b	3f	00	00	d2	41	0a	76	17	d9	
ce	3d	01	00	10	00	01	04	00	cc	
cc	4c	3c	00	00	00	80	0a	d7	23	
3c	03	03	03	03	03	03	