42	45	45	31	30	31	32	08	1a	f1	
a9	00	c1	00	d2	b3	cf	b8	30	01	
00	f6	04	00	00	21	01	c2	00	01	
00	00	00	2e	01	28	01	00	5c	03	
02	00	00	00	00	00	99	00	01	01	
00	00	00	00	22	01	26	01	03	99	
ff	9c	7a	07	00	00	00	00	f3	3d	
02	00	2c	01	00	00	ab	ff	01	00	
9d	ff	00	00	01	00	00	00	00	00	
00	00	03	00	03	00	03	00	03	00	
00	00	00	00	00	00	00	00	00	01	
00	00	06	00	00	00	fe	ff	fe	ff	
02	00	00	00	f6	00	36	00	43	00	
36	00	44	00	5f	00	02	fc	ff	ff	
ff	06	00	05	00	06	00	03	00	f7	
00	36	00	36	00	28	00	36	00	51	
00	02	98	00	01	00	00	00	07	2f	
1a	3f	00	00	f0	41	82	7a	00	00	
40	bf	01	00	10	00	01	04	00	8f	
c2	f5	3b	00	00	00	80	0a	d7	23	
3c	03	03	03	03	03	03	