42	45	45	31	30	31	32	08	1a	fe	
d7	00	c1	00	d4	df	29	a7	0a	03	
00	a5	06	00	00	21	01	07	01	01	
00	00	00	25	01	00	00	00	00	00	
04	00	00	00	64	00	aa	00	01	01	
00	00	00	00	27	01	28	01	03	97	
ff	73	7b	07	00	00	05	00	47	0c	
00	00	00	00	00	00	16	00	42	ff	
60	01	01	00	02	00	01	00	00	00	
00	00	03	00	03	00	03	00	03	00	
01	00	01	00	00	01	00	00	00	01	
00	00	06	00	00	00	ff	ff	fe	ff	
02	00	00	00	f6	00	36	00	36	00	
5e	00	36	00	44	00	02	fc	ff	00	
00	06	00	05	00	06	00	03	00	f7	
00	51	00	51	00	43	00	43	00	44	
00	02	a9	00	01	00	00	00	43	5f	
25	3f	00	00	f0	41	40	7b	25	06	
01	bf	01	00	18	00	01	04	00	0a	
d7	23	3b	0a	d7	23	bb	8f	c2	75	
3c	03	03	03	03	03	03	