42	45	45	31	30	31	32	08	1a	c0	
3c	00	c1	00	0f	4e	0b	3d	03	07	
00	5f	00	00	00	21	01	03	01	01	
00	00	00	26	01	00	00	00	00	00	
04	00	00	00	64	00	aa	00	01	01	
00	00	00	00	24	01	27	01	03	8f	
ff	1b	6e	07	00	00	05	00	4d	b0	
00	00	00	00	00	00	1b	00	42	ff	
50	01	01	00	02	00	01	00	00	00	
00	00	03	00	03	00	03	00	03	00	
01	00	01	00	00	01	00	00	00	01	
00	00	06	00	00	00	fe	ff	fe	ff	
01	00	00	00	f6	00	36	00	36	00	
5e	00	36	00	44	00	02	fc	ff	00	
00	06	00	05	00	06	00	03	00	f7	
00	51	00	51	00	43	00	43	00	44	
00	02	a9	00	01	00	00	00	59	d8	
5e	3e	00	00	de	41	11	6e	d1	22	
db	3d	01	00	18	00	01	04	00	0a	
d7	23	3b	0a	d7	a3	bb	29	5c	8f	
3c	03	03	03	03	03	03	