42	45	45	31	30	31	32	08	1a	c5	
4b	00	c1	00	0f	58	ad	2b	20	08	
00	e8	00	00	00	21	01	04	01	01	
00	00	00	29	01	00	00	00	00	00	
04	00	00	00	64	00	aa	00	01	01	
00	00	00	00	29	01	2d	01	03	98	
ff	2d	7b	07	00	00	05	00	75	a5	
00	00	00	00	00	00	18	00	42	ff	
56	01	01	00	02	00	01	00	00	00	
00	00	03	00	03	00	03	00	03	00	
01	00	01	00	00	01	00	00	00	01	
00	00	06	00	00	00	ff	ff	fe	ff	
02	00	00	00	f6	00	36	00	36	00	
6c	00	36	00	36	00	02	fc	ff	00	
00	06	00	05	00	06	00	03	00	07	
01	5f	00	5f	00	43	00	43	00	44	
00	02	a9	00	01	00	00	00	a6	2a	
20	3f	00	00	f8	41	fa	7a	73	68	
11	bf	01	00	18	00	01	00	00	0a	
d7	23	3b	0a	d7	23	bb	cc	cc	cc	
3c	03	03	03	03	03	03	