42	45	45	31	30	31	32	08	1a	fc	
ff	00	c1	00	d4	db	79	a7	80	03	
00	75	06	00	00	21	01	07	01	01	
00	00	00	24	01	00	00	00	00	00	
04	00	00	00	64	00	aa	00	01	01	
00	00	00	00	27	01	29	01	03	96	
ff	2f	7a	07	00	00	05	00	07	10	
00	00	00	00	00	00	16	00	41	ff	
88	03	01	00	02	00	01	00	00	00	
00	00	03	00	03	00	03	00	03	00	
01	00	01	00	00	01	00	00	00	01	
00	00	06	00	00	00	fe	ff	fe	ff	
02	00	00	00	f6	00	36	00	36	00	
6c	00	36	00	44	00	02	fc	ff	00	
00	06	00	05	00	06	00	03	00	f7	
00	51	00	51	00	43	00	43	00	44	
00	02	a9	00	01	00	00	00	8c	f9	
10	3f	00	00	fa	41	f2	79	29	5c	
8f	bf	01	00	18	00	01	04	00	00	
00	00	00	00	00	00	80	8f	c2	f5	
3b	03	03	03	03	03	03	