42	45	45	31	30	31	32	08	1a	e8	
e9	00	c1	00	d3	a2	4f	b8	54	01	
00	e3	10	00	00	21	01	c2	00	01	
00	00	00	2f	01	28	01	00	5c	03	
02	00	00	00	00	00	99	00	01	01	
00	00	00	00	24	01	26	01	03	9a	
ff	21	7c	07	00	00	00	00	5c	4f	
01	00	2c	01	00	00	ab	ff	01	00	
9d	ff	00	00	01	00	00	00	00	00	
00	00	03	00	03	00	03	00	03	00	
00	00	00	00	00	00	00	00	00	01	
00	00	06	00	00	00	fe	ff	fe	ff	
02	00	00	00	f6	00	43	00	43	00	
43	00	51	00	6d	00	02	fc	ff	00	
00	05	00	05	00	06	00	03	00	e8	
00	36	00	36	00	36	00	36	00	51	
00	02	98	00	01	00	00	00	b2	be	
32	3f	00	00	e4	41	17	7c	f4	fd	
54	be	01	00	10	00	01	04	00	0a	
d7	a3	3b	0a	d7	23	bb	cc	cc	4c	
3c	03	03	03	03	03	03	