42	45	45	31	30	31	32	08	1a	c0	
19	00	c1	00	d3	c4	f6	fa	49	20	
00	92	12	00	00	11	01	eb	00	01	
00	00	00	29	01	00	00	00	00	00	
04	00	00	00	64	00	a8	00	01	01	
00	00	00	00	29	01	2b	01	03	96	
ff	ec	76	07	00	00	05	00	8c	17	
01	00	00	00	00	00	ab	ff	01	00	
9d	ff	00	00	01	00	00	00	00	00	
00	00	03	00	03	00	03	00	03	00	
00	00	00	00	00	00	00	00	00	01	
00	00	06	00	00	00	fe	ff	fe	ff	
01	00	00	00	f6	00	36	00	36	00	
36	00	44	00	5f	00	02	fc	ff	00	
00	06	00	05	00	06	00	03	00	f7	
00	36	00	36	00	36	00	36	00	51	
00	02	a7	00	01	00	00	00	2f	88	
0b	3f	00	00	de	41	ef	76	17	d9	
ce	3d	01	00	18	00	01	04	00	8f	
c2	f5	3b	8f	c2	f5	bb	cc	cc	cc	
3c	03	03	03	03	03	03	