42	45	45	31	30	31	32	08	1a	fc	
34	00	c1	00	d3	48	e5	b8	44	01	
00	6a	0c	00	00	21	01	c2	00	01	
00	00	00	28	01	28	01	00	5c	03	
02	00	00	00	00	00	99	00	01	01	
00	00	00	00	18	01	1c	01	03	95	
ff	6c	74	07	00	00	00	00	d1	a8	
01	00	23	01	00	00	ab	ff	01	00	
9d	ff	00	00	01	00	00	00	00	00	
00	00	03	00	03	00	03	00	03	00	
00	00	00	00	00	00	00	00	00	01	
00	00	06	00	00	00	fe	ff	fe	ff	
02	00	00	00	f6	00	28	00	36	00	
36	00	44	00	5f	00	02	fc	ff	ff	
ff	05	00	05	00	06	00	03	00	07	
01	36	00	28	00	1b	00	28	00	51	
00	02	98	00	01	00	00	00	77	35	
f4	3e	00	00	d4	41	63	74	17	d9	
ce	3d	01	00	10	00	01	04	00	00	
00	00	00	0a	d7	a3	bb	cc	cc	4c	
3c	03	03	03	03	03	03	