42	45	45	31	30	31	32	08	1a	cb	
35	00	c1	00	d2	e6	e7	b8	53	01	
00	84	07	00	00	21	01	c2	00	01	
00	00	00	2b	01	28	01	00	5c	03	
02	00	00	00	00	00	99	00	01	01	
00	00	00	00	1d	01	20	01	03	9b	
ff	9e	7c	07	00	00	00	00	d5	0a	
02	00	23	01	00	00	ab	ff	01	00	
9d	ff	00	00	01	00	00	00	00	00	
00	00	03	00	03	00	03	00	03	00	
00	00	00	00	00	00	00	00	00	01	
00	00	06	00	00	00	fe	ff	fe	ff	
01	00	00	00	f6	00	43	00	43	00	
43	00	51	00	6d	00	02	fc	ff	ff	
ff	06	00	05	00	06	00	03	00	07	
01	43	00	44	00	43	00	43	00	6c	
00	02	98	00	01	00	00	00	55	e6	
3f	3f	00	00	d6	41	9b	7c	a6	9b	
c4	bb	01	00	10	00	01	04	00	0a	
d7	a3	3b	00	00	00	80	8f	c2	75	
3c	03	03	03	03	03	03	