42	45	45	31	30	31	32	08	1a	c0	
82	00	c1	00	d4	60	da	96	1e	02	
00	54	00	00	00	11	01	06	01	01	
00	00	00	28	01	00	00	00	00	00	
04	00	00	00	64	00	aa	00	01	01	
00	00	00	00	24	01	27	01	03	96	
ff	75	7a	07	00	00	05	00	04	8b	
00	00	00	00	00	00	1d	00	42	ff	
6b	01	01	00	02	00	01	00	00	00	
00	00	03	00	03	00	03	00	03	00	
01	00	01	00	00	01	00	00	00	01	
00	00	06	00	00	00	fe	ff	fe	ff	
02	00	00	00	f6	00	36	00	36	00	
5e	00	36	00	44	00	02	fc	ff	00	
00	06	00	05	00	06	00	03	00	f7	
00	5f	00	51	00	43	00	43	00	44	
00	02	a9	00	01	00	00	00	ce	6e	
2a	3f	00	00	de	41	6f	7a	60	e5	
d0	3d	01	00	18	00	01	04	00	0a	
d7	23	3b	0a	d7	23	bb	29	5c	8f	
3c	03	03	03	03	03	03	