42	45	45	31	30	31	32	08	1a	dc	
57	00	c1	00	d4	9a	29	a7	02	03	
00	31	03	00	00	21	01	07	01	01	
00	00	00	20	01	00	00	00	00	00	
04	00	00	00	64	00	aa	00	01	01	
00	00	00	00	1a	01	1e	01	03	92	
ff	c2	74	07	00	00	05	00	55	51	
00	00	00	00	00	00	17	00	42	ff	
8c	03	01	00	02	00	01	00	00	00	
00	00	03	00	03	00	03	00	03	00	
01	00	01	00	00	01	00	00	00	01	
00	00	06	00	00	00	fe	ff	fe	ff	
02	00	00	00	f6	00	36	00	36	00	
5e	00	36	00	36	00	02	fc	ff	00	
00	06	00	05	00	06	00	03	00	f7	
00	28	00	44	00	1b	00	43	00	44	
00	02	a9	00	01	00	00	00	e1	c5	
f6	3e	00	00	d4	41	b2	74	d1	22	
db	3d	01	00	18	00	01	04	00	0a	
d7	23	3b	0a	d7	23	bb	8f	c2	f5	
3b	03	03	03	03	03	03	