42	45	45	31	30	31	32	08	1a	c0	
6a	00	c1	00	d4	e2	4f	a9	08	03	
00	cd	06	00	00	21	01	07	01	01	
00	00	00	25	01	00	00	00	00	00	
04	00	00	00	64	00	aa	00	01	01	
00	00	00	00	24	01	27	01	03	95	
ff	f7	7b	07	00	00	05	00	1c	09	
00	00	00	00	00	00	1b	00	42	ff	
64	01	01	00	02	00	01	00	00	00	
00	00	03	00	03	00	03	00	03	00	
01	00	01	00	00	01	00	00	00	01	
00	00	06	00	00	00	ff	ff	fe	ff	
02	00	00	00	f6	00	36	00	36	00	
6c	00	36	00	44	00	02	fc	ff	ff	
ff	06	00	05	00	06	00	03	00	b9	
00	0d	00	1b	00	0d	00	00	00	00	
00	02	a9	00	01	00	00	00	33	b1	
2e	3f	00	00	ec	41	e0	7b	2d	b2	
9d	be	01	00	18	00	01	04	00	8f	
c2	f5	3b	8f	c2	f5	bb	cc	cc	4c	
3c	03	03	03	03	03	03	