42	45	45	31	30	31	32	08	1a	c2	
46	00	c1	00	0f	4a	b5	f3	f8	01	
00	39	00	00	00	21	01	fb	00	01	
00	00	00	2a	01	00	00	00	00	00	
04	00	00	00	64	00	aa	00	01	01	
00	00	00	00	27	01	2a	01	03	90	
ff	ac	6f	07	00	00	05	00	a5	bd	
00	00	00	00	00	00	17	00	42	ff	
5d	03	01	00	02	00	01	00	00	00	
00	00	03	00	03	00	03	00	03	00	
01	00	01	00	00	01	00	00	00	01	
00	00	06	00	00	00	fe	ff	fe	ff	
02	00	00	00	f6	00	36	00	36	00	
5e	00	36	00	44	00	02	fc	ff	00	
00	06	00	05	00	06	00	03	00	f7	
00	51	00	51	00	43	00	43	00	44	
00	02	a9	00	01	00	00	00	6f	b6	
85	3e	00	00	e2	41	94	6f	35	5e	
3a	3e	01	00	18	00	01	00	00	0a	
d7	a3	3b	0a	d7	a3	bb	0a	d7	a3	
3c	03	03	03	03	03	03	