42	45	45	31	30	31	32	08	1a	c8	
1b	00	c1	00	0f	5e	4d	2b	19	08	
00	30	01	00	00	21	01	04	01	01	
00	00	00	2a	01	00	00	00	00	00	
00	00	00	00	00	00	00	00	00	00	
00	00	00	00	00	00	00	00	00	00	
00	00	00	00	00	00	00	00	00	00	
00	00	00	00	00	00	19	00	42	ff	
5e	03	01	00	02	00	01	00	00	00	
00	00	03	00	03	00	03	00	03	00	
01	00	01	00	00	01	00	00	00	01	
00	00	06	00	00	00	fe	ff	ff	ff	
02	00	00	00	f6	00	36	00	36	00	
5e	00	44	00	44	00	02	fc	ff	ff	
ff	06	00	05	00	06	00	03	00	07	
01	5f	00	5f	00	51	00	51	00	51	
00	02	a9	00	01	00	00	00	57	bc	
2f	3f	00	00	ee	41	fb	7b	81	95	
43	be	01	00	18	00	01	00	00	8f	
c2	f5	3b	00	00	00	80	cc	cc	4c	
3c	03	03	03	03	03	03	