42	45	45	31	30	31	32	08	1a	de	
6b	00	c1	00	d4	9e	51	a7	08	03	
00	67	03	00	00	21	01	07	01	01	
00	00	00	20	01	00	00	00	00	00	
00	00	00	00	00	00	00	00	00	00	
00	00	00	00	00	00	00	00	00	00	
00	00	00	00	00	00	00	00	00	00	
00	00	00	00	00	00	18	00	42	ff	
57	03	01	00	02	00	01	00	00	00	
00	00	03	00	03	00	03	00	03	00	
01	00	01	00	00	01	00	00	00	01	
00	00	06	00	00	00	fe	ff	fe	ff	
02	00	00	00	f6	00	36	00	28	00	
5e	00	36	00	36	00	02	fc	ff	00	
00	06	00	05	00	06	00	03	00	f7	
00	51	00	51	00	43	00	43	00	36	
00	02	a9	00	01	00	00	00	6b	1c	
ef	3e	00	00	d4	41	49	74	e7	fb	
29	3e	01	00	18	00	01	04	00	0a	
d7	23	3c	00	00	00	80	0a	d7	23	
3c	03	03	03	03	03	03	