42	45	45	31	30	31	32	08	1a	dd	
cc	00	c1	00	d3	8c	15	b8	52	01	
00	c7	0f	00	00	21	01	c2	00	01	
00	00	00	2a	01	28	01	00	5c	03	
02	00	00	00	00	00	99	00	01	01	
00	00	00	00	1a	01	1e	01	03	90	
ff	20	6f	07	00	00	00	00	85	65	
01	00	23	01	00	00	ab	ff	01	00	
9d	ff	00	00	01	00	00	00	00	00	
00	00	03	00	03	00	03	00	03	00	
00	00	00	00	00	00	00	00	00	01	
00	00	06	00	00	00	ff	ff	fe	ff	
01	00	00	00	f6	00	36	00	36	00	
36	00	44	00	5f	00	02	fc	ff	ff	
ff	06	00	05	00	06	00	03	00	f7	
00	28	00	36	00	28	00	36	00	51	
00	02	98	00	01	00	00	00	6c	b1	
82	3e	00	00	d8	41	21	6f	42	60	
e5	3d	01	00	10	00	01	04	00	00	
00	00	00	0a	d7	a3	bb	8f	c2	75	
3c	03	03	03	03	03	03	