42	45	45	31	30	31	32	08	1a	d3	
65	00	c1	00	d3	77	47	b8	52	01	
00	bc	0e	00	00	21	01	c2	00	01	
00	00	00	2a	01	28	01	00	5c	03	
02	00	00	00	00	00	99	00	01	01	
00	00	00	00	1a	01	1d	01	03	90	
ff	e8	70	07	00	00	00	00	63	7a	
01	00	23	01	00	00	ab	ff	01	00	
9d	ff	00	00	01	00	00	00	00	00	
00	00	03	00	03	00	03	00	03	00	
00	00	00	00	00	00	00	00	00	01	
00	00	06	00	00	00	fe	ff	fe	ff	
01	00	00	00	e7	00	36	00	36	00	
36	00	44	00	51	00	02	fc	ff	00	
00	06	00	05	00	06	00	03	00	f7	
00	36	00	36	00	28	00	36	00	51	
00	02	98	00	01	00	00	00	e4	d8	
a4	3e	00	00	d4	41	e2	70	42	60	
e5	3d	01	00	10	00	01	04	00	0a	
d7	a3	3b	0a	d7	a3	bb	8f	c2	f5	
3b	03	03	03	03	03	03	