42	45	45	31	30	31	32	08	1a	c6	
77	00	c1	00	0f	54	f6	70	1d	05	
00	bb	00	00	00	21	01	f8	00	01	
00	00	00	26	01	00	00	00	00	00	
04	00	00	00	64	00	aa	00	01	01	
00	00	00	00	24	01	26	01	03	4e	
ff	36	71	07	00	00	05	00	96	d0	
00	00	00	00	00	00	17	00	42	ff	
4e	01	01	00	02	00	01	00	00	00	
00	00	03	00	03	00	03	00	03	00	
01	00	01	00	00	01	00	00	00	01	
00	00	06	00	00	00	fe	ff	fe	ff	
01	00	00	00	f6	00	36	00	36	00	
5e	00	36	00	36	00	02	fc	ff	00	
00	06	00	05	00	06	00	03	00	f7	
00	51	00	51	00	43	00	43	00	44	
00	02	a9	00	01	00	00	00	4e	9d	
a4	3e	00	00	dd	41	3a	71	d1	22	
db	3d	01	00	18	00	01	00	00	00	
00	00	00	cc	cc	4c	bc	8f	c2	75	
3c	03	03	03	03	03	03	