42	45	45	31	30	31	32	08	1a	e8	
0d	00	c1	00	d3	a0	97	b8	31	01	
00	ce	10	00	00	21	01	c2	00	01	
00	00	00	2e	01	28	01	00	5c	03	
02	00	00	00	00	00	99	00	01	01	
00	00	00	00	24	01	26	01	03	9b	
ff	f6	7b	07	00	00	00	00	00	51	
01	00	23	01	00	00	ab	ff	01	00	
9d	ff	00	00	01	00	00	00	00	00	
00	00	03	00	03	00	03	00	03	00	
00	00	00	00	00	00	00	00	00	01	
00	00	06	00	00	00	fe	ff	fe	ff	
02	00	00	00	f6	00	36	00	43	00	
43	00	51	00	6d	00	02	fc	ff	ff	
ff	06	00	05	00	06	00	03	00	f7	
00	36	00	36	00	36	00	36	00	51	
00	02	98	00	01	00	00	00	c2	cd	
2f	3f	00	00	ea	41	eb	7b	f2	d2	
8d	be	01	00	10	00	01	04	00	0a	
d7	a3	3b	8f	c2	f5	bb	8f	c2	75	
3c	03	03	03	03	03	03	