42	45	45	31	30	31	32	08	1a	c9	
47	00	c1	00	d4	74	09	a9	10	03	
00	4a	01	00	00	21	01	07	01	01	
00	00	00	23	01	00	00	00	00	00	
04	00	00	00	64	00	aa	00	01	01	
00	00	00	00	1f	01	22	01	03	94	
ff	70	78	07	00	00	05	00	70	77	
00	00	00	00	00	00	19	00	42	ff	
61	01	01	00	02	00	01	00	00	00	
00	00	03	00	03	00	03	00	03	00	
01	00	01	00	00	01	00	00	00	01	
00	00	06	00	00	00	ff	ff	fe	ff	
02	00	00	00	f6	00	36	00	28	00	
5e	00	36	00	44	00	02	fc	ff	00	
00	05	00	05	00	06	00	03	00	f7	
00	51	00	51	00	43	00	43	00	44	
00	02	a9	00	01	00	00	00	04	c3	
1c	3f	00	00	dc	41	56	78	0a	d7	
23	3e	01	00	18	00	01	00	00	8f	
c2	f5	3b	0a	d7	a3	bb	8f	c2	75	
3c	03	03	03	03	03	03	