42	45	45	31	30	31	32	08	1a	cd	
75	00	c1	00	d3	6b	67	b8	3b	01	
00	25	0e	00	00	21	01	c2	00	01	
00	00	00	29	01	28	01	00	5c	03	
02	00	00	00	00	00	99	00	01	01	
00	00	00	00	18	01	1c	01	03	92	
ff	d2	71	07	00	00	00	00	3b	86	
01	00	23	01	00	00	ab	ff	01	00	
9d	ff	00	00	01	00	00	00	00	00	
00	00	03	00	03	00	03	00	03	00	
00	00	00	00	00	00	00	00	00	01	
00	00	06	00	00	00	fe	ff	fe	ff	
01	00	00	00	f6	00	28	00	36	00	
36	00	44	00	5f	00	02	fc	ff	ff	
ff	05	00	05	00	06	00	03	00	f7	
00	28	00	36	00	28	00	36	00	51	
00	02	98	00	01	00	00	00	21	63	
b8	3e	00	00	d4	41	d0	71	d1	22	
db	3d	01	00	10	00	01	04	00	0a	
d7	a3	3b	00	00	00	80	cc	cc	4c	
3c	03	03	03	03	03	03	