42	45	45	31	30	31	32	08	1a	d6	
67	00	c1	00	d4	8e	49	a9	09	03	
00	9a	02	00	00	21	01	07	01	01	
00	00	00	20	01	00	00	00	00	00	
04	00	00	00	64	00	aa	00	01	01	
00	00	00	00	1d	01	1f	01	03	92	
ff	cf	75	07	00	00	05	00	2d	5d	
00	00	00	00	00	00	18	00	42	ff	
5c	03	01	00	02	00	01	00	00	00	
00	00	03	00	03	00	03	00	03	00	
01	00	01	00	00	01	00	00	00	01	
00	00	06	00	00	00	fe	ff	fe	ff	
02	00	00	00	f6	00	36	00	36	00	
5e	00	36	00	44	00	02	fc	ff	00	
00	06	00	05	00	06	00	03	00	f7	
00	51	00	51	00	43	00	43	00	44	
00	02	a9	00	01	00	00	00	66	df	
05	3f	00	00	d4	41	c3	75	42	60	
e5	3d	01	00	18	00	01	04	00	0a	
d7	23	3c	0a	d7	a3	bb	0a	d7	a3	
3c	03	03	03	03	03	03	