42	45	45	31	30	31	32	08	1a	f2	
e9	00	c1	00	d2	b6	4f	b8	57	01	
00	16	05	00	00	21	01	c2	00	01	
00	00	00	2d	01	28	01	00	5c	03	
02	00	00	00	00	00	99	00	01	01	
00	00	00	00	22	01	25	01	03	9a	
ff	47	7b	07	00	00	00	00	7d	3b	
02	00	23	01	00	00	ab	ff	01	00	
9d	ff	00	00	01	00	00	00	00	00	
00	00	03	00	03	00	03	00	03	00	
00	00	00	00	00	00	00	00	00	01	
00	00	06	00	00	00	fe	ff	fe	ff	
01	00	00	00	f6	00	36	00	36	00	
43	00	44	00	5f	00	02	fc	ff	ff	
ff	06	00	05	00	06	00	03	00	f7	
00	36	00	36	00	36	00	36	00	51	
00	02	98	00	01	00	00	00	0f	e9	
24	3f	00	00	ec	41	32	7b	ae	47	
01	bf	01	00	10	00	01	04	00	0a	
d7	a3	3b	cc	cc	4c	bc	cc	cc	4c	
3c	03	03	03	03	03	03	