42	45	45	31	30	31	32	08	1a	f3	
6f	00	c1	00	d4	c8	59	a7	09	03	
00	80	05	00	00	21	01	07	01	01	
00	00	00	22	01	00	00	00	00	00	
04	00	00	00	64	00	aa	00	01	01	
00	00	00	00	1d	01	20	01	03	8f	
ff	0c	71	07	00	00	05	00	24	23	
00	00	00	00	00	00	18	00	42	ff	
75	01	01	00	02	00	01	00	00	00	
00	00	03	00	03	00	03	00	03	00	
01	00	01	00	00	01	00	00	00	01	
00	00	06	00	00	00	fe	ff	fe	ff	
02	00	00	00	f6	00	36	00	36	00	
5e	00	36	00	36	00	02	fc	ff	00	
00	05	00	05	00	06	00	03	00	f7	
00	51	00	51	00	43	00	43	00	36	
00	02	a9	00	01	00	00	00	ad	f9	
a5	3e	00	00	d6	41	f4	70	35	5e	
3a	3e	01	00	18	00	01	00	00	0a	
d7	23	3c	00	00	00	80	8f	c2	75	
3c	03	03	03	03	03	03	