42	45	45	31	30	31	32	08	1a	cf	
40	00	c1	00	0f	64	aa	00	03	01	
00	86	01	00	00	21	01	c2	00	01	
00	00	00	31	01	28	01	00	5c	03	
00	00	00	00	00	00	00	00	00	00	
00	00	00	00	00	00	00	00	00	00	
00	00	00	00	00	00	00	00	00	00	
00	00	00	00	00	00	ab	ff	01	00	
9d	ff	00	00	01	00	00	00	00	00	
00	00	03	00	03	00	03	00	03	00	
00	00	00	00	00	00	00	00	00	01	
00	00	06	00	00	00	fe	ff	fe	ff	
01	00	00	00	f6	00	36	00	36	00	
36	00	44	00	5f	00	02	fb	ff	ff	
ff	05	00	05	00	06	00	03	00	f7	
00	36	00	36	00	36	00	36	00	51	
00	02	98	00	01	00	00	00	3e	6e	
1d	3f	00	00	dc	41	2b	78	a6	9b	
c4	3d	01	00	18	00	01	04	00	0a	
d7	23	3c	00	00	00	80	8f	c2	75	
3c	03	03	03	03	03	03	