42	45	45	31	30	31	32	08	1a	ef	
b7	00	c1	00	d4	c0	e9	a7	07	03	
00	22	05	00	00	21	01	07	01	01	
00	00	00	21	01	00	00	00	00	00	
00	00	00	00	00	00	00	00	00	00	
00	00	00	00	00	00	00	00	00	00	
00	00	00	00	00	00	00	00	00	00	
00	00	00	00	00	00	16	00	42	ff	
56	03	01	00	02	00	01	00	00	00	
00	00	03	00	03	00	03	00	03	00	
01	00	01	00	00	01	00	00	00	01	
00	00	06	00	00	00	ff	ff	fe	ff	
02	00	00	00	f6	00	36	00	36	00	
5e	00	36	00	36	00	02	fc	ff	00	
00	06	00	05	00	06	00	03	00	f7	
00	51	00	51	00	43	00	43	00	36	
00	02	a9	00	01	00	00	00	54	75	
b2	3e	00	00	d4	41	92	71	a0	1a	
2f	3e	01	00	18	00	01	00	00	00	
00	00	00	0a	d7	23	bb	8f	c2	75	
3c	03	03	03	03	03	03	