42	45	45	31	30	31	32	08	1a	f6	
bf	00	c1	00	d4	ce	f9	a8	fa	03	
00	d6	05	00	00	21	01	07	01	01	
00	00	00	23	01	00	00	00	00	00	
04	00	00	00	64	00	aa	00	01	01	
00	00	00	00	1d	01	21	01	03	8e	
ff	7e	70	07	00	00	05	00	75	1c	
00	00	00	00	00	00	13	00	42	ff	
5d	03	01	00	02	00	01	00	00	00	
00	00	03	00	03	00	03	00	03	00	
01	00	01	00	00	01	00	00	00	01	
00	00	06	00	00	00	fe	ff	ff	ff	
02	00	00	00	f6	00	36	00	36	00	
5e	00	36	00	44	00	02	fc	ff	00	
00	06	00	05	00	06	00	03	00	f7	
00	51	00	51	00	43	00	43	00	36	
00	02	a9	00	01	00	00	00	0d	b4	
9a	3e	00	00	d8	41	67	70	58	39	
34	3e	01	00	18	00	01	00	00	cc	
cc	4c	3c	0a	d7	23	3b	29	5c	8f	
3c	03	03	03	03	03	03	