42	45	45	31	30	31	32	08	1a	c2	
23	00	c1	00	d4	5d	ff	0c	03	09	
00	ac	01	00	00	21	01	05	01	01	
00	00	00	28	01	00	00	00	00	00	
04	00	00	00	64	00	aa	00	01	01	
00	00	00	00	27	01	2a	01	03	96	
ff	5f	7b	07	00	00	05	00	03	96	
00	00	00	00	00	00	18	00	42	ff	
8d	03	01	00	02	00	01	00	00	00	
00	00	03	00	03	00	03	00	03	00	
01	00	01	00	00	01	00	00	00	01	
00	00	06	00	00	00	fe	ff	fe	ff	
02	00	00	00	f6	00	36	00	36	00	
6c	00	36	00	44	00	02	fc	ff	00	
00	06	00	05	00	06	00	03	00	d8	
00	5f	00	36	00	36	00	36	00	28	
00	02	a9	00	01	00	00	00	9b	65	
31	3f	00	00	e2	41	4b	7b	0a	d7	
23	3e	01	00	18	00	01	04	00	0a	
d7	23	3c	8f	c2	f5	bb	ad	47	e1	
3c	03	03	03	03	03	03	