42	45	45	31	30	31	32	08	1a	c1	
27	00	c1	00	0f	59	c5	4f	34	06	
00	f7	00	00	00	21	01	f9	00	01	
00	00	00	28	01	00	00	00	00	00	
04	00	00	00	64	00	aa	00	01	01	
00	00	00	00	27	01	28	01	03	92	
ff	e1	70	07	00	00	05	00	af	cb	
00	00	00	00	00	00	1c	00	42	ff	
4c	01	01	00	02	00	01	00	00	00	
00	00	03	00	03	00	03	00	03	00	
01	00	01	00	00	01	00	00	00	01	
00	00	06	00	00	00	ff	ff	fe	ff	
02	00	00	00	f6	00	36	00	36	00	
5e	00	36	00	44	00	02	fc	ff	00	
00	06	00	05	00	06	00	03	00	f7	
00	51	00	5f	00	43	00	43	00	44	
00	02	a9	00	01	00	00	00	2c	dd	
9c	3e	00	00	de	41	d9	70	42	60	
e5	3d	01	00	18	00	01	04	00	0a	
d7	a3	3b	0a	d7	a3	bb	29	5c	8f	
3c	03	03	03	03	03	03	