42	45	45	31	30	31	32	08	1a	c7	
f3	00	c1	00	0f	5d	fd	2b	1a	08	
00	2b	01	00	00	21	01	04	01	01	
00	00	00	2a	01	00	00	00	00	00	
04	00	00	00	64	00	aa	00	01	01	
00	00	00	00	29	01	2c	01	03	8c	
ff	08	7c	07	00	00	05	00	2f	a0	
00	00	00	00	00	00	16	00	21	00	
61	01	01	00	02	00	01	00	00	00	
00	00	03	00	03	00	03	00	03	00	
01	01	01	00	00	01	00	00	00	01	
00	00	06	00	00	00	ff	ff	fe	ff	
01	00	00	00	f6	00	36	00	36	00	
6c	00	44	00	44	00	02	fc	ff	00	
00	06	00	06	00	06	00	03	00	f7	
00	5f	00	5f	00	51	00	51	00	51	
00	02	a9	00	01	00	00	00	ab	1e	
2f	3f	00	00	ee	41	f2	7b	b2	9d	
6f	be	01	00	10	00	01	04	00	8f	
c2	f5	3b	8f	c2	f5	bb	29	5c	8f	
3c	03	03	03	03	03	03	