42	45	45	31	30	31	32	08	1a	d7	
a4	00	c1	00	d2	ff	c5	b8	37	01	
00	c2	08	00	00	21	01	c2	00	01	
00	00	00	29	01	28	01	00	5c	03	
02	00	00	00	00	00	99	00	01	01	
00	00	00	00	1a	01	1d	01	03	99	
ff	10	7b	07	00	00	00	00	fa	f1	
01	00	23	01	00	00	ab	ff	01	00	
9d	ff	00	00	01	00	00	00	00	00	
00	00	03	00	03	00	03	00	03	00	
00	00	00	00	00	00	00	00	00	01	
00	00	06	00	00	00	ff	ff	fe	ff	
02	00	00	00	f6	00	36	00	36	00	
36	00	44	00	5f	00	02	fb	ff	ff	
ff	05	00	05	00	06	00	03	00	f7	
00	36	00	36	00	28	00	36	00	51	
00	02	98	00	01	00	00	00	20	92	
36	3f	00	00	d4	41	0f	7b	a6	9b	
c4	3d	01	00	10	00	01	04	00	8f	
c2	f5	3b	0a	d7	23	bb	0a	d7	23	
3c	03	03	03	03	03	03	