42	45	45	31	30	31	32	08	1a	ce	
3d	00	c1	00	d3	6c	f7	b8	54	01	
00	38	0e	00	00	21	01	c2	00	01	
00	00	00	29	01	28	01	00	5c	03	
02	00	00	00	00	00	99	00	01	01	
00	00	00	00	1a	01	1c	01	03	91	
ff	b3	71	07	00	00	00	00	b4	84	
01	00	2c	01	00	00	ab	ff	01	00	
9d	ff	00	00	01	00	00	00	00	00	
00	00	03	00	03	00	03	00	03	00	
00	00	00	00	00	00	00	00	00	01	
00	00	06	00	00	00	ff	ff	fe	ff	
02	00	00	00	e7	00	36	00	36	00	
36	00	44	00	5f	00	02	fc	ff	ff	
ff	05	00	05	00	06	00	03	00	f7	
00	36	00	36	00	28	00	36	00	51	
00	02	98	00	01	00	00	00	d7	d4	
b5	3e	00	00	d4	41	ac	71	17	d9	
ce	3d	01	00	10	00	01	04	00	0a	
d7	a3	3b	0a	d7	a3	bb	29	5c	8f	
3c	03	03	03	03	03	03	