42	45	45	31	30	31	32	08	1a	c0	
e6	00	c1	00	0f	47	f5	f6	09	01	
00	16	00	00	00	21	01	fc	00	01	
00	00	00	2a	01	00	00	00	00	00	
00	00	00	00	00	00	00	00	00	00	
00	00	00	00	00	00	00	00	00	00	
00	00	00	00	00	00	00	00	00	00	
00	00	00	00	00	00	19	00	42	ff	
56	03	01	00	02	00	01	00	00	00	
00	00	03	00	03	00	03	00	03	00	
01	00	01	00	00	01	00	00	00	01	
00	00	06	00	00	00	fe	ff	fe	ff	
02	00	00	00	f6	00	36	00	36	00	
5e	00	36	00	36	00	02	fc	ff	00	
00	06	00	05	00	06	00	03	00	f7	
00	51	00	51	00	43	00	43	00	44	
00	02	a9	00	01	00	00	00	77	c9	
81	3e	00	00	e2	41	5f	6f	58	39	
34	3e	01	00	18	00	01	00	00	0a	
d7	a3	3c	0a	d7	23	bc	29	5c	8f	
3c	03	03	03	03	03	03	