42	45	45	31	30	31	32	08	1a	d2	
f7	00	c1	00	d4	87	69	a9	15	03	
00	41	02	00	00	21	01	07	01	01	
00	00	00	21	01	00	00	00	00	00	
04	00	00	00	64	00	aa	00	01	01	
00	00	00	00	1d	01	1f	01	03	92	
ff	69	76	07	00	00	05	00	17	64	
00	00	00	00	00	00	18	00	42	ff	
5f	01	01	00	02	00	01	00	00	00	
00	00	03	00	03	00	03	00	03	00	
01	00	01	00	00	01	00	00	00	01	
00	00	06	00	00	00	fe	ff	fe	ff	
02	00	00	00	f6	00	36	00	28	00	
5e	00	36	00	36	00	02	fc	ff	00	
00	06	00	05	00	06	00	03	00	f7	
00	51	00	51	00	43	00	43	00	44	
00	02	a9	00	01	00	00	00	1a	05	
0c	3f	00	00	d4	41	58	76	d1	22	
db	3d	01	00	18	00	01	04	00	0a	
d7	23	3b	0a	d7	23	bb	8f	c2	75	
3c	03	03	03	03	03	03	