42	45	45	31	30	31	32	08	1a	c0	
c3	00	c1	00	0f	58	fd	4f	99	06	
00	ed	00	00	00	21	01	f9	00	01	
00	00	00	28	01	00	00	00	00	00	
04	00	00	00	64	00	aa	00	01	01	
00	00	00	00	24	01	28	01	03	93	
ff	f3	70	07	00	00	05	00	81	cc	
00	00	00	00	00	00	18	00	42	ff	
57	01	01	00	02	00	01	00	00	00	
00	00	03	00	03	00	03	00	03	00	
01	00	01	00	00	01	00	00	00	01	
00	00	06	00	00	00	fe	ff	fe	ff	
02	00	00	00	f6	00	36	00	36	00	
5e	00	44	00	36	00	02	fc	ff	00	
00	06	00	05	00	06	00	03	00	f7	
00	51	00	51	00	43	00	43	00	36	
00	02	a9	00	01	00	00	00	52	1c	
9e	3e	00	00	de	41	e2	70	60	e5	
d0	3d	01	00	18	00	01	04	00	0a	
d7	23	3b	0a	d7	23	bc	8f	c2	75	
3c	03	03	03	03	03	03	