42	45	45	31	30	31	32	08	1a	c9	
8b	00	c1	00	0f	59	40	00	26	01	
00	f3	00	00	00	21	01	c2	00	01	
00	00	00	33	01	28	01	00	5c	03	
02	00	00	00	00	00	99	00	01	01	
00	00	00	00	27	01	2a	01	03	99	
ff	8d	79	07	00	00	00	00	43	8e	
02	00	23	01	00	00	ab	ff	01	00	
9d	ff	00	00	01	00	00	00	00	00	
00	00	03	00	03	00	03	00	03	00	
00	00	00	00	00	00	00	00	00	01	
00	00	06	00	00	00	fe	ff	fe	ff	
02	00	00	00	f6	00	36	00	36	00	
36	00	44	00	5f	00	02	fc	ff	ff	
ff	06	00	05	00	06	00	03	00	f7	
00	36	00	36	00	28	00	36	00	51	
00	02	98	00	01	00	00	00	19	c0	
26	3f	00	00	de	41	8b	79	17	d9	
ce	3d	01	00	18	00	01	04	00	0a	
d7	a3	3b	8f	c2	f5	bb	8f	c2	75	
3c	03	03	03	03	03	03	