42	45	45	31	30	31	32	08	1a	e0	
15	00	c1	00	d3	90	a7	b8	35	01	
00	02	10	00	00	21	01	c2	00	01	
00	00	00	2b	01	28	01	00	5c	03	
02	00	00	00	00	00	99	00	01	01	
00	00	00	00	1d	01	1e	01	03	8f	
ff	87	6e	07	00	00	00	00	f2	60	
01	00	23	01	00	00	ab	ff	01	00	
9d	ff	00	00	01	00	00	00	00	00	
00	00	03	00	03	00	03	00	03	00	
00	00	00	00	00	00	00	00	00	01	
00	00	06	00	00	00	fe	ff	fe	ff	
02	00	00	00	f6	00	36	00	36	00	
36	00	44	00	51	00	02	fc	ff	ff	
ff	05	00	05	00	06	00	03	00	f7	
00	36	00	36	00	36	00	36	00	51	
00	02	98	00	01	00	00	00	7b	8d	
75	3e	00	00	d8	41	83	6e	42	60	
e5	3d	01	00	10	00	01	04	00	0a	
d7	23	3c	cc	cc	4c	bc	0a	d7	23	
3c	03	03	03	03	03	03	