42	45	45	31	30	31	32	08	1a	c8	
93	00	c1	00	0f	5f	3d	2b	19	08	
00	3c	01	00	00	21	01	04	01	01	
00	00	00	2b	01	00	00	00	00	00	
04	00	00	00	64	00	aa	00	01	01	
00	00	00	00	29	01	2c	01	03	8c	
ff	27	7c	07	00	00	05	00	e4	9e	
00	00	00	00	00	00	17	00	42	ff	
72	03	01	00	5c	00	01	00	00	00	
00	00	03	00	03	00	03	00	03	00	
01	00	01	00	01	01	00	00	00	01	
00	00	06	00	00	00	ff	ff	fe	ff	
01	00	00	00	05	01	36	00	43	00	
5e	00	36	00	44	00	02	fc	ff	00	
00	06	00	05	00	06	00	03	00	07	
01	5f	00	5f	00	51	00	51	00	44	
00	02	a9	00	01	00	00	00	43	38	
31	3f	00	00	e8	41	15	7c	c9	76	
3e	be	01	00	18	00	01	00	00	0a	
d7	23	3b	0a	d7	23	bb	8f	c2	75	
3c	03	03	03	03	03	03	