42	45	45	31	30	31	32	08	1a	db	
65	00	c1	00	d3	87	47	b8	42	01	
00	8a	0f	00	00	21	01	c2	00	01	
00	00	00	2a	01	28	01	00	5c	03	
02	00	00	00	00	00	99	00	01	01	
00	00	00	00	1d	01	1e	01	03	90	
ff	9a	6f	07	00	00	00	00	53	6a	
01	00	23	01	00	00	ab	ff	01	00	
9d	ff	00	00	01	00	00	00	00	00	
00	00	03	00	03	00	03	00	03	00	
00	00	00	00	00	00	00	00	00	01	
00	00	06	00	00	00	fe	ff	fe	ff	
02	00	00	00	f6	00	36	00	36	00	
36	00	44	00	5f	00	02	fc	ff	00	
00	05	00	05	00	06	00	03	00	f7	
00	36	00	36	00	28	00	36	00	51	
00	02	98	00	01	00	00	00	4e	97	
8a	3e	00	00	d6	41	94	6f	17	d9	
ce	3d	01	00	10	00	01	04	00	00	
00	00	00	00	00	00	80	cc	cc	4c	
3c	03	03	03	03	03	03	