42	45	45	31	30	31	32	08	1a	c0	
43	00	c1	00	d4	eb	e0	8f	a4	04	
00	47	07	00	00	21	01	08	01	01	
00	00	00	24	01	00	00	00	00	00	
04	00	00	00	02	00	ab	00	01	01	
00	00	00	00	24	01	26	01	03	97	
ff	f6	7b	07	00	00	06	00	6e	a2	
02	00	00	00	00	00	1d	00	42	ff	
65	01	01	00	02	00	01	00	00	00	
00	00	03	00	03	00	03	00	03	00	
01	00	01	00	00	01	00	00	00	01	
00	00	06	00	00	00	ff	ff	fe	ff	
02	00	00	00	e7	00	28	00	28	00	
51	00	44	00	44	00	02	fc	ff	00	
00	06	00	05	00	06	00	03	00	6c	
00	00	00	00	00	00	00	00	00	00	
00	02	aa	00	01	00	00	00	92	94	
3e	3f	00	00	e2	41	eb	7b	52	b8	
1e	3e	01	00	18	00	01	04	00	00	
00	00	00	0a	d7	a3	bb	eb	51	b8	
3c	03	03	03	03	03	03	