42	45	45	31	30	31	32	08	1a	f2	
be	00	c1	00	d4	c6	f7	a7	69	03	
00	6e	05	00	00	21	01	07	01	01	
00	00	00	21	01	00	00	00	00	00	
04	00	00	00	64	00	aa	00	01	01	
00	00	00	00	1d	01	1f	01	03	8e	
ff	2a	71	07	00	00	05	00	8c	24	
00	00	00	00	00	00	19	00	42	ff	
5a	03	01	00	02	00	01	00	00	00	
00	00	03	00	03	00	03	00	03	00	
01	00	01	00	00	01	00	00	00	01	
00	00	06	00	00	00	ff	ff	fe	ff	
02	00	00	00	f6	00	36	00	36	00	
5e	00	36	00	44	00	02	fc	ff	00	
00	06	00	05	00	06	00	03	00	f7	
00	51	00	51	00	43	00	43	00	44	
00	02	a9	00	01	00	00	00	f9	66	
a8	3e	00	00	d4	41	0e	71	e7	fb	
29	3e	01	00	18	00	01	00	00	0a	
d7	23	3c	00	00	00	80	8f	c2	75	
3c	03	03	03	03	03	03	