42	45	45	31	30	31	32	08	1a	c7	
af	00	c1	00	d3	e9	02	e0	f0	23	
00	5f	14	00	00	21	01	ed	00	01	
00	00	00	31	01	00	00	00	00	00	
04	00	00	00	64	00	a9	00	01	01	
00	00	00	00	22	01	24	01	03	95	
ff	cf	73	07	00	00	05	00	03	f3	
00	00	00	00	00	00	ab	ff	01	00	
9d	ff	00	00	01	00	00	00	00	00	
00	00	03	00	03	00	03	00	03	00	
00	00	00	00	00	00	00	00	00	01	
00	00	06	00	00	00	ff	ff	fe	ff	
02	00	00	00	15	01	36	00	28	00	
36	00	5f	00	44	00	02	fc	ff	00	
00	05	00	05	00	06	00	03	00	e8	
00	36	00	36	00	43	00	28	00	36	
00	02	a8	00	01	00	00	00	e3	3b	
dc	3e	00	00	dc	41	ce	73	a6	9b	
c4	3d	01	00	18	00	01	04	00	8f	
c2	f5	3b	cc	cc	4c	bc	cc	cc	4c	
3c	03	03	03	03	03	03	