42	45	45	31	30	31	32	08	1a	c0	
50	00	c1	00	0f	46	c9	f0	09	01	
00	07	00	00	00	21	01	fd	00	01	
00	00	00	25	01	00	00	00	00	00	
00	00	00	00	00	00	00	00	00	00	
00	00	00	00	00	00	00	00	00	00	
00	00	00	00	00	00	00	00	00	00	
00	00	00	00	00	00	17	00	41	ff	
6b	03	01	00	02	00	01	00	00	00	
00	00	03	00	03	00	03	00	03	00	
01	00	01	00	00	01	00	00	00	01	
00	00	06	00	00	00	ff	ff	fe	ff	
02	00	00	00	f6	00	36	00	36	00	
5e	00	44	00	44	00	02	fc	ff	00	
00	06	00	05	00	06	00	03	00	f7	
00	51	00	51	00	43	00	43	00	44	
00	02	a9	00	01	00	00	00	3d	93	
79	3e	00	00	e2	41	07	6f	58	39	
34	3e	01	00	18	00	01	00	00	0a	
d7	23	bb	0a	d7	a3	bb	0a	d7	a3	
3c	03	03	03	03	03	03	