42	45	45	31	30	31	32	08	1a	c4	
8e	00	c1	00	d4	ea	97	a9	83	03	
00	36	07	00	00	21	01	07	01	01	
00	00	00	24	01	00	00	00	00	00	
04	00	00	00	64	00	aa	00	01	01	
00	00	00	00	22	01	26	01	03	76	
ff	1a	7c	07	00	00	05	00	e7	00	
00	00	00	00	00	00	19	00	42	ff	
5f	01	01	00	02	00	01	00	00	00	
00	00	03	00	03	00	03	00	03	00	
01	00	01	00	00	01	00	00	00	01	
00	00	06	00	00	00	fe	ff	fe	ff	
02	00	00	00	f6	00	36	00	28	00	
5e	00	36	00	36	00	02	fc	ff	00	
00	06	00	05	00	06	00	03	00	f7	
00	51	00	51	00	43	00	43	00	44	
00	02	a9	00	01	00	00	00	38	d2	
37	3f	00	00	e2	41	1e	7c	60	e5	
d0	3d	01	00	18	00	01	00	00	cc	
cc	4c	3c	0a	d7	23	bb	8f	c2	75	
3c	03	03	03	03	03	03	