42	45	45	31	30	31	32	08	1a	c1	
1d	00	c4	00	0f	48	63	c0	94	01	
00	1b	00	00	00	21	02	c6	01	01	
00	00	00	49	01	00	00	00	00	00	
00	00	00	00	00	00	00	00	00	00	
00	00	00	00	00	00	00	00	00	00	
00	00	00	00	02	00	00	00	00	00	
00	00	00	00	00	00	15	00	42	ff	
9d	ff	69	01	01	00	02	00	01	00	
00	00	00	00	03	00	02	00	03	00	
03	00	01	00	00	01	00	00	01	00	
00	00	01	00	00	06	00	00	00	fe	
ff	fe	ff	02	00	00	00	05	01	36	
00	36	00	6c	00	44	00	44	00	02	
fc	ff	00	00	06	00	05	00	06	00	
03	00	07	01	51	00	5f	00	51	00	
43	00	44	00	02	0c	01	01	00	00	
00	f9	cb	e3	3e	00	00	ec	41	5a	
74	d1	22	db	3d	01	00	18	00	00	
04	00	0a	d7	23	3b	00	00	00	80	
8f	c2	75	3c	03	03	03	03	03	03	