42	45	45	31	30	31	32	08	1a	ea	
f3	00	c1	00	d4	b7	61	a9	88	03	
00	a7	04	00	00	21	01	07	01	01	
00	00	00	20	01	00	00	00	00	00	
04	00	00	00	64	00	aa	00	01	01	
00	00	00	00	1a	01	1d	01	03	90	
ff	63	72	07	00	00	05	00	24	34	
00	00	00	00	00	00	1c	00	42	ff	
6e	01	01	00	02	00	01	00	00	00	
00	00	03	00	03	00	03	00	03	00	
01	00	01	00	00	01	00	00	00	01	
00	00	06	00	00	00	fe	ff	fe	ff	
02	00	00	00	f6	00	36	00	36	00	
5e	00	36	00	44	00	02	fc	ff	00	
00	06	00	05	00	06	00	03	00	f7	
00	51	00	51	00	43	00	36	00	36	
00	02	a9	00	01	00	00	00	f5	d1	
c2	3e	00	00	d4	41	53	72	42	60	
e5	3d	01	00	18	00	01	04	00	8f	
c2	f5	3b	0a	d7	a3	bb	8f	c2	75	
3c	03	03	03	03	03	03	