42	45	45	31	30	31	32	08	1a	dd	
e2	00	c1	00	d4	9d	3f	a9	6b	03	
00	58	03	00	00	21	01	07	01	01	
00	00	00	20	01	00	00	00	00	00	
04	00	00	00	64	00	aa	00	01	01	
00	00	00	00	1a	01	1e	01	03	91	
ff	7c	74	07	00	00	05	00	49	4e	
00	00	00	00	00	00	17	00	42	ff	
84	03	01	00	02	00	01	00	00	00	
00	00	03	00	03	00	03	00	03	00	
01	00	01	00	00	01	00	00	00	01	
00	00	06	00	00	00	fe	ff	fe	ff	
02	00	00	00	f6	00	36	00	36	00	
5e	00	36	00	36	00	02	fc	ff	ff	
ff	06	00	05	00	06	00	03	00	f7	
00	51	00	51	00	43	00	43	00	44	
00	02	a9	00	01	00	00	00	cb	3e	
f1	3e	00	00	d4	41	63	74	a0	1a	
2f	3e	01	00	18	00	01	00	00	00	
00	00	00	00	00	00	00	00	00	00	
00	03	03	03	03	03	03	