42	45	45	31	30	31	32	08	1a	ca	
37	00	c1	00	0f	62	85	29	26	08	
00	66	01	00	00	21	01	04	01	01	
00	00	00	2a	01	00	00	00	00	00	
04	00	00	00	64	00	aa	00	01	01	
00	00	00	00	29	01	2b	01	03	8f	
ff	ef	7b	07	00	00	05	00	9c	9b	
00	00	00	00	00	00	1c	00	42	ff	
60	03	01	00	4a	00	01	00	00	00	
00	00	03	00	03	00	03	00	03	00	
01	00	01	00	01	01	00	00	00	01	
00	00	06	00	00	00	fe	ff	fe	ff	
02	00	00	00	05	01	5e	00	36	00	
43	00	44	00	36	00	02	fc	ff	00	
00	06	00	05	00	06	00	03	00	f7	
00	5f	00	5f	00	51	00	51	00	51	
00	02	a9	00	01	00	00	00	73	95	
34	3f	00	00	e8	41	e9	7b	a0	1a	
2f	3e	01	00	18	00	01	00	00	0a	
d7	23	3c	0a	d7	23	bb	eb	51	b8	
3c	03	03	03	03	03	03	