42	45	45	31	30	31	32	08	1a	c6	
9a	00	c1	00	0f	55	3c	70	0f	05	
00	be	00	00	00	21	01	f8	00	01	
00	00	00	27	01	00	00	00	00	00	
04	00	00	00	64	00	aa	00	01	01	
00	00	00	00	24	01	26	01	03	8f	
ff	41	71	07	00	00	05	00	5a	d0	
00	00	00	00	00	00	18	00	42	ff	
4f	01	01	00	02	00	01	00	00	00	
00	00	03	00	03	00	03	00	03	00	
01	00	01	00	00	01	00	00	00	01	
00	00	06	00	00	00	fe	ff	fe	ff	
01	00	00	00	f6	00	36	00	36	00	
5e	00	36	00	44	00	02	fc	ff	00	
00	06	00	05	00	06	00	03	00	f7	
00	51	00	51	00	51	00	43	00	44	
00	02	a9	00	01	00	00	00	f5	3e	
a4	3e	00	00	dd	41	3a	71	d1	22	
db	3d	01	00	18	00	01	04	00	0a	
d7	23	3c	0a	d7	a3	bb	0a	d7	a3	
3c	03	03	03	03	03	03	