42	45	45	31	30	31	32	08	1a	cd	
43	00	c1	00	d4	7c	01	a8	fa	03	
00	b0	01	00	00	21	01	07	01	01	
00	00	00	22	01	00	00	00	00	00	
00	00	00	00	00	00	00	00	00	00	
00	00	00	00	00	00	00	00	00	00	
00	00	00	00	00	00	00	00	00	00	
00	00	00	00	00	00	19	00	41	ff	
5d	03	01	00	02	00	01	00	00	00	
00	00	03	00	03	00	03	00	03	00	
01	00	01	00	00	01	00	00	00	01	
00	00	06	00	00	00	fe	ff	fe	ff	
02	00	00	00	f6	00	36	00	36	00	
5e	00	36	00	44	00	02	fc	ff	00	
00	05	00	05	00	06	00	03	00	f7	
00	51	00	51	00	43	00	43	00	44	
00	02	a9	00	01	00	00	00	b2	01	
16	3f	00	00	d8	41	4f	77	2f	dd	
24	3e	01	00	18	00	01	00	00	00	
00	00	00	00	00	00	00	00	00	00	
00	03	03	03	03	03	03	