42	45	45	31	30	31	32	08	1a	c2	
64	00	c1	00	d3	de	6c	e2	b3	23	
00	d7	13	00	00	21	01	ed	00	01	
00	00	00	33	01	00	00	00	00	00	
04	00	00	00	64	00	a9	00	01	01	
00	00	00	00	24	01	27	01	03	95	
ff	c5	74	07	00	00	05	00	ae	fd	
00	00	00	00	00	00	ab	ff	01	00	
9d	ff	00	00	01	00	00	00	00	00	
00	00	03	00	03	00	03	00	03	00	
00	00	00	00	00	00	00	00	00	01	
00	00	06	00	00	00	fe	ff	fe	ff	
02	00	00	00	f6	00	43	00	43	00	
43	00	36	00	51	00	02	fc	ff	00	
00	06	00	05	00	06	00	03	00	f7	
00	36	00	36	00	36	00	36	00	51	
00	02	a8	00	01	00	00	00	eb	7c	
ee	3e	00	00	dc	41	c4	74	d1	22	
db	3d	01	00	18	00	01	04	00	8f	
c2	f5	3b	0a	d7	23	bb	8f	c2	75	
3c	03	03	03	03	03	03	