42	45	45	31	30	31	32	08	1a	f7	
37	00	c1	00	d4	cf	e9	a7	10	03	
00	e2	05	00	00	21	01	07	01	01	
00	00	00	23	01	00	00	00	00	00	
04	00	00	00	64	00	aa	00	01	01	
00	00	00	00	1f	01	21	01	03	8d	
ff	69	70	07	00	00	05	00	85	1b	
00	00	00	00	00	00	18	00	42	ff	
83	03	01	00	02	00	01	00	00	00	
00	00	03	00	03	00	03	00	03	00	
01	00	01	00	00	01	00	00	00	01	
00	00	06	00	00	00	fe	ff	fe	ff	
02	00	00	00	f6	00	36	00	36	00	
5e	00	36	00	44	00	02	fc	ff	00	
00	06	00	05	00	06	00	03	00	f7	
00	51	00	51	00	43	00	36	00	44	
00	02	a9	00	01	00	00	00	50	14	
99	3e	00	00	da	41	55	70	35	5e	
3a	3e	01	00	18	00	01	00	00	00	
00	00	00	00	00	00	00	00	00	00	
00	03	03	03	03	03	03	