42	45	45	31	30	31	32	08	1a	c0	
48	00	c1	00	0f	46	d0	b1	82	02	
00	07	00	00	00	11	01	cb	00	01	
00	00	00	2a	01	00	00	00	00	00	
04	00	00	00	64	00	a2	00	01	01	
00	00	00	00	24	01	28	01	03	97	
ff	26	79	07	00	00	05	00	eb	2b	
01	00	0f	01	00	00	19	00	42	ff	
78	01	01	00	02	00	01	00	00	00	
00	00	03	00	03	00	03	00	03	00	
01	00	01	00	00	01	00	00	00	01	
00	00	06	00	00	00	ff	ff	fe	ff	
02	00	00	00	f6	00	36	00	36	00	
36	00	44	00	5f	00	02	fb	ff	00	
00	06	00	05	00	06	00	03	00	f7	
00	36	00	36	00	36	00	43	00	51	
00	02	a1	00	01	00	00	00	31	c3	
21	3f	00	00	dd	41	21	79	a6	9b	
c4	3d	01	00	18	00	01	04	00	00	
00	00	00	0a	d7	23	bb	29	5c	8f	
3c	03	03	03	03	03	03	