42	45	45	31	30	31	32	08	1a	c2	
1f	00	c1	00	d4	e5	b9	a9	13	03	
00	f9	06	00	00	21	01	07	01	01	
00	00	00	25	01	00	00	00	00	00	
04	00	00	00	64	00	aa	00	01	01	
00	00	00	00	24	01	27	01	03	98	
ff	4b	7c	07	00	00	05	00	b6	05	
00	00	00	00	00	00	1c	00	42	ff	
5f	01	01	00	02	00	01	00	00	00	
00	00	03	00	03	00	03	00	03	00	
01	00	01	00	00	01	00	00	00	01	
00	00	06	00	00	00	fe	ff	fe	ff	
02	00	00	00	05	01	43	00	43	00	
6c	00	44	00	44	00	02	fb	ff	00	
00	06	00	05	00	06	00	03	00	07	
01	5f	00	5f	00	51	00	43	00	44	
00	02	a9	00	01	00	00	00	92	72	
34	3f	00	00	e4	41	41	7c	e5	d0	
22	be	01	00	18	00	01	04	00	0a	
d7	a3	3b	0a	d7	23	bb	eb	51	b8	
3c	03	03	03	03	03	03	