42	45	45	31	30	31	32	08	1a	c1	
1f	00	c1	00	d4	63	b9	a9	1c	03	
00	79	00	00	00	21	01	07	01	01	
00	00	00	29	01	00	00	00	00	00	
04	00	00	00	64	00	aa	00	01	01	
00	00	00	00	24	01	27	01	03	96	
ff	32	7a	07	00	00	05	00	bc	87	
00	00	00	00	00	00	1c	00	42	ff	
85	03	01	00	02	00	01	00	00	00	
00	00	03	00	03	00	03	00	03	00	
01	00	01	00	00	01	00	00	00	01	
00	00	06	00	00	00	ff	ff	fe	ff	
02	00	00	00	f6	00	36	00	36	00	
6c	00	44	00	44	00	02	fc	ff	00	
00	05	00	05	00	06	00	03	00	f7	
00	51	00	51	00	43	00	43	00	44	
00	02	a9	00	01	00	00	00	5d	36	
28	3f	00	00	de	41	28	7a	d1	22	
db	3d	01	00	18	00	01	04	00	0a	
d7	a3	3b	0a	d7	23	bb	29	5c	8f	
3c	03	03	03	03	03	03	