42	45	45	31	30	31	32	08	1a	c2	
23	00	c1	00	0f	52	5d	2b	18	08	
00	97	00	00	00	21	01	04	01	01	
00	00	00	2a	01	00	00	00	00	00	
04	00	00	00	64	00	aa	00	01	01	
00	00	00	00	2c	01	2e	01	03	93	
ff	cd	77	07	00	00	05	00	ca	ab	
00	00	00	00	00	00	18	00	42	ff	
51	03	01	00	02	00	01	00	00	00	
00	00	03	00	03	00	03	00	03	00	
01	00	01	00	00	01	00	00	00	01	
00	00	06	00	00	00	ff	ff	fe	ff	
02	00	00	00	f6	00	36	00	36	00	
5e	00	36	00	44	00	02	fc	ff	00	
00	05	00	05	00	06	00	03	00	f7	
00	51	00	51	00	43	00	43	00	44	
00	02	a9	00	01	00	00	00	d4	ed	
e3	3e	00	00	fe	41	7a	77	9c	c4	
e0	bf	01	00	18	00	01	04	00	0a	
d7	a3	3b	0a	d7	a3	bb	29	5c	8f	
3c	03	03	03	03	03	03	