42	45	45	31	30	31	32	08	1a	c6	
83	00	c1	00	0f	5b	1d	2b	16	08	
00	07	01	00	00	21	01	04	01	01	
00	00	00	29	01	00	00	00	00	00	
04	00	00	00	64	00	aa	00	01	01	
00	00	00	00	29	01	2c	01	03	9a	
ff	ae	7b	07	00	00	05	00	ff	a2	
00	00	00	00	00	00	18	00	42	ff	
59	03	01	00	02	00	01	00	00	00	
00	00	03	00	03	00	03	00	03	00	
01	00	01	00	00	01	00	00	00	01	
00	00	06	00	00	00	fe	ff	fe	ff	
02	00	00	00	f6	00	36	00	36	00	
5e	00	44	00	44	00	02	fc	ff	00	
00	05	00	05	00	06	00	03	00	16	
01	28	00	36	00	43	00	5e	00	36	
00	02	a9	00	01	00	00	00	5c	a1	
28	3f	00	00	f0	41	9a	7b	f0	a7	
c6	be	01	00	18	00	01	04	00	0a	
d7	23	3b	0a	d7	23	bc	8f	c2	75	
3c	03	03	03	03	03	03	