42	45	45	31	30	31	32	08	1a	c0	
87	00	c1	00	0f	47	37	f2	82	01	
00	0c	00	00	00	21	01	fd	00	01	
00	00	00	28	01	00	00	00	00	00	
00	00	00	00	00	00	00	00	00	00	
00	00	00	00	00	00	00	00	00	00	
00	00	00	00	00	00	00	00	00	00	
00	00	00	00	00	00	1c	00	41	ff	
5a	03	01	00	02	00	01	00	00	00	
00	00	03	00	03	00	03	00	03	00	
01	00	01	00	00	01	00	00	00	01	
00	00	06	00	00	00	ff	ff	fe	ff	
02	00	00	00	f6	00	36	00	36	00	
5e	00	36	00	44	00	02	fc	ff	00	
00	05	00	05	00	06	00	03	00	f7	
00	51	00	51	00	43	00	36	00	44	
00	02	a9	00	01	00	00	00	92	64	
78	3e	00	00	e2	41	fe	6e	35	5e	
3a	3e	01	00	18	00	01	00	00	00	
00	00	00	0a	d7	a3	bb	29	5c	8f	
3c	03	03	03	03	03	03	