42	45	45	31	30	31	32	08	1a	d5	
14	00	c1	00	0f	70	52	00	13	01	
00	1a	02	00	00	21	01	c2	00	01	
00	00	00	30	01	28	01	00	5c	03	
02	00	00	00	00	00	99	00	01	01	
00	00	00	00	22	01	24	01	03	96	
ff	f1	76	07	00	00	00	00	2a	77	
02	00	2c	01	00	00	ab	ff	01	00	
9d	ff	00	00	01	00	00	00	00	00	
00	00	03	00	03	00	03	00	03	00	
00	00	00	00	00	00	00	00	00	01	
00	00	06	00	00	00	fe	ff	fe	ff	
01	00	00	00	f6	00	36	00	36	00	
36	00	44	00	51	00	02	fc	ff	ff	
ff	05	00	05	00	06	00	03	00	f7	
00	36	00	36	00	28	00	36	00	51	
00	02	98	00	01	00	00	00	d3	a2	
12	3f	00	00	da	41	f7	76	87	16	
d9	3d	01	00	18	00	01	04	00	0a	
d7	a3	3b	00	00	00	80	29	5c	8f	
3c	03	03	03	03	03	03	