42	45	45	31	30	31	32	08	1a	d9	
a5	00	c1	00	d3	83	c7	b8	4c	01	
00	5d	0f	00	00	21	01	c2	00	01	
00	00	00	2a	01	28	01	00	5c	03	
02	00	00	00	00	00	99	00	01	01	
00	00	00	00	1a	01	1e	01	03	92	
ff	e4	6f	07	00	00	00	00	d8	6d	
01	00	23	01	00	00	ab	ff	01	00	
9d	ff	00	00	01	00	00	00	00	00	
00	00	03	00	03	00	03	00	03	00	
00	00	00	00	00	00	00	00	00	01	
00	00	06	00	00	00	fe	ff	fe	ff	
02	00	00	00	e7	00	36	00	36	00	
36	00	44	00	51	00	02	fc	ff	ff	
ff	06	00	05	00	06	00	03	00	f7	
00	36	00	28	00	28	00	36	00	51	
00	02	98	00	01	00	00	00	c0	79	
90	3e	00	00	d4	41	e3	6f	17	d9	
ce	3d	01	00	10	00	01	04	00	0a	
d7	23	3b	0a	d7	a3	bb	0a	d7	23	
3c	03	03	03	03	03	03	