42	45	45	31	30	31	32	08	1a	c5	
2f	00	c1	00	d3	e4	02	e0	f0	23	
00	1f	14	00	00	21	01	ed	00	01	
00	00	00	31	01	00	00	00	00	00	
04	00	00	00	64	00	a9	00	01	01	
00	00	00	00	22	01	25	01	03	93	
ff	42	74	07	00	00	05	00	0d	f8	
00	00	00	00	00	00	ab	ff	01	00	
9d	ff	00	00	01	00	00	00	00	00	
00	00	03	00	03	00	03	00	03	00	
00	00	00	00	00	00	00	00	00	01	
00	00	06	00	00	00	ff	ff	fe	ff	
02	00	00	00	15	01	28	00	28	00	
43	00	5f	00	36	00	02	fc	ff	00	
00	06	00	05	00	06	00	03	00	e8	
00	36	00	44	00	43	00	28	00	36	
00	02	a8	00	01	00	00	00	b8	04	
e5	3e	00	00	dc	41	40	74	17	d9	
ce	3d	01	00	18	00	01	04	00	0a	
d7	a3	3b	8f	c2	f5	bb	cc	cc	4c	
3c	03	03	03	03	03	03	