42	45	45	31	30	31	32	08	1a	c1	
e7	00	c1	00	d4	ef	28	8f	a4	04	
00	71	07	00	00	21	01	08	01	01	
00	00	00	2d	01	00	00	00	00	00	
04	00	00	00	02	00	ab	00	01	01	
00	00	00	00	27	01	28	01	03	8c	
ff	97	7b	07	00	00	06	00	26	9f	
02	00	00	00	00	00	1c	00	1c	00	
7c	01	01	00	02	00	01	00	00	00	
00	00	03	00	03	00	03	00	03	00	
01	01	01	00	00	01	00	00	00	01	
00	00	06	00	00	00	fe	ff	ff	ff	
02	00	00	00	e7	00	28	00	28	00	
51	00	44	00	51	00	02	fc	ff	00	
00	06	00	05	00	06	00	03	00	e8	
00	36	00	28	00	36	00	36	00	44	
00	02	aa	00	01	00	00	00	5c	7f	
3b	3f	00	00	e2	41	9b	7b	b2	9d	
ef	3d	01	00	10	00	01	04	00	0a	
d7	23	3c	0a	d7	23	bb	29	5c	8f	
3c	03	03	03	03	03	03	