42	45	45	31	30	31	32	08	1a	dc	
7a	00	c1	00	d4	9a	6f	a7	7d	03	
00	34	03	00	00	21	01	07	01	01	
00	00	00	20	01	00	00	00	00	00	
00	00	00	00	00	00	00	00	00	00	
00	00	00	00	00	00	00	00	00	00	
00	00	00	00	00	00	00	00	00	00	
00	00	00	00	00	00	1b	00	42	ff	
54	03	01	00	02	00	01	00	00	00	
00	00	03	00	03	00	03	00	03	00	
01	00	01	00	00	01	00	00	00	01	
00	00	06	00	00	00	ff	ff	ff	ff	
02	00	00	00	f6	00	36	00	36	00	
5e	00	36	00	36	00	02	fc	ff	ff	
ff	06	00	05	00	06	00	03	00	e8	
00	51	00	51	00	43	00	36	00	44	
00	02	a9	00	01	00	00	00	e9	5a	
f6	3e	00	00	d4	41	a1	74	2f	dd	
24	3e	01	00	18	00	01	00	00	00	
00	00	00	0a	d7	23	bb	8f	c2	75	
3c	03	03	03	03	03	03	