42	45	45	31	30	31	32	08	1a	c4	
e2	00	c1	00	0f	57	db	2b	16	08	
00	dd	00	00	00	21	01	04	01	01	
00	00	00	2a	01	00	00	00	00	00	
04	00	00	00	64	00	aa	00	01	01	
00	00	00	00	29	01	2e	01	03	99	
ff	f6	7a	07	00	00	05	00	47	a6	
00	00	00	00	00	00	17	00	42	ff	
52	01	01	00	02	00	01	00	00	00	
00	00	03	00	03	00	03	00	03	00	
01	00	01	00	00	01	00	00	00	01	
00	00	06	00	00	00	fe	ff	fe	ff	
02	00	00	00	f6	00	36	00	36	00	
5e	00	36	00	44	00	02	fc	ff	00	
00	06	00	05	00	06	00	03	00	f7	
00	51	00	51	00	43	00	43	00	44	
00	02	a9	00	01	00	00	00	f4	9c	
1c	3f	00	00	f9	41	c5	7a	1d	5a	
24	bf	01	00	18	00	01	04	00	0a	
d7	a3	3b	0a	d7	23	bc	8f	c2	75	
3c	03	03	03	03	03	03	