42	45	45	31	30	31	32	08	1a	fc	
c3	00	c1	00	d4	db	01	a7	79	03	
00	6f	06	00	00	21	01	07	01	01	
00	00	00	25	01	00	00	00	00	00	
04	00	00	00	64	00	aa	00	01	01	
00	00	00	00	27	01	29	01	03	96	
ff	ef	79	07	00	00	05	00	7f	10	
00	00	00	00	00	00	1d	00	42	ff	
5f	01	01	00	02	00	01	00	00	00	
00	00	03	00	03	00	03	00	03	00	
01	00	01	00	00	01	00	00	00	01	
00	00	06	00	00	00	ff	ff	fe	ff	
02	00	00	00	f6	00	36	00	36	00	
5e	00	36	00	44	00	02	fc	ff	00	
00	06	00	05	00	06	00	03	00	f7	
00	51	00	51	00	43	00	43	00	44	
00	02	a9	00	01	00	00	00	10	32	
0d	3f	00	00	fa	41	ac	79	68	91	
9d	bf	01	00	18	00	01	04	00	0a	
d7	a3	3b	8f	c2	f5	bb	cc	cc	4c	
3c	03	03	03	03	03	03	