42	45	45	31	30	31	32	08	1a	e4	
83	00	c1	00	d4	aa	81	a9	07	03	
00	03	04	00	00	21	01	07	01	01	
00	00	00	1f	01	00	00	00	00	00	
04	00	00	00	64	00	aa	00	01	01	
00	00	00	00	1a	01	1e	01	03	90	
ff	5a	73	07	00	00	05	00	eb	40	
00	00	00	00	00	00	18	00	42	ff	
5c	03	01	00	02	00	01	00	00	00	
00	00	03	00	03	00	03	00	03	00	
01	00	01	00	00	01	00	00	00	01	
00	00	06	00	00	00	fe	ff	fe	ff	
02	00	00	00	f6	00	36	00	36	00	
5e	00	36	00	44	00	02	fc	ff	00	
00	06	00	05	00	06	00	03	00	f7	
00	51	00	51	00	43	00	43	00	44	
00	02	a9	00	01	00	00	00	cd	68	
d9	3e	00	00	d4	41	52	73	42	60	
e5	3d	01	00	18	00	01	04	00	00	
00	00	00	00	00	00	80	0a	d7	23	
3c	03	03	03	03	03	03	