42	45	45	31	30	31	32	08	1a	c0	
0b	00	c1	00	d4	e1	91	a9	78	03	
00	c3	06	00	00	21	01	07	01	01	
00	00	00	26	01	00	00	00	00	00	
04	00	00	00	64	00	aa	00	01	01	
00	00	00	00	24	01	27	01	03	98	
ff	dc	7b	07	00	00	05	00	ef	09	
00	00	00	00	00	00	18	00	42	ff	
5f	01	01	00	02	00	01	00	00	00	
00	00	03	00	03	00	03	00	03	00	
01	00	01	00	00	01	00	00	00	01	
00	00	06	00	00	00	fe	ff	fe	ff	
02	00	00	00	f6	00	43	00	36	00	
5e	00	36	00	36	00	02	fc	ff	00	
00	05	00	05	00	06	00	03	00	f7	
00	51	00	5f	00	43	00	43	00	36	
00	02	a9	00	01	00	00	00	e8	ba	
2c	3f	00	00	ee	41	c6	7b	a2	45	
b6	be	01	00	18	00	01	04	00	00	
00	00	00	0a	d7	a3	bb	0a	d7	a3	
3c	03	03	03	03	03	03	