42	45	45	31	30	31	32	08	1a	cb	
c0	00	c1	00	d3	67	fd	b8	51	01	
00	f9	0d	00	00	21	01	c2	00	01	
00	00	00	28	01	28	01	00	5c	03	
02	00	00	00	00	00	99	00	01	01	
00	00	00	00	1a	01	1c	01	03	92	
ff	0f	72	07	00	00	00	00	a1	89	
01	00	23	01	00	00	ab	ff	01	00	
9d	ff	00	00	01	00	00	00	00	00	
00	00	03	00	03	00	03	00	03	00	
00	00	00	00	00	00	00	00	00	01	
00	00	06	00	00	00	ff	ff	fe	ff	
02	00	00	00	f6	00	36	00	36	00	
36	00	44	00	5f	00	02	fc	ff	ff	
ff	06	00	05	00	06	00	03	00	e8	
00	36	00	36	00	28	00	36	00	51	
00	02	98	00	01	00	00	00	4e	fa	
bd	3e	00	00	d4	41	0d	72	17	d9	
ce	3d	01	00	10	00	01	04	00	0a	
d7	a3	3b	8f	c2	f5	bb	0a	d7	a3	
3c	03	03	03	03	03	03	