42	45	45	31	30	31	32	08	1a	f5	
6c	00	c1	00	d2	bb	55	b8	51	01	
00	56	05	00	00	21	01	c2	00	01	
00	00	00	2c	01	28	01	00	5c	03	
02	00	00	00	00	00	99	00	01	01	
00	00	00	00	1f	01	23	01	03	99	
ff	05	7c	07	00	00	00	00	72	36	
02	00	23	01	00	00	ab	ff	01	00	
9d	ff	00	00	01	00	00	00	00	00	
00	00	03	00	03	00	03	00	03	00	
00	00	00	00	00	00	00	00	00	01	
00	00	06	00	00	00	fe	ff	fe	ff	
01	00	00	00	f6	00	36	00	43	00	
43	00	51	00	6d	00	02	fc	ff	ff	
ff	05	00	05	00	06	00	03	00	f7	
00	36	00	36	00	36	00	36	00	5f	
00	02	98	00	01	00	00	00	8e	b3	
31	3f	00	00	e4	41	fc	7b	42	60	
65	be	01	00	10	00	01	04	00	00	
00	00	00	0a	d7	a3	bb	cc	cc	4c	
3c	03	03	03	03	03	03	