42	45	45	31	30	31	32	08	1a	fc	
9b	00	c1	00	d4	da	b1	a9	0a	03	
00	6c	06	00	00	21	01	07	01	01	
00	00	00	25	01	00	00	00	00	00	
04	00	00	00	64	00	aa	00	01	01	
00	00	00	00	24	01	29	01	03	96	
ff	ce	79	07	00	00	05	00	bb	10	
00	00	00	00	00	00	14	00	41	ff	
6b	03	01	00	02	00	01	00	00	00	
00	00	03	00	03	00	03	00	03	00	
01	00	01	00	00	01	00	00	00	01	
00	00	06	00	00	00	fe	ff	fe	ff	
02	00	00	00	05	01	36	00	36	00	
5e	00	36	00	44	00	02	fc	ff	00	
00	06	00	05	00	06	00	03	00	f7	
00	51	00	5f	00	43	00	43	00	44	
00	02	a9	00	01	00	00	00	b6	2b	
0b	3f	00	00	fa	41	89	79	f4	fd	
a4	bf	01	00	18	00	01	00	00	8f	
c2	f5	3b	0a	d7	23	bb	8f	c2	75	
3c	03	03	03	03	03	03	