42	45	45	31	30	31	32	08	1a	c2	
8d	00	c1	00	d3	55	97	b8	44	01	
00	0e	0d	00	00	21	01	c2	00	01	
00	00	00	28	01	28	01	00	5c	03	
02	00	00	00	00	00	99	00	01	01	
00	00	00	00	18	01	1b	01	03	95	
ff	5e	73	07	00	00	00	00	09	9c	
01	00	23	01	00	00	ab	ff	01	00	
9d	ff	00	00	01	00	00	00	00	00	
00	00	03	00	03	00	03	00	03	00	
00	00	00	00	00	00	00	00	00	01	
00	00	06	00	00	00	ff	ff	fe	ff	
02	00	00	00	f6	00	36	00	36	00	
36	00	44	00	5f	00	02	fc	ff	00	
00	05	00	05	00	06	00	03	00	f7	
00	36	00	36	00	28	00	36	00	51	
00	02	98	00	01	00	00	00	ed	7f	
dd	3e	00	00	d2	41	5b	73	a6	9b	
c4	3d	01	00	10	00	01	04	00	00	
00	00	00	00	00	00	80	cc	cc	4c	
3c	03	03	03	03	03	03	