42	45	45	31	30	31	32	08	1a	c5	
f0	00	c1	00	0f	52	0a	00	4c	01	
00	97	00	00	00	21	01	c2	00	01	
00	00	00	34	01	22	01	00	6e	03	
02	00	00	00	00	00	99	00	01	01	
00	00	00	00	24	01	28	01	03	99	
ff	2a	7a	07	00	00	00	00	6a	95	
02	00	23	01	00	00	ab	ff	01	00	
9d	ff	00	00	01	00	00	00	00	00	
00	00	03	00	03	00	03	00	03	00	
00	00	00	00	00	00	00	00	00	01	
00	00	06	00	00	00	fe	ff	fe	ff	
01	00	00	00	f6	00	36	00	36	00	
36	00	44	00	5f	00	02	fc	ff	ff	
ff	05	00	05	00	06	00	03	00	f7	
00	36	00	36	00	36	00	36	00	51	
00	02	98	00	01	00	00	00	92	95	
2c	3f	00	00	dc	41	2a	7a	87	16	
d9	3d	01	00	18	00	00	04	00	0a	
d7	23	3b	0a	d7	a3	bb	cc	cc	4c	
3c	03	03	03	03	03	03	