42	45	45	31	30	31	32	08	1a	e4	
3d	00	c1	00	d3	18	f7	b8	33	01	
00	05	0a	00	00	21	01	c2	00	01	
00	00	00	27	01	28	01	00	5c	03	
02	00	00	00	00	00	99	00	01	01	
00	00	00	00	18	01	1b	01	03	97	
ff	02	79	07	00	00	00	00	c5	d8	
01	00	23	01	00	00	ab	ff	01	00	
9d	ff	00	00	01	00	00	00	00	00	
00	00	03	00	03	00	03	00	03	00	
00	00	00	00	00	00	00	00	00	01	
00	00	06	00	00	00	ff	ff	fe	ff	
02	00	00	00	f6	00	36	00	36	00	
36	00	44	00	5f	00	02	fc	ff	ff	
ff	05	00	05	00	06	00	03	00	f7	
00	36	00	36	00	28	00	36	00	51	
00	02	98	00	01	00	00	00	cb	24	
24	3f	00	00	d4	41	ff	78	17	d9	
ce	3d	01	00	10	00	01	04	00	8f	
c2	f5	3b	00	00	00	80	0a	d7	a3	
3b	03	03	03	03	03	03	