42	45	45	31	30	31	32	08	1a	f5	
a2	00	c1	00	d4	cc	bf	a7	09	03	
00	b9	05	00	00	21	01	07	01	01	
00	00	00	23	01	00	00	00	00	00	
04	00	00	00	64	00	aa	00	01	01	
00	00	00	00	1d	01	20	01	03	8e	
ff	af	70	07	00	00	05	00	af	1e	
00	00	00	00	00	00	18	00	42	ff	
60	01	01	00	02	00	01	00	00	00	
00	00	03	00	03	00	03	00	03	00	
01	00	01	00	00	01	00	00	00	01	
00	00	06	00	00	00	fe	ff	ff	ff	
02	00	00	00	f6	00	36	00	36	00	
5e	00	36	00	36	00	02	fc	ff	ff	
ff	06	00	05	00	06	00	03	00	f7	
00	51	00	51	00	43	00	43	00	44	
00	02	a9	00	01	00	00	00	f2	87	
9e	3e	00	00	d8	41	a4	70	d1	22	
db	3d	01	00	18	00	01	04	00	0a	
d7	23	3c	0a	d7	a3	bb	0a	d7	23	
3c	03	03	03	03	03	03	