42	45	45	31	30	31	32	08	1a	ce	
2e	00	c1	00	d4	7d	d7	a7	79	03	
00	c6	01	00	00	21	01	07	01	01	
00	00	00	22	01	00	00	00	00	00	
04	00	00	00	64	00	aa	00	01	01	
00	00	00	00	1d	01	20	01	03	93	
ff	41	77	07	00	00	05	00	b5	6d	
00	00	00	00	00	00	17	00	42	ff	
5a	03	01	00	02	00	01	00	00	00	
00	00	03	00	03	00	03	00	03	00	
01	00	01	00	00	01	00	00	00	01	
00	00	06	00	00	00	fe	ff	fe	ff	
02	00	00	00	f6	00	36	00	36	00	
5e	00	28	00	36	00	02	fc	ff	00	
00	06	00	05	00	06	00	03	00	f7	
00	51	00	51	00	43	00	43	00	36	
00	02	a9	00	01	00	00	00	d1	78	
14	3f	00	00	d6	41	34	77	d1	22	
db	3d	01	00	18	00	01	00	00	8f	
c2	f5	3b	0a	d7	a3	bb	cc	cc	4c	
3c	03	03	03	03	03	03	