42	45	45	31	30	31	32	08	1a	c5	
c0	00	c1	00	d3	e5	24	e0	bf	23	
00	2e	14	00	00	21	01	ed	00	01	
00	00	00	32	01	00	00	00	00	00	
04	00	00	00	64	00	a9	00	01	01	
00	00	00	00	22	01	25	01	03	95	
ff	26	74	07	00	00	05	00	e1	f6	
00	00	00	00	00	00	ab	ff	01	00	
9d	ff	00	00	01	00	00	00	00	00	
00	00	03	00	03	00	03	00	03	00	
00	00	00	00	00	00	00	00	00	01	
00	00	06	00	00	00	fe	ff	fe	ff	
02	00	00	00	15	01	28	00	28	00	
43	00	5f	00	36	00	02	fc	ff	ff	
ff	06	00	05	00	06	00	03	00	e8	
00	36	00	36	00	43	00	28	00	36	
00	02	a8	00	01	00	00	00	35	f1	
e2	3e	00	00	dc	41	26	74	17	d9	
ce	3d	01	00	18	00	01	04	00	8f	
c2	f5	3b	00	00	00	80	29	5c	8f	
3c	03	03	03	03	03	03	