42	45	45	31	30	31	32	08	1a	c7	
2b	00	c1	00	0f	5c	6d	2b	19	08	
00	18	01	00	00	21	01	04	01	01	
00	00	00	29	01	00	00	00	00	00	
00	00	00	00	00	00	00	00	00	00	
00	00	00	00	00	00	00	00	00	00	
00	00	00	00	00	00	00	00	00	00	
00	00	00	00	00	00	18	00	42	ff	
59	03	01	00	02	00	01	00	00	00	
00	00	03	00	03	00	03	00	03	00	
01	00	01	00	00	01	00	00	00	01	
00	00	06	00	00	00	ff	ff	fe	ff	
02	00	00	00	f6	00	43	00	36	00	
5e	00	44	00	44	00	02	fc	ff	00	
00	06	00	05	00	06	00	03	00	f7	
00	51	00	51	00	43	00	43	00	44	
00	02	a9	00	01	00	00	00	0c	fe	
2b	3f	00	00	ee	41	bd	7b	83	c0	
8a	be	01	00	18	00	01	00	00	0a	
d7	23	3b	0a	d7	a3	bb	cc	cc	4c	
3c	03	03	03	03	03	03	