42	45	45	31	30	31	32	08	1a	db	
70	00	c1	00	0f	7d	0a	00	31	01	
00	be	02	00	00	21	01	c2	00	01	
00	00	00	30	01	28	01	00	5c	03	
02	00	00	00	00	00	99	00	01	01	
00	00	00	00	22	01	24	01	03	94	
ff	e2	75	07	00	00	00	00	62	6a	
02	00	2c	01	00	00	ab	ff	01	00	
9d	ff	00	00	01	00	00	00	00	00	
00	00	03	00	03	00	03	00	03	00	
00	00	00	00	00	00	00	00	00	01	
00	00	06	00	00	00	fe	ff	fe	ff	
01	00	00	00	f6	00	36	00	36	00	
36	00	44	00	5f	00	02	fc	ff	ff	
ff	05	00	05	00	05	00	03	00	f7	
00	28	00	36	00	36	00	36	00	51	
00	02	98	00	01	00	00	00	f5	43	
07	3f	00	00	d8	41	de	75	a6	9b	
c4	3d	01	00	18	00	01	04	00	8f	
c2	f5	3b	00	00	00	80	8f	c2	75	
3c	03	03	03	03	03	03	