42	45	45	31	30	31	32	08	1a	c1	
63	00	c1	00	0f	50	dd	2b	12	08	
00	83	00	00	00	21	01	04	01	01	
00	00	00	28	01	00	00	00	00	00	
04	00	00	00	64	00	aa	00	01	01	
00	00	00	00	29	01	2d	01	03	95	
ff	87	76	07	00	00	05	00	50	ad	
00	00	00	00	00	00	1b	00	42	ff	
4e	01	01	00	02	00	01	00	00	00	
00	00	03	00	03	00	03	00	03	00	
01	00	01	00	00	01	00	00	00	01	
00	00	06	00	00	00	fe	ff	fe	ff	
01	00	00	00	f6	00	36	00	36	00	
6c	00	36	00	44	00	02	fc	ff	ff	
ff	06	00	05	00	06	00	03	00	f7	
00	51	00	51	00	43	00	43	00	44	
00	02	a9	00	01	00	00	00	49	c8	
b9	3e	00	00	fa	41	11	76	33	33	
1b	c0	01	00	18	00	01	04	00	8f	
c2	f5	3b	8f	c2	f5	bb	0a	d7	a3	
3c	03	03	03	03	03	03	