42	45	45	31	30	31	32	08	1a	f6	
f3	00	c1	00	d4	cf	61	a7	09	03	
00	da	05	00	00	21	01	07	01	01	
00	00	00	23	01	00	00	00	00	00	
04	00	00	00	64	00	aa	00	01	01	
00	00	00	00	1f	01	21	01	03	8d	
ff	75	70	07	00	00	05	00	1b	1c	
00	00	00	00	00	00	18	00	42	ff	
5b	03	01	00	02	00	01	00	00	00	
00	00	03	00	03	00	03	00	03	00	
01	00	01	00	00	01	00	00	00	01	
00	00	06	00	00	00	ff	ff	fe	ff	
02	00	00	00	f6	00	36	00	36	00	
5e	00	36	00	36	00	02	fc	ff	00	
00	06	00	05	00	06	00	03	00	f7	
00	51	00	51	00	43	00	43	00	44	
00	02	a9	00	01	00	00	00	f2	17	
9a	3e	00	00	d8	41	5e	70	58	39	
34	3e	01	00	18	00	01	00	00	0a	
d7	23	3b	0a	d7	23	bb	cc	cc	4c	
3c	03	03	03	03	03	03	