42	45	45	31	30	31	32	08	1a	f5	
30	00	c1	00	d2	ba	dd	b8	37	01	
00	50	05	00	00	21	01	c2	00	01	
00	00	00	2c	01	28	01	00	5c	03	
02	00	00	00	00	00	99	00	01	01	
00	00	00	00	1f	01	23	01	03	9a	
ff	f7	7b	07	00	00	00	00	ea	36	
02	00	23	01	00	00	ab	ff	01	00	
9d	ff	00	00	01	00	00	00	00	00	
00	00	03	00	03	00	03	00	03	00	
00	00	00	00	00	00	00	00	00	01	
00	00	06	00	00	00	fe	ff	ff	ff	
01	00	00	00	f6	00	43	00	43	00	
43	00	51	00	6d	00	02	fc	ff	ff	
ff	05	00	05	00	06	00	03	00	f7	
00	36	00	36	00	36	00	36	00	51	
00	02	98	00	01	00	00	00	8a	e2	
30	3f	00	00	e4	41	f3	7b	48	e1	
7a	be	01	00	10	00	01	04	00	0a	
d7	23	3c	0a	d7	23	bb	8f	c2	75	
3c	03	03	03	03	03	03	