42	45	45	31	30	31	32	08	1a	c5	
dc	00	c1	00	0f	51	e2	00	83	01	
00	94	00	00	00	21	01	c2	00	01	
00	00	00	32	01	21	01	00	6e	03	
02	00	00	00	00	00	99	00	01	01	
00	00	00	00	24	01	28	01	03	99	
ff	2f	7a	07	00	00	00	00	a6	95	
02	00	23	01	00	00	ab	ff	01	00	
9d	ff	00	00	01	00	00	00	00	00	
00	00	03	00	03	00	03	00	03	00	
00	00	00	00	00	00	00	00	00	01	
00	00	06	00	00	00	ff	ff	fe	ff	
01	00	00	00	e7	00	36	00	36	00	
36	00	44	00	5f	00	02	fc	ff	00	
00	05	00	05	00	06	00	03	00	f7	
00	36	00	36	00	36	00	43	00	5f	
00	02	98	00	01	00	00	00	37	c3	
2c	3f	00	00	dc	41	33	7a	a6	9b	
c4	3d	01	00	18	00	00	00	00	0a	
d7	23	3b	0a	d7	23	bb	8f	c2	75	
3c	03	03	03	03	03	03	