42	45	45	31	30	31	32	08	1a	c0	
2f	00	c1	00	0f	46	9e	b1	84	02	
00	05	00	00	00	11	01	cb	00	01	
00	00	00	29	01	00	00	00	00	00	
04	00	00	00	64	00	a2	00	01	01	
00	00	00	00	24	01	28	01	03	97	
ff	26	79	07	00	00	05	00	09	2c	
01	00	0f	01	00	00	1b	00	42	ff	
7b	01	01	00	02	00	01	00	00	00	
00	00	03	00	03	00	03	00	03	00	
01	00	01	00	00	01	00	00	00	01	
00	00	06	00	00	00	fe	ff	fe	ff	
02	00	00	00	f6	00	36	00	36	00	
36	00	44	00	5f	00	02	fb	ff	ff	
ff	05	00	05	00	06	00	03	00	f7	
00	36	00	36	00	28	00	36	00	5f	
00	02	a1	00	01	00	00	00	6d	e0	
21	3f	00	00	dd	41	21	79	a6	9b	
c4	3d	01	00	18	00	01	04	00	00	
00	00	00	0a	d7	a3	bb	29	5c	8f	
3c	03	03	03	03	03	03	