42	45	45	31	30	31	32	08	1a	c0	
55	00	c1	00	d3	a5	a8	65	fc	02	
00	0d	11	00	00	11	01	c2	00	01	
00	00	00	36	01	00	00	00	00	00	
02	00	00	00	00	00	99	00	01	01	
00	00	00	00	24	01	28	01	03	9a	
ff	c3	7b	07	00	00	00	00	fd	4b	
01	00	23	01	00	00	ab	ff	01	00	
9d	ff	00	00	01	00	00	00	00	00	
00	00	03	00	03	00	03	00	03	00	
00	00	00	00	00	00	00	00	00	01	
00	00	06	00	00	00	fe	ff	fe	ff	
01	00	00	00	f6	00	36	00	36	00	
36	00	44	00	5f	00	02	fc	ff	00	
00	06	00	05	00	06	00	03	00	f7	
00	36	00	36	00	36	00	36	00	51	
00	02	98	00	01	00	00	00	72	f3	
34	3f	00	00	e4	41	c7	7b	17	d9	
ce	3d	01	00	18	00	01	04	00	0a	
d7	23	3c	00	00	00	80	8f	c2	75	
3c	03	03	03	03	03	03	