42	45	45	31	30	31	32	08	1a	c1	
8b	00	c1	00	d4	ee	70	8f	a3	04	
00	68	07	00	00	21	01	08	01	01	
00	00	00	28	01	00	00	00	00	00	
00	00	00	00	00	00	00	00	00	00	
00	00	00	00	00	00	00	00	00	00	
00	00	00	00	00	00	00	00	00	00	
00	00	00	00	00	00	21	00	1c	00	
51	03	01	00	02	00	01	00	00	00	
00	00	03	00	03	00	03	00	03	00	
01	01	01	00	00	01	00	00	00	01	
00	00	06	00	00	00	ff	ff	fe	ff	
02	00	00	00	e7	00	28	00	28	00	
51	00	44	00	44	00	02	fc	ff	00	
00	06	00	05	00	06	00	03	00	d8	
00	36	00	1b	00	28	00	36	00	36	
00	02	aa	00	01	00	00	00	69	2d	
3c	3f	00	00	e2	41	a4	7b	e7	fb	
29	3e	01	00	10	00	01	00	00	0a	
d7	a3	3b	0a	d7	23	bb	0a	d7	a3	
3c	03	03	03	03	03	03	