42	45	45	31	30	31	32	08	1a	c2	
a3	00	c1	00	0f	53	5d	29	7d	08	
00	a3	00	00	00	21	01	04	01	01	
00	00	00	29	01	00	00	00	00	00	
04	00	00	00	64	00	aa	00	01	01	
00	00	00	00	2c	01	2e	01	03	97	
ff	af	78	07	00	00	05	00	da	aa	
00	00	00	00	00	00	1b	00	42	ff	
4f	01	01	00	02	00	01	00	00	00	
00	00	03	00	03	00	03	00	03	00	
01	00	01	00	00	01	00	00	00	01	
00	00	06	00	00	00	ff	ff	fe	ff	
02	00	00	00	f6	00	36	00	36	00	
5e	00	36	00	44	00	02	fc	ff	00	
00	05	00	05	00	06	00	03	00	f7	
00	51	00	51	00	43	00	43	00	44	
00	02	a9	00	01	00	00	00	e0	d3	
f8	3e	00	00	fc	41	5e	78	60	e5	
c0	bf	01	00	18	00	01	04	00	00	
00	00	00	00	00	00	80	8f	c2	75	
3c	03	03	03	03	03	03	