42	45	45	31	30	31	32	08	1a	fc	
43	00	c1	00	d4	da	01	a7	02	03	
00	63	06	00	00	21	01	07	01	01	
00	00	00	25	01	00	00	00	00	00	
04	00	00	00	64	00	aa	00	01	01	
00	00	00	00	24	01	28	01	03	95	
ff	58	79	07	00	00	05	00	6f	11	
00	00	00	00	00	00	16	00	42	ff	
63	01	01	00	02	00	01	00	00	00	
00	00	03	00	03	00	03	00	03	00	
01	00	01	00	00	01	00	00	00	01	
00	00	06	00	00	00	ff	ff	fe	ff	
02	00	00	00	f6	00	36	00	36	00	
5e	00	36	00	44	00	02	fc	ff	00	
00	06	00	05	00	06	00	03	00	f7	
00	5f	00	51	00	43	00	43	00	44	
00	02	a9	00	01	00	00	00	97	7f	
04	3f	00	00	f6	41	0e	79	3f	35	
be	bf	01	00	18	00	01	04	00	cc	
cc	4c	3c	00	00	00	80	cc	cc	4c	
3c	03	03	03	03	03	03	