42	45	45	31	30	31	32	08	1a	f2	
35	00	c1	00	d2	b4	e7	b8	45	01	
00	04	05	00	00	21	01	c2	00	01	
00	00	00	2e	01	28	01	00	5c	03	
02	00	00	00	00	00	99	00	01	01	
00	00	00	00	24	01	26	01	03	9a	
ff	f3	7a	07	00	00	00	00	e5	3c	
02	00	23	01	00	00	ab	ff	01	00	
9d	ff	00	00	01	00	00	00	00	00	
00	00	03	00	03	00	03	00	03	00	
00	00	00	00	00	00	00	00	00	01	
00	00	06	00	00	00	fe	ff	fe	ff	
02	00	00	00	15	01	36	00	5f	00	
28	00	36	00	51	00	02	fc	ff	ff	
ff	05	00	05	00	05	00	03	00	f7	
00	36	00	36	00	36	00	36	00	51	
00	02	98	00	01	00	00	00	29	46	
1f	3f	00	00	ed	41	da	7a	4a	0c	
22	bf	01	00	10	00	01	04	00	cc	
cc	4c	3c	0a	d7	a3	bb	8f	c2	75	
3c	03	03	03	03	03	03	