42	45	45	31	30	31	32	08	1a	c6	
ab	00	c1	00	0f	55	5e	72	1e	05	
00	bf	00	00	00	21	01	f8	00	01	
00	00	00	27	01	00	00	00	00	00	
04	00	00	00	64	00	aa	00	01	01	
00	00	00	00	24	01	26	01	03	4f	
ff	2e	71	07	00	00	05	00	3c	d0	
00	00	00	00	00	00	1b	00	42	ff	
4d	01	01	00	02	00	01	00	00	00	
00	00	03	00	03	00	03	00	03	00	
01	00	01	00	00	01	00	00	00	01	
00	00	06	00	00	00	ff	ff	fe	ff	
01	00	00	00	f6	00	36	00	36	00	
5e	00	36	00	36	00	02	fc	ff	00	
00	06	00	05	00	06	00	03	00	f7	
00	51	00	51	00	43	00	36	00	44	
00	02	a9	00	01	00	00	00	a4	10	
a4	3e	00	00	dd	41	31	71	42	60	
e5	3d	01	00	18	00	01	04	00	8f	
c2	f5	3b	0a	d7	23	bb	29	5c	8f	
3c	03	03	03	03	03	03	