42	45	45	31	30	31	32	08	1a	e0	
ee	00	c1	00	d4	a3	57	a9	80	03	
00	a6	03	00	00	21	01	07	01	01	
00	00	00	20	01	00	00	00	00	00	
04	00	00	00	64	00	aa	00	01	01	
00	00	00	00	1a	01	1e	01	03	91	
ff	f4	73	07	00	00	05	00	30	48	
00	00	00	00	00	00	19	00	42	ff	
81	01	01	00	02	00	01	00	00	00	
00	00	03	00	03	00	03	00	03	00	
01	00	01	00	00	01	00	00	00	01	
00	00	06	00	00	00	fe	ff	fe	ff	
02	00	00	00	f6	00	36	00	36	00	
5e	00	28	00	36	00	02	fc	ff	00	
00	06	00	05	00	06	00	03	00	f7	
00	51	00	51	00	43	00	43	00	44	
00	02	a9	00	01	00	00	00	c0	63	
e6	3e	00	00	d4	41	d6	73	e7	fb	
29	3e	01	00	18	00	01	00	00	8f	
c2	f5	3b	0a	d7	a3	bb	8f	c2	75	
3c	03	03	03	03	03	03	