42	45	45	31	30	31	32	08	1a	c1	
4b	00	c1	00	d4	e4	11	a7	08	03	
00	e4	06	00	00	21	01	07	01	01	
00	00	00	25	01	00	00	00	00	00	
04	00	00	00	64	00	aa	00	01	01	
00	00	00	00	24	01	27	01	03	97	
ff	29	7c	07	00	00	05	00	5a	07	
00	00	00	00	00	00	18	00	42	ff	
5f	03	01	00	02	00	01	00	00	00	
00	00	03	00	03	00	03	00	03	00	
01	00	01	00	00	01	00	00	00	01	
00	00	06	00	00	00	fe	ff	fe	ff	
02	00	00	00	a9	00	00	00	00	00	
28	00	00	00	00	00	02	fc	ff	ff	
ff	06	00	05	00	06	00	03	00	07	
01	5f	00	5f	00	51	00	43	00	51	
00	02	a9	00	01	00	00	00	fe	17	
32	3f	00	00	e8	41	15	7c	87	16	
59	be	01	00	18	00	01	00	00	0a	
d7	23	3b	00	00	00	80	0a	d7	a3	
3b	03	03	03	03	03	03	