42	45	45	31	30	31	32	08	1a	ea	
b7	00	c1	00	d4	b6	e9	a7	73	03	
00	a1	04	00	00	21	01	07	01	01	
00	00	00	1e	01	00	00	00	00	00	
04	00	00	00	64	00	aa	00	01	01	
00	00	00	00	1a	01	1d	01	03	8f	
ff	6c	72	07	00	00	05	00	9c	34	
00	00	00	00	00	00	16	00	42	ff	
5c	03	01	00	02	00	01	00	00	00	
00	00	03	00	03	00	03	00	03	00	
01	00	01	00	00	01	00	00	00	01	
00	00	06	00	00	00	fe	ff	fe	ff	
01	00	00	00	f6	00	36	00	28	00	
5e	00	36	00	36	00	02	fc	ff	ff	
ff	06	00	05	00	06	00	03	00	f7	
00	51	00	51	00	43	00	36	00	44	
00	02	a9	00	01	00	00	00	f1	a5	
c3	3e	00	00	d4	41	53	72	a0	1a	
2f	3e	01	00	18	00	01	04	00	0a	
d7	23	3c	0a	d7	23	bb	cc	cc	4c	
3c	03	03	03	03	03	03	