42	45	45	31	30	31	32	08	1a	c0	
65	00	c1	00	d4	5a	f3	de	24	01	
00	09	00	00	00	21	01	06	01	01	
00	00	00	27	01	00	00	00	00	00	
04	00	00	00	64	00	aa	00	01	01	
00	00	00	00	27	01	28	01	03	97	
ff	ee	7a	07	00	00	05	00	f6	90	
00	00	00	00	00	00	1b	00	42	ff	
64	01	01	00	02	00	01	00	00	00	
00	00	03	00	03	00	03	00	03	00	
01	00	01	00	00	01	00	00	00	01	
00	00	06	00	00	00	ff	ff	fe	ff	
02	00	00	00	f6	00	36	00	36	00	
5e	00	44	00	44	00	02	fc	ff	00	
00	06	00	05	00	06	00	03	00	f7	
00	51	00	5f	00	43	00	36	00	44	
00	02	a9	00	01	00	00	00	6b	4f	
2e	3f	00	00	e2	41	e1	7a	d1	22	
db	3d	01	00	18	00	01	04	00	0a	
d7	a3	3b	8f	c2	f5	bb	cc	cc	cc	
3c	03	03	03	03	03	03	