42	45	45	31	30	31	32	08	1a	d3	
34	00	c1	00	0f	6c	92	00	31	01	
00	ea	01	00	00	21	01	c2	00	01	
00	00	00	30	01	28	01	00	5c	03	
02	00	00	00	00	00	99	00	01	01	
00	00	00	00	22	01	24	01	03	95	
ff	44	77	07	00	00	00	00	ea	7a	
02	00	2c	01	00	00	ab	ff	01	00	
9d	ff	00	00	01	00	00	00	00	00	
00	00	03	00	03	00	03	00	03	00	
00	00	00	00	00	00	00	00	00	01	
00	00	06	00	00	00	fe	ff	fe	ff	
01	00	00	00	f6	00	36	00	36	00	
36	00	44	00	5f	00	02	fc	ff	ff	
ff	05	00	05	00	05	00	03	00	f7	
00	28	00	36	00	28	00	36	00	51	
00	02	98	00	01	00	00	00	43	22	
16	3f	00	00	da	41	47	77	d1	22	
db	3d	01	00	18	00	01	04	00	0a	
d7	23	3b	00	00	00	80	eb	51	b8	
3c	03	03	03	03	03	03	