42	45	45	31	30	31	32	08	1a	e7	
04	00	c1	00	d3	9e	85	b8	35	01	
00	b3	10	00	00	21	01	c2	00	01	
00	00	00	2e	01	28	01	00	5c	03	
02	00	00	00	00	00	99	00	01	01	
00	00	00	00	24	01	26	01	03	9b	
ff	ab	7b	07	00	00	00	00	1c	53	
01	00	2c	01	00	00	ab	ff	01	00	
9d	ff	00	00	01	00	00	00	00	00	
00	00	03	00	03	00	03	00	03	00	
00	00	00	00	00	00	00	00	00	01	
00	00	06	00	00	00	fe	ff	fe	ff	
02	00	00	00	f6	00	43	00	36	00	
36	00	44	00	5f	00	02	fc	ff	00	
00	05	00	05	00	06	00	03	00	f7	
00	36	00	36	00	28	00	36	00	5f	
00	02	98	00	01	00	00	00	07	b5	
2a	3f	00	00	ee	41	9b	7b	ba	49	
cc	be	01	00	10	00	01	04	00	0a	
d7	a3	3b	8f	c2	f5	bb	0a	d7	a3	
3c	03	03	03	03	03	03	