42	45	45	31	30	31	32	08	1a	c2	
c3	00	c1	00	0f	53	9d	2b	1c	08	
00	a7	00	00	00	21	01	04	01	01	
00	00	00	29	01	00	00	00	00	00	
04	00	00	00	64	00	aa	00	01	01	
00	00	00	00	2c	01	2e	01	03	97	
ff	f3	78	07	00	00	05	00	80	aa	
00	00	00	00	00	00	1c	00	42	ff	
53	01	01	00	02	00	01	00	00	00	
00	00	03	00	03	00	03	00	03	00	
01	00	01	00	00	01	00	00	00	01	
00	00	06	00	00	00	fe	ff	fe	ff	
02	00	00	00	f6	00	36	00	36	00	
6c	00	36	00	44	00	02	fc	ff	00	
00	05	00	05	00	06	00	03	00	07	
01	5f	00	5f	00	51	00	43	00	44	
00	02	a9	00	01	00	00	00	dd	dc	
ff	3e	00	00	fc	41	a4	78	a6	9b	
b4	bf	01	00	18	00	01	04	00	0a	
d7	23	3b	8f	c2	f5	bb	29	5c	8f	
3c	03	03	03	03	03	03	