42	45	45	31	30	31	32	08	1a	e1	
75	00	c1	00	d3	93	67	b8	35	01	
00	24	10	00	00	21	01	c2	00	01	
00	00	00	2b	01	28	01	00	5c	03	
02	00	00	00	00	00	99	00	01	01	
00	00	00	00	1f	01	22	01	03	95	
ff	f2	74	07	00	00	00	00	40	5e	
01	00	23	01	00	00	ab	ff	01	00	
9d	ff	00	00	01	00	00	00	00	00	
00	00	03	00	03	00	03	00	03	00	
00	00	00	00	00	00	00	00	00	01	
00	00	06	00	00	00	fe	ff	fe	ff	
02	00	00	00	f6	00	36	00	36	00	
36	00	44	00	5f	00	02	fc	ff	ff	
ff	06	00	05	00	06	00	03	00	f7	
00	28	00	36	00	28	00	36	00	51	
00	02	98	00	01	00	00	00	10	cc	
8e	3e	00	00	e8	41	8f	74	10	58	
39	c0	01	00	10	00	01	04	00	0a	
d7	23	3c	0a	d7	23	bc	29	5c	8f	
3c	03	03	03	03	03	03	