42	45	45	31	30	31	32	08	1a	e7	
08	00	c1	00	d3	1e	8d	b8	54	01	
00	4d	0a	00	00	21	01	c2	00	01	
00	00	00	27	01	28	01	00	5c	03	
02	00	00	00	00	00	99	00	01	01	
00	00	00	00	18	01	1b	01	03	98	
ff	3c	78	07	00	00	00	00	24	d3	
01	00	2c	01	00	00	ab	ff	01	00	
9d	ff	00	00	01	00	00	00	00	00	
00	00	03	00	03	00	03	00	03	00	
00	00	00	00	00	00	00	00	00	01	
00	00	06	00	ff	ff	fe	ff	fe	ff	
02	00	00	00	e7	00	36	00	36	00	
36	00	44	00	5f	00	02	fc	ff	ff	
ff	05	00	05	00	06	00	03	00	f7	
00	36	00	36	00	36	00	36	00	51	
00	02	98	00	01	00	00	00	f1	a8	
1f	3f	00	00	d4	41	3d	78	17	d9	
ce	3d	01	00	10	00	01	04	00	0a	
d7	a3	3b	00	00	00	80	cc	cc	4c	
3c	03	03	03	03	03	03	