42	45	45	31	30	31	32	08	1a	c1	
38	00	c1	00	d3	dc	14	e0	ef	23	
00	b9	13	00	00	21	01	ed	00	01	
00	00	00	33	01	00	00	00	00	00	
04	00	00	00	64	00	a9	00	01	01	
00	00	00	00	24	01	27	01	03	95	
ff	fb	74	07	00	00	05	00	06	00	
01	00	00	00	00	00	ab	ff	01	00	
9d	ff	00	00	01	00	00	00	00	00	
00	00	03	00	03	00	03	00	03	00	
00	00	00	00	00	00	00	00	00	01	
00	00	06	00	00	00	ff	ff	fe	ff	
01	00	00	00	05	01	43	00	43	00	
43	00	36	00	51	00	02	fc	ff	ff	
ff	06	00	05	00	06	00	03	00	f7	
00	36	00	36	00	36	00	36	00	51	
00	02	a8	00	01	00	00	00	62	96	
f2	3e	00	00	dc	41	f9	74	17	d9	
ce	3d	01	00	18	00	01	04	00	8f	
c2	f5	3b	8f	c2	f5	bb	8f	c2	75	
3c	03	03	03	03	03	03	