42	45	45	31	30	31	32	08	1a	d8	
83	00	c1	00	d4	92	81	a9	17	03	
00	d0	02	00	00	21	01	07	01	01	
00	00	00	20	01	00	00	00	00	00	
00	00	00	00	00	00	00	00	00	00	
00	00	00	00	00	00	00	00	00	00	
00	00	00	00	00	00	00	00	00	00	
00	00	00	00	00	00	19	00	42	ff	
53	03	01	00	02	00	01	00	00	00	
00	00	03	00	03	00	03	00	03	00	
01	00	01	00	00	01	00	00	00	01	
00	00	06	00	00	00	ff	ff	fe	ff	
02	00	00	00	f6	00	36	00	28	00	
5e	00	36	00	36	00	02	fc	ff	ff	
ff	06	00	05	00	06	00	03	00	e8	
00	51	00	51	00	43	00	36	00	36	
00	02	a9	00	01	00	00	00	35	27	
02	3f	00	00	d4	41	59	75	a0	1a	
2f	3e	01	00	18	00	01	00	00	00	
00	00	00	0a	d7	23	bb	8f	c2	75	
3c	03	03	03	03	03	03	