42	45	45	31	30	31	32	08	1a	d8	
0b	00	c1	00	d4	91	91	a6	f7	03	
00	c4	02	00	00	21	01	07	01	01	
00	00	00	20	01	00	00	00	00	00	
00	00	00	00	00	00	00	00	00	00	
00	00	00	00	00	00	00	00	00	00	
00	00	00	00	00	00	00	00	00	00	
00	00	00	00	00	00	17	00	42	ff	
55	03	01	00	02	00	01	00	00	00	
00	00	03	00	03	00	03	00	03	00	
01	00	01	00	00	01	00	00	00	01	
00	00	06	00	00	00	ff	ff	fe	ff	
02	00	00	00	f6	00	36	00	28	00	
5e	00	36	00	36	00	02	fc	ff	ff	
ff	06	00	06	00	06	00	03	00	f7	
00	51	00	51	00	43	00	43	00	36	
00	02	a9	00	01	00	00	00	94	fe	
02	3f	00	00	d4	41	6b	75	2f	dd	
24	3e	01	00	18	00	01	00	00	8f	
c2	f5	3b	0a	d7	23	bb	cc	cc	4c	
3c	03	03	03	03	03	03	