42	45	45	31	30	31	32	08	1a	e1	
cf	00	c1	00	d4	a5	19	a9	6d	03	
00	bd	03	00	00	21	01	07	01	01	
00	00	00	20	01	00	00	00	00	00	
04	00	00	00	64	00	aa	00	01	01	
00	00	00	00	1a	01	1e	01	03	90	
ff	cd	73	07	00	00	05	00	6e	46	
00	00	00	00	00	00	1b	00	42	ff	
60	01	01	00	02	00	01	00	00	00	
00	00	03	00	03	00	03	00	03	00	
01	00	01	00	00	01	00	00	00	01	
00	00	06	00	00	00	fe	ff	fe	ff	
02	00	00	00	f6	00	36	00	28	00	
5e	00	36	00	36	00	02	fc	ff	ff	
ff	06	00	05	00	06	00	03	00	f7	
00	51	00	51	00	43	00	36	00	44	
00	02	a9	00	01	00	00	00	32	2d	
e3	3e	00	00	d4	41	b3	73	a0	1a	
2f	3e	01	00	18	00	01	04	00	8f	
c2	f5	3b	0a	d7	23	bb	8f	c2	75	
3c	03	03	03	03	03	03	