42	45	45	31	30	31	32	08	1a	d8	
80	00	c1	00	d3	01	7d	b8	45	01	
00	d9	08	00	00	21	01	c2	00	01	
00	00	00	28	01	28	01	00	5c	03	
02	00	00	00	00	00	99	00	01	01	
00	00	00	00	1a	01	1d	01	03	99	
ff	ec	7a	07	00	00	00	00	37	f0	
01	00	2c	01	00	00	ab	ff	01	00	
9d	ff	00	00	01	00	00	00	00	00	
00	00	03	00	03	00	03	00	03	00	
00	00	00	00	00	00	00	00	00	01	
00	00	06	00	00	00	fe	ff	fe	ff	
02	00	00	00	f6	00	36	00	36	00	
36	00	44	00	5f	00	02	fc	ff	ff	
ff	05	00	05	00	06	00	03	00	f7	
00	28	00	36	00	28	00	36	00	51	
00	02	98	00	01	00	00	00	ed	52	
35	3f	00	00	d4	41	eb	7a	a6	9b	
c4	3d	01	00	10	00	01	04	00	0a	
d7	23	3c	0a	d7	23	bb	8f	c2	f5	
3b	03	03	03	03	03	03	