42	45	45	31	30	31	32	08	1a	c0	
c3	00	c1	00	d4	63	01	a7	77	03	
00	6f	00	00	00	21	01	07	01	01	
00	00	00	2e	01	00	00	00	00	00	
04	00	00	00	64	00	aa	00	01	01	
00	00	00	00	24	01	27	01	03	96	
ff	41	7a	07	00	00	05	00	8e	88	
00	00	00	00	00	00	16	00	42	ff	
5f	01	01	00	02	00	01	00	00	00	
00	00	03	00	03	00	03	00	03	00	
01	00	01	00	00	01	00	00	00	01	
00	00	06	00	00	00	ff	ff	fe	ff	
02	00	00	00	f6	00	36	00	36	00	
5e	00	36	00	44	00	02	fc	ff	00	
00	06	00	05	00	06	00	03	00	f7	
00	5f	00	51	00	43	00	43	00	44	
00	02	a9	00	01	00	00	00	90	c2	
28	3f	00	00	de	41	28	7a	52	b8	
1e	3e	01	00	18	00	01	04	00	8f	
c2	f5	bb	0a	d7	a3	bb	cc	cc	cc	
3c	03	03	03	03	03	03	