42	45	45	31	30	31	32	08	1a	c0	
9b	00	c1	00	0f	4f	4d	2b	17	08	
00	70	00	00	00	21	01	04	01	01	
00	00	00	28	01	00	00	00	00	00	
04	00	00	00	64	00	aa	00	01	01	
00	00	00	00	27	01	2a	01	03	93	
ff	60	74	07	00	00	05	00	d6	ae	
00	00	00	00	00	00	19	00	42	ff	
94	03	01	00	02	00	01	00	00	00	
00	00	03	00	03	00	03	00	03	00	
01	00	01	00	00	01	00	00	00	01	
00	00	06	00	00	00	ff	ff	fe	ff	
02	00	00	00	f6	00	36	00	28	00	
5e	00	36	00	36	00	02	fc	ff	00	
00	06	00	05	00	06	00	03	00	f7	
00	51	00	51	00	43	00	36	00	44	
00	02	a9	00	01	00	00	00	60	d7	
81	3e	00	00	ef	41	df	73	b8	1e	
35	c0	01	00	18	00	01	00	00	00	
00	00	00	0a	d7	23	bc	8f	c2	75	
3c	03	03	03	03	03	03	