42	45	45	31	30	31	32	08	1a	c3	
ca	00	c1	00	0f	55	ab	2b	19	08	
00	c1	00	00	00	21	01	04	01	01	
00	00	00	29	01	00	00	00	00	00	
04	00	00	00	64	00	aa	00	01	01	
00	00	00	00	2c	01	2e	01	03	98	
ff	16	7a	07	00	00	05	00	82	a8	
00	00	00	00	00	00	1b	00	42	ff	
4d	01	01	00	02	00	01	00	00	00	
00	00	03	00	03	00	03	00	03	00	
01	00	01	00	00	01	00	00	00	01	
00	00	06	00	00	00	fe	ff	fe	ff	
02	00	00	00	f6	00	36	00	36	00	
5e	00	36	00	36	00	02	fc	ff	00	
00	06	00	05	00	06	00	03	00	f7	
00	51	00	51	00	43	00	43	00	44	
00	02	a9	00	01	00	00	00	ca	2c	
10	3f	00	00	fc	41	d8	79	23	db	
79	bf	01	00	18	00	01	04	00	0a	
d7	a3	3b	0a	d7	23	bb	29	5c	8f	
3c	03	03	03	03	03	03	