42	45	45	31	30	31	32	08	1a	c6	
ea	00	c1	00	0f	5b	eb	2b	8c	08	
00	10	01	00	00	21	01	04	01	01	
00	00	00	28	01	00	00	00	00	00	
00	00	00	00	00	00	00	00	00	00	
00	00	00	00	00	00	00	00	00	00	
00	00	00	00	00	00	00	00	00	00	
00	00	00	00	00	00	14	00	42	ff	
69	03	01	00	02	00	01	00	00	00	
00	00	03	00	03	00	03	00	03	00	
01	00	01	00	00	01	00	00	00	01	
00	00	06	00	00	00	ff	ff	ff	ff	
02	00	00	00	05	01	43	00	43	00	
5e	00	44	00	36	00	02	fc	ff	ff	
ff	05	00	06	00	06	00	03	00	f7	
00	51	00	51	00	43	00	43	00	44	
00	02	a9	00	01	00	00	00	18	8d	
2a	3f	00	00	f0	41	ab	7b	2d	b2	
9d	be	01	00	18	00	01	00	00	0a	
d7	a3	3b	0a	d7	23	3b	8f	c2	75	
3c	03	03	03	03	03	03	