42	45	45	31	30	31	32	08	1a	c7	
37	00	c1	00	0f	5c	85	2b	18	08	
00	19	01	00	00	21	01	04	01	01	
00	00	00	29	01	00	00	00	00	00	
04	00	00	00	64	00	aa	00	01	01	
00	00	00	00	29	01	2c	01	03	96	
ff	e2	7b	07	00	00	05	00	97	a1	
00	00	00	00	00	00	18	00	42	ff	
61	01	01	00	02	00	01	00	00	00	
00	00	03	00	03	00	03	00	03	00	
01	00	01	00	00	01	00	00	00	01	
00	00	06	00	00	00	fe	ff	ff	ff	
02	00	00	00	f6	00	36	00	36	00	
6c	00	44	00	44	00	02	fc	ff	ff	
ff	06	00	05	00	06	00	03	00	f7	
00	51	00	51	00	43	00	51	00	44	
00	02	a9	00	01	00	00	00	24	41	
2c	3f	00	00	ee	41	cf	7b	2d	b2	
9d	be	01	00	18	00	01	04	00	00	
00	00	00	00	00	00	80	eb	51	b8	
3c	03	03	03	03	03	03	