42	45	45	31	30	31	32	08	1a	c1	
d6	00	c1	00	0f	51	c3	2b	18	08	
00	8f	00	00	00	21	01	04	01	01	
00	00	00	29	01	00	00	00	00	00	
04	00	00	00	64	00	aa	00	01	01	
00	00	00	00	29	01	2e	01	03	96	
ff	3a	77	07	00	00	05	00	60	ac	
00	00	00	00	00	00	18	00	42	ff	
4d	01	01	00	02	00	01	00	00	00	
00	00	03	00	03	00	03	00	03	00	
01	00	01	00	00	01	00	00	00	01	
00	00	06	00	00	00	ff	ff	fe	ff	
02	00	00	00	05	01	36	00	36	00	
5e	00	36	00	44	00	02	fc	ff	00	
00	05	00	05	00	06	00	03	00	f7	
00	5f	00	51	00	51	00	43	00	36	
00	02	a9	00	01	00	00	00	a2	48	
d5	3e	00	00	fa	41	db	76	0a	d7	
f3	bf	01	00	18	00	01	04	00	00	
00	00	00	0a	d7	a3	bb	cc	cc	cc	
3c	03	03	03	03	03	03	