42	45	45	31	30	31	32	08	1a	e1	
c5	00	c1	00	d3	94	07	b8	46	01	
00	2c	10	00	00	21	01	c2	00	01	
00	00	00	2b	01	28	01	00	5c	03	
02	00	00	00	00	00	99	00	01	01	
00	00	00	00	1f	01	23	01	03	95	
ff	fc	75	07	00	00	00	00	aa	5d	
01	00	23	01	00	00	ab	ff	01	00	
9d	ff	00	00	01	00	00	00	00	00	
00	00	03	00	03	00	03	00	03	00	
00	00	00	00	00	00	00	00	00	01	
00	00	06	00	00	00	fe	ff	fe	ff	
02	00	00	00	f6	00	36	00	36	00	
36	00	44	00	5f	00	02	fc	ff	ff	
ff	06	00	05	00	06	00	03	00	f7	
00	28	00	36	00	28	00	36	00	51	
00	02	98	00	01	00	00	00	52	a8	
a5	3e	00	00	f0	41	a0	75	c7	4b	
37	c0	01	00	10	00	01	04	00	0a	
d7	a3	3b	0a	d7	a3	bb	8f	c2	75	
3c	03	03	03	03	03	03	