42	45	45	31	30	31	32	08	1a	ce	
c8	00	c1	00	0f	63	ba	00	24	01	
00	7a	01	00	00	21	01	c2	00	01	
00	00	00	31	01	28	01	00	5c	03	
02	00	00	00	00	00	99	00	01	01	
00	00	00	00	24	01	25	01	03	97	
ff	46	78	07	00	00	00	00	b6	83	
02	00	2c	01	00	00	ab	ff	01	00	
9d	ff	00	00	01	00	00	00	00	00	
00	00	03	00	03	00	03	00	03	00	
00	00	00	00	00	00	00	00	00	01	
00	00	06	00	00	00	fe	ff	fe	ff	
01	00	00	00	f6	00	36	00	36	00	
36	00	44	00	5f	00	02	fc	ff	ff	
ff	05	00	05	00	05	00	03	00	f7	
00	36	00	36	00	36	00	36	00	5f	
00	02	98	00	01	00	00	00	26	48	
1e	3f	00	00	dc	41	4f	78	a6	9b	
c4	3d	01	00	18	00	01	04	00	0a	
d7	23	3c	0a	d7	a3	bb	0a	d7	23	
3c	03	03	03	03	03	03	