42	45	45	31	30	31	32	08	1a	c5	
0a	00	c1	00	0f	58	2b	2b	8c	08	
00	e0	00	00	00	21	01	04	01	01	
00	00	00	2a	01	00	00	00	00	00	
04	00	00	00	64	00	aa	00	01	01	
00	00	00	00	2c	01	2e	01	03	99	
ff	06	7b	07	00	00	05	00	0b	a6	
00	00	00	00	00	00	19	00	42	ff	
4e	01	01	00	02	00	01	00	00	00	
00	00	03	00	03	00	03	00	03	00	
01	00	01	00	00	01	00	00	00	01	
00	00	06	00	00	00	fe	ff	fe	ff	
02	00	00	00	f6	00	36	00	36	00	
5e	00	36	00	44	00	02	fc	ff	00	
00	06	00	05	00	06	00	03	00	f7	
00	51	00	51	00	43	00	43	00	44	
00	02	a9	00	01	00	00	00	08	af	
1d	3f	00	00	f8	41	ce	7a	cf	f7	
13	bf	01	00	18	00	01	04	00	0a	
d7	23	3b	0a	d7	23	bb	0a	d7	a3	
3c	03	03	03	03	03	03	