42	45	45	31	30	31	32	08	1a	d2	
7a	00	c1	00	d4	86	6f	a7	08	03	
00	35	02	00	00	21	01	07	01	01	
00	00	00	21	01	00	00	00	00	00	
04	00	00	00	64	00	aa	00	01	01	
00	00	00	00	1d	01	20	01	03	93	
ff	7e	76	07	00	00	05	00	08	65	
00	00	00	00	00	00	1c	00	42	ff	
7f	01	01	00	02	00	01	00	00	00	
00	00	03	00	03	00	03	00	03	00	
01	00	01	00	00	01	00	00	00	01	
00	00	06	00	00	00	fe	ff	fe	ff	
02	00	00	00	f6	00	36	00	36	00	
5e	00	36	00	36	00	02	fc	ff	00	
00	06	00	05	00	06	00	03	00	f7	
00	51	00	51	00	43	00	43	00	44	
00	02	a9	00	01	00	00	00	15	d4	
0c	3f	00	00	d4	41	73	76	60	e5	
d0	3d	01	00	18	00	01	04	00	0a	
d7	23	3c	00	00	00	80	8f	c2	75	
3c	03	03	03	03	03	03	