42	45	45	31	30	31	32	08	1a	c4	
06	00	c1	00	0f	56	23	2b	18	08	
00	c7	00	00	00	21	01	04	01	01	
00	00	00	28	01	00	00	00	00	00	
04	00	00	00	64	00	aa	00	01	01	
00	00	00	00	2c	01	2e	01	03	96	
ff	4e	7a	07	00	00	05	00	09	a8	
00	00	00	00	00	00	18	00	42	ff	
81	03	01	00	02	00	01	00	00	00	
00	00	03	00	03	00	03	00	03	00	
01	00	01	00	00	01	00	00	00	01	
00	00	06	00	00	00	fe	ff	fe	ff	
02	00	00	00	f6	00	36	00	36	00	
6c	00	36	00	44	00	02	fc	ff	ff	
ff	06	00	05	00	06	00	03	00	f7	
00	51	00	51	00	43	00	43	00	44	
00	02	a9	00	01	00	00	00	7d	39	
13	3f	00	00	fc	41	16	7a	93	18	
64	bf	01	00	18	00	01	04	00	00	
00	00	00	0a	d7	23	bb	29	5c	8f	
3c	03	03	03	03	03	03	