42	45	45	31	30	31	32	08	1a	ef	
9b	00	c1	00	d4	c0	b1	a7	02	03	
00	1f	05	00	00	21	01	07	01	01	
00	00	00	20	01	00	00	00	00	00	
04	00	00	00	64	00	aa	00	01	01	
00	00	00	00	1a	01	1f	01	03	8f	
ff	b1	71	07	00	00	05	00	c2	2a	
00	00	00	00	00	00	19	00	42	ff	
5f	01	01	00	02	00	01	00	00	00	
00	00	03	00	03	00	03	00	03	00	
01	00	01	00	00	01	00	00	00	01	
00	00	06	00	00	00	fe	ff	fe	ff	
02	00	00	00	f6	00	36	00	28	00	
5e	00	36	00	36	00	02	fc	ff	00	
00	06	00	05	00	06	00	03	00	f7	
00	51	00	51	00	43	00	43	00	44	
00	02	a9	00	01	00	00	00	45	d9	
b2	3e	00	00	d4	41	a3	71	d1	22	
db	3d	01	00	18	00	01	04	00	00	
00	00	00	0a	d7	23	bb	cc	cc	4c	
3c	03	03	03	03	03	03	