42	45	45	31	30	31	32	08	1a	c0	
7d	00	c1	00	d3	a5	f8	65	df	02	
00	12	11	00	00	11	01	c2	00	01	
00	00	00	38	01	00	00	00	00	00	
02	00	00	00	00	00	99	00	01	01	
00	00	00	00	24	01	28	01	03	9a	
ff	b8	7b	07	00	00	00	00	a3	4b	
01	00	23	01	00	00	ab	ff	01	00	
9d	ff	00	00	01	00	00	00	00	00	
00	00	03	00	03	00	03	00	03	00	
00	00	00	00	00	00	00	00	00	01	
00	00	06	00	00	00	fe	ff	fe	ff	
02	00	00	00	f6	00	36	00	43	00	
36	00	44	00	5f	00	02	fc	ff	ff	
ff	06	00	05	00	06	00	03	00	f7	
00	36	00	36	00	36	00	43	00	51	
00	02	98	00	01	00	00	00	ba	bd	
34	3f	00	00	e4	41	bf	7b	17	d9	
ce	3d	01	00	18	00	01	04	00	0a	
d7	23	bc	0a	d7	23	bc	eb	51	b8	
3c	03	03	03	03	03	03	