42	45	45	31	30	31	32	08	1a	f1	
6c	00	c1	00	d3	33	55	b8	55	01	
00	56	0b	00	00	21	01	c2	00	01	
00	00	00	27	01	28	01	00	5c	03	
02	00	00	00	00	00	99	00	01	01	
00	00	00	00	18	01	1b	01	03	96	
ff	40	76	07	00	00	00	00	63	be	
01	00	2c	01	00	00	ab	ff	01	00	
9d	ff	00	00	01	00	00	00	00	00	
00	00	03	00	03	00	03	00	03	00	
00	00	00	00	00	00	00	00	00	01	
00	00	06	00	00	00	ff	ff	fe	ff	
02	00	00	00	f6	00	36	00	36	00	
36	00	36	00	5f	00	02	fc	ff	ff	
ff	05	00	05	00	06	00	03	00	f7	
00	36	00	28	00	36	00	36	00	51	
00	02	98	00	01	00	00	00	61	31	
0d	3f	00	00	d2	41	36	76	17	d9	
ce	3d	01	00	10	00	01	04	00	0a	
d7	23	3b	8f	c2	f5	bb	0a	d7	23	
3c	03	03	03	03	03	03	