42	45	45	31	30	31	32	08	1a	c8	
13	00	c1	00	d3	e9	ca	e0	c3	23	
00	68	14	00	00	21	01	ed	00	01	
00	00	00	30	01	00	00	00	00	00	
04	00	00	00	64	00	a9	00	01	01	
00	00	00	00	22	01	24	01	03	94	
ff	c0	73	07	00	00	05	00	4f	f2	
00	00	00	00	00	00	ab	ff	01	00	
9d	ff	00	00	01	00	00	00	00	00	
00	00	03	00	03	00	03	00	03	00	
00	00	00	00	00	00	00	00	00	01	
00	00	06	00	00	00	ff	ff	fe	ff	
02	00	00	00	15	01	1b	00	28	00	
43	00	5f	00	36	00	02	fc	ff	00	
00	06	00	05	00	06	00	03	00	e8	
00	36	00	36	00	43	00	1b	00	36	
00	02	a8	00	01	00	00	00	69	0e	
db	3e	00	00	da	41	bc	73	d1	22	
db	3d	01	00	18	00	01	04	00	0a	
d7	23	3c	8f	c2	f5	bb	8f	c2	75	
3c	03	03	03	03	03	03	