42	45	45	31	30	31	32	08	1a	d3	
20	00	c1	00	0f	6c	6a	00	01	01	
00	e9	01	00	00	21	01	c2	00	01	
00	00	00	30	01	28	01	00	5c	03	
02	00	00	00	00	00	99	00	01	01	
00	00	00	00	22	01	24	01	03	96	
ff	47	77	07	00	00	00	00	08	7b	
02	00	2c	01	00	00	ab	ff	01	00	
9d	ff	00	00	01	00	00	00	00	00	
00	00	03	00	03	00	03	00	03	00	
00	00	00	00	00	00	00	00	00	01	
00	00	06	00	00	00	fe	ff	fe	ff	
01	00	00	00	15	01	43	00	51	00	
36	00	44	00	51	00	02	fc	ff	ff	
ff	05	00	05	00	05	00	03	00	f7	
00	36	00	28	00	28	00	36	00	51	
00	02	98	00	01	00	00	00	c8	3e	
16	3f	00	00	da	41	47	77	17	d9	
ce	3d	01	00	18	00	01	04	00	00	
00	00	00	8f	c2	f5	bb	8f	c2	75	
3c	03	03	03	03	03	03	