42	45	45	31	30	31	32	08	1a	c3	
3e	00	c1	00	d4	60	35	0c	00	09	
00	c8	01	00	00	21	01	05	01	01	
00	00	00	28	01	00	00	00	00	00	
04	00	00	00	64	00	aa	00	01	01	
00	00	00	00	27	01	29	01	03	97	
ff	2d	7b	07	00	00	05	00	c9	93	
00	00	00	00	00	00	18	00	42	ff	
62	01	01	00	02	00	01	00	00	00	
00	00	03	00	03	00	03	00	03	00	
01	00	01	00	00	01	00	00	00	01	
00	00	06	00	00	00	ff	ff	fe	ff	
02	00	00	00	f6	00	36	00	36	00	
5e	00	36	00	44	00	02	fc	ff	00	
00	06	00	05	00	06	00	03	00	f7	
00	51	00	5f	00	43	00	43	00	44	
00	02	a9	00	01	00	00	00	bf	07	
30	3f	00	00	e2	41	1f	7b	60	e5	
d0	3d	01	00	18	00	01	04	00	0a	
d7	a3	3b	0a	d7	a3	bb	eb	51	b8	
3c	03	03	03	03	03	03	