42	45	45	31	30	31	32	08	1a	c9	
3f	00	c1	00	d3	ec	22	e0	f0	23	
00	86	14	00	00	21	01	ed	00	01	
00	00	00	30	01	00	00	00	00	00	
04	00	00	00	64	00	a9	00	01	01	
00	00	00	00	22	01	24	01	03	94	
ff	8c	73	07	00	00	05	00	f6	ef	
00	00	00	00	00	00	ab	ff	01	00	
9d	ff	00	00	01	00	00	00	00	00	
00	00	03	00	03	00	03	00	03	00	
00	00	00	00	00	00	00	00	00	01	
00	00	06	00	00	00	ff	ff	fe	ff	
01	00	00	00	05	01	28	00	28	00	
43	00	5f	00	36	00	02	fc	ff	00	
00	06	00	05	00	06	00	03	00	e8	
00	36	00	36	00	36	00	28	00	36	
00	02	a8	00	01	00	00	00	c6	2f	
d7	3e	00	00	dc	41	87	73	17	d9	
ce	3d	01	00	18	00	01	04	00	0a	
d7	23	bb	0a	d7	23	bb	8f	c2	75	
3c	03	03	03	03	03	03	