42	45	45	31	30	31	32	08	1a	c5	
e1	00	c1	00	0f	51	ec	00	2e	01	
00	96	00	00	00	21	01	c2	00	01	
00	00	00	33	01	22	01	00	6e	03	
00	00	00	00	00	00	00	00	00	00	
00	00	00	00	00	00	00	00	00	00	
00	00	00	00	00	00	00	00	00	00	
00	00	00	00	00	00	ab	ff	01	00	
9d	ff	00	00	01	00	00	00	00	00	
00	00	03	00	03	00	03	00	03	00	
00	00	00	00	00	00	00	00	00	01	
00	00	06	00	00	00	fe	ff	fe	ff	
01	00	00	00	f6	00	36	00	36	00	
36	00	44	00	5f	00	02	fc	ff	00	
00	05	00	05	00	06	00	03	00	f7	
00	36	00	36	00	36	00	36	00	51	
00	02	98	00	01	00	00	00	ba	ab	
2c	3f	00	00	dc	41	2a	7a	17	d9	
ce	3d	01	00	18	00	00	00	00	8f	
c2	f5	3b	0a	d7	23	bb	0a	d7	a3	
3c	03	03	03	03	03	03	