42	45	45	31	30	31	32	08	1a	ec	
e7	00	c1	00	d4	bb	49	a9	00	03	
00	da	04	00	00	21	01	07	01	01	
00	00	00	20	01	00	00	00	00	00	
04	00	00	00	64	00	aa	00	01	01	
00	00	00	00	1a	01	1e	01	03	8f	
ff	1a	72	07	00	00	05	00	27	30	
00	00	00	00	00	00	19	00	42	ff	
5b	03	01	00	02	00	01	00	00	00	
00	00	03	00	03	00	03	00	03	00	
01	00	01	00	00	01	00	00	00	01	
00	00	06	00	00	00	fe	ff	ff	ff	
02	00	00	00	f6	00	36	00	36	00	
5e	00	36	00	36	00	02	fc	ff	00	
00	06	00	05	00	06	00	03	00	f7	
00	51	00	51	00	43	00	43	00	36	
00	02	a9	00	01	00	00	00	f5	12	
bc	3e	00	00	d4	41	0d	72	42	60	
e5	3d	01	00	18	00	01	00	00	0a	
d7	23	3c	0a	d7	a3	bb	29	5c	8f	
3c	03	03	03	03	03	03	