42	45	45	31	30	31	32	08	1a	c0	
33	00	c1	00	d4	e1	e1	a7	06	03	
00	c7	06	00	00	21	01	07	01	01	
00	00	00	26	01	00	00	00	00	00	
04	00	00	00	64	00	aa	00	01	01	
00	00	00	00	24	01	27	01	03	98	
ff	e8	7b	07	00	00	05	00	94	09	
00	00	00	00	00	00	16	00	42	ff	
60	01	01	00	02	00	01	00	00	00	
00	00	03	00	03	00	03	00	03	00	
01	00	01	00	00	01	00	00	00	01	
00	00	06	00	00	00	fe	ff	fe	ff	
02	00	00	00	f6	00	36	00	36	00	
5e	00	36	00	44	00	02	fc	ff	00	
00	06	00	05	00	06	00	03	00	f7	
00	51	00	51	00	43	00	43	00	44	
00	02	a9	00	01	00	00	00	d0	99	
2d	3f	00	00	ee	41	d7	7b	1f	85	
ab	be	01	00	18	00	01	04	00	cc	
cc	4c	3c	0a	d7	a3	bb	8f	c2	75	
3c	03	03	03	03	03	03	