42	45	45	31	30	31	32	08	1a	c0	
47	00	c1	00	d4	e2	09	a9	80	03	
00	c9	06	00	00	21	01	07	01	01	
00	00	00	26	01	00	00	00	00	00	
04	00	00	00	64	00	aa	00	01	01	
00	00	00	00	24	01	27	01	03	97	
ff	ec	7b	07	00	00	05	00	76	09	
00	00	00	00	00	00	18	00	42	ff	
61	01	01	00	02	00	01	00	00	00	
00	00	03	00	03	00	03	00	03	00	
01	00	01	00	00	01	00	00	00	01	
00	00	06	00	00	00	fe	ff	fe	ff	
02	00	00	00	f6	00	36	00	36	00	
5e	00	36	00	36	00	02	fc	ff	00	
00	06	00	05	00	06	00	03	00	f7	
00	51	00	51	00	43	00	43	00	44	
00	02	a9	00	01	00	00	00	2a	e1	
2d	3f	00	00	ee	41	d7	7b	54	e3	
a5	be	01	00	18	00	01	04	00	cc	
cc	4c	3c	8f	c2	f5	bb	eb	51	b8	
3c	03	03	03	03	03	03	