42	45	45	31	30	31	32	08	1a	fa	
57	00	c1	00	d4	d6	29	a7	02	03	
00	31	06	00	00	21	01	07	01	01	
00	00	00	24	01	00	00	00	00	00	
00	00	00	00	00	00	00	00	00	00	
00	00	00	00	00	00	00	00	00	00	
00	00	00	00	00	00	00	00	00	00	
00	00	00	00	00	00	19	00	41	ff	
54	03	01	00	02	00	01	00	00	00	
00	00	03	00	03	00	03	00	03	00	
01	00	01	00	00	01	00	00	00	01	
00	00	06	00	00	00	fe	ff	fe	ff	
02	00	00	00	f6	00	36	00	36	00	
5e	00	36	00	36	00	02	fc	ff	00	
00	06	00	05	00	06	00	03	00	f7	
00	51	00	51	00	43	00	36	00	44	
00	02	a9	00	01	00	00	00	bc	e3	
95	3e	00	00	e0	41	49	74	fe	d4	
38	c0	01	00	18	00	01	04	00	8f	
c2	f5	3b	0a	d7	23	bb	cc	cc	4c	
3c	03	03	03	03	03	03	