42	45	45	31	30	31	32	08	1a	c0	
c9	00	c1	00	d4	5b	bb	de	16	01	
00	13	00	00	00	21	01	06	01	01	
00	00	00	28	01	00	00	00	00	00	
04	00	00	00	64	00	aa	00	01	01	
00	00	00	00	24	01	28	01	03	96	
ff	dc	7a	07	00	00	05	00	24	90	
00	00	00	00	00	00	19	00	42	ff	
5f	01	01	00	02	00	01	00	00	00	
00	00	03	00	03	00	03	00	03	00	
01	00	01	00	00	01	00	00	00	01	
00	00	06	00	00	00	ff	ff	fe	ff	
02	00	00	00	f6	00	36	00	36	00	
5e	00	36	00	44	00	02	fc	ff	00	
00	06	00	06	00	06	00	03	00	f7	
00	51	00	51	00	43	00	43	00	44	
00	02	a9	00	01	00	00	00	06	ca	
2d	3f	00	00	e2	41	d8	7a	d1	22	
db	3d	01	00	18	00	01	04	00	0a	
d7	23	bb	8f	c2	f5	bb	eb	51	b8	
3c	03	03	03	03	03	03	