42	45	45	31	30	31	32	08	1a	c4	
5b	00	c1	00	d4	6a	31	a7	08	03	
00	cc	00	00	00	21	01	07	01	01	
00	00	00	25	01	00	00	00	00	00	
04	00	00	00	64	00	aa	00	01	01	
00	00	00	00	22	01	24	01	03	96	
ff	9d	79	07	00	00	05	00	49	81	
00	00	00	00	00	00	1b	00	42	ff	
62	01	01	00	02	00	01	00	00	00	
00	00	03	00	03	00	03	00	03	00	
01	00	01	00	00	01	00	00	00	01	
00	00	06	00	00	00	fe	ff	fe	ff	
02	00	00	00	f6	00	36	00	36	00	
5e	00	36	00	36	00	02	fc	ff	00	
00	06	00	05	00	06	00	03	00	f7	
00	51	00	51	00	43	00	43	00	44	
00	02	a9	00	01	00	00	00	9c	f0	
23	3f	00	00	dc	41	93	79	e7	fb	
29	3e	01	00	18	00	01	00	00	0a	
d7	23	3c	0a	d7	23	bb	29	5c	8f	
3c	03	03	03	03	03	03	