42	45	45	31	30	31	32	08	1a	e3	
5d	00	c1	00	d3	97	37	b8	45	01	
00	56	10	00	00	21	01	c2	00	01	
00	00	00	2c	01	28	01	00	5c	03	
02	00	00	00	00	00	99	00	01	01	
00	00	00	00	24	01	27	01	03	95	
ff	01	79	07	00	00	00	00	61	5a	
01	00	2c	01	00	00	ab	ff	01	00	
9d	ff	00	00	01	00	00	00	00	00	
00	00	03	00	03	00	03	00	03	00	
00	00	00	00	00	00	00	00	00	01	
00	00	06	00	00	00	ff	ff	fe	ff	
02	00	00	00	f6	00	36	00	36	00	
36	00	44	00	5f	00	02	fc	ff	ff	
ff	06	00	05	00	06	00	03	00	f7	
00	36	00	36	00	36	00	36	00	5f	
00	02	98	00	01	00	00	00	f4	c9	
01	3f	00	00	f9	41	c0	78	4e	62	
c0	bf	01	00	10	00	01	04	00	0a	
d7	23	3b	0a	d7	23	bc	8f	c2	75	
3c	03	03	03	03	03	03	