42	45	45	31	30	31	32	08	1a	cd	
9d	00	c1	00	d3	6b	b7	b8	53	01	
00	28	0e	00	00	21	01	c2	00	01	
00	00	00	28	01	28	01	00	5c	03	
02	00	00	00	00	00	99	00	01	01	
00	00	00	00	1a	01	1c	01	03	91	
ff	cd	71	07	00	00	00	00	ff	85	
01	00	23	01	00	00	ab	ff	01	00	
9d	ff	00	00	01	00	00	00	00	00	
00	00	03	00	03	00	03	00	03	00	
00	00	00	00	00	00	00	00	00	01	
00	00	06	00	00	00	ff	ff	fe	ff	
02	00	00	00	f6	00	28	00	36	00	
28	00	44	00	51	00	02	fc	ff	ff	
ff	06	00	05	00	06	00	03	00	f7	
00	36	00	36	00	28	00	36	00	51	
00	02	98	00	01	00	00	00	87	fe	
b7	3e	00	00	d4	41	c7	71	d1	22	
db	3d	01	00	10	00	01	04	00	00	
00	00	00	8f	c2	f5	bb	cc	cc	4c	
3c	03	03	03	03	03	03	