42	45	45	31	30	31	32	08	1a	fb	
94	00	c1	00	d3	47	a5	ba	41	01	
00	5b	0c	00	00	21	01	c2	00	01	
00	00	00	28	01	28	01	00	5c	03	
02	00	00	00	00	00	99	00	01	01	
00	00	00	00	18	01	1c	01	03	94	
ff	85	74	07	00	00	00	00	fd	a9	
01	00	2c	01	00	00	ab	ff	01	00	
9d	ff	00	00	01	00	00	00	00	00	
00	00	03	00	03	00	03	00	03	00	
00	00	00	00	00	00	00	00	00	01	
00	00	06	00	00	00	ff	ff	fe	ff	
02	00	00	00	f6	00	36	00	36	00	
36	00	44	00	5f	00	02	fc	ff	00	
00	06	00	05	00	06	00	03	00	f7	
00	36	00	36	00	28	00	36	00	51	
00	02	98	00	01	00	00	00	92	4e	
f6	3e	00	00	d4	41	7e	74	17	d9	
ce	3d	01	00	10	00	01	04	00	00	
00	00	00	0a	d7	a3	bb	cc	cc	4c	
3c	03	03	03	03	03	03	