42	45	45	31	30	31	32	08	1a	c9	
f6	00	c1	00	0f	62	03	2b	8b	08	
00	5e	01	00	00	21	01	04	01	01	
00	00	00	29	01	00	00	00	00	00	
00	00	00	00	00	00	00	00	00	00	
00	00	00	00	00	00	00	00	00	00	
00	00	00	00	00	00	00	00	00	00	
00	00	00	00	00	00	18	00	42	ff	
56	03	01	00	5d	00	01	00	00	00	
00	00	03	00	03	00	03	00	03	00	
01	00	01	00	01	01	00	00	00	01	
00	00	06	00	00	00	fe	ff	fe	ff	
02	00	00	00	f6	00	36	00	36	00	
6c	00	44	00	44	00	02	fb	ff	00	
00	06	00	05	00	06	00	03	00	07	
01	5f	00	5f	00	51	00	43	00	51	
00	02	a9	00	01	00	00	00	d8	65	
34	3f	00	00	e8	41	38	7c	50	8d	
97	bd	01	00	18	00	01	04	00	0a	
d7	a3	3b	0a	d7	23	bb	8f	c2	75	
3c	03	03	03	03	03	03	