42	45	45	31	30	31	32	08	1a	c6	
bd	00	c1	00	0f	53	a4	00	a2	01	
00	ab	00	00	00	21	01	c2	00	01	
00	00	00	37	01	25	01	00	69	03	
02	00	00	00	00	00	99	00	01	01	
00	00	00	00	27	01	28	01	03	99	
ff	0c	7a	07	00	00	00	00	e3	93	
02	00	2c	01	00	00	ab	ff	01	00	
9d	ff	00	00	01	00	00	00	00	00	
00	00	03	00	03	00	03	00	03	00	
00	00	00	00	00	00	00	00	00	01	
00	00	06	00	ff	ff	fe	ff	fe	ff	
01	00	00	00	f6	00	36	00	43	00	
36	00	44	00	5f	00	02	fc	ff	ff	
ff	05	00	05	00	06	00	03	00	f7	
00	36	00	36	00	36	00	36	00	5f	
00	02	98	00	01	00	00	00	49	6d	
2b	3f	00	00	dc	41	0f	7a	17	d9	
ce	3d	01	00	18	00	00	04	00	00	
00	00	00	00	00	00	80	8f	c2	75	
3c	03	03	03	03	03	03	