42	45	45	31	30	31	32	08	1a	f1	
83	00	c1	00	d4	c4	81	a7	7a	03	
00	4f	05	00	00	21	01	07	01	01	
00	00	00	21	01	00	00	00	00	00	
04	00	00	00	64	00	aa	00	01	01	
00	00	00	00	1d	01	1f	01	03	8d	
ff	5f	71	07	00	00	05	00	02	27	
00	00	00	00	00	00	19	00	42	ff	
61	01	01	00	02	00	01	00	00	00	
00	00	03	00	03	00	03	00	03	00	
01	00	01	00	00	01	00	00	00	01	
00	00	06	00	00	00	fe	ff	fe	ff	
02	00	00	00	e7	00	36	00	28	00	
5e	00	36	00	36	00	02	fc	ff	ff	
ff	05	00	05	00	06	00	03	00	f7	
00	51	00	51	00	43	00	43	00	44	
00	02	a9	00	01	00	00	00	a0	a0	
ac	3e	00	00	d4	41	54	71	60	e5	
d0	3d	01	00	18	00	01	04	00	0a	
d7	a3	3b	00	00	00	80	cc	cc	4c	
3c	03	03	03	03	03	03	