42	45	45	31	30	31	32	08	1a	c2	
df	00	c1	00	d4	5f	77	0c	78	09	
00	be	01	00	00	21	01	05	01	01	
00	00	00	29	01	00	00	00	00	00	
00	00	00	00	00	00	00	00	00	00	
00	00	00	00	00	00	00	00	00	00	
00	00	00	00	00	00	00	00	00	00	
00	00	00	00	00	00	1c	00	41	ff	
5b	03	01	00	02	00	01	00	00	00	
00	00	03	00	03	00	03	00	03	00	
01	00	01	00	00	01	00	00	00	01	
00	00	06	00	00	00	ff	ff	fe	ff	
02	00	00	00	f6	00	36	00	36	00	
5e	00	36	00	44	00	02	fc	ff	00	
00	06	00	05	00	06	00	03	00	f7	
00	5f	00	51	00	43	00	43	00	44	
00	02	a9	00	01	00	00	00	2d	87	
30	3f	00	00	e2	41	28	7b	52	b8	
1e	3e	01	00	18	00	01	04	00	0a	
d7	a3	3b	0a	d7	23	3b	cc	cc	4c	
3c	03	03	03	03	03	03	