42	45	45	31	30	31	32	08	1a	f6	
97	00	c1	00	d4	ce	a9	a7	09	03	
00	d1	05	00	00	21	01	07	01	01	
00	00	00	23	01	00	00	00	00	00	
04	00	00	00	64	00	aa	00	01	01	
00	00	00	00	1d	01	21	01	03	8d	
ff	87	70	07	00	00	05	00	cf	1c	
00	00	00	00	00	00	17	00	42	ff	
62	01	01	00	02	00	01	00	00	00	
00	00	03	00	03	00	03	00	03	00	
01	00	01	00	00	01	00	00	00	01	
00	00	06	00	00	00	fe	ff	fe	ff	
02	00	00	00	f6	00	28	00	36	00	
5e	00	36	00	36	00	02	fc	ff	ff	
ff	05	00	05	00	06	00	03	00	f7	
00	51	00	51	00	43	00	43	00	44	
00	02	a9	00	01	00	00	00	7d	50	
9b	3e	00	00	d8	41	70	70	a0	1a	
2f	3e	01	00	18	00	01	04	00	0a	
d7	23	3b	00	00	00	80	0a	d7	23	
3c	03	03	03	03	03	03	