42	45	45	31	30	31	32	08	1a	d9	
5a	00	c1	00	d4	94	2f	a7	09	03	
00	e5	02	00	00	21	01	07	01	01	
00	00	00	21	01	00	00	00	00	00	
04	00	00	00	64	00	aa	00	01	01	
00	00	00	00	1a	01	1e	01	03	8e	
ff	49	75	07	00	00	05	00	50	57	
00	00	00	00	00	00	19	00	42	ff	
5f	01	01	00	02	00	01	00	00	00	
00	00	03	00	03	00	03	00	03	00	
01	00	01	00	00	01	00	00	00	01	
00	00	06	00	00	00	fe	ff	fe	ff	
02	00	00	00	f6	00	36	00	36	00	
5e	00	36	00	44	00	02	fc	ff	ff	
ff	05	00	05	00	06	00	03	00	f7	
00	51	00	51	00	43	00	36	00	36	
00	02	a9	00	01	00	00	00	4d	ab	
00	3f	00	00	d4	41	2d	75	a0	1a	
2f	3e	01	00	18	00	01	04	00	00	
00	00	00	00	00	00	80	8f	c2	75	
3c	03	03	03	03	03	03	