42	45	45	31	30	31	32	08	1a	fe	
eb	00	c1	00	d4	df	51	a7	17	03	
00	a6	06	00	00	21	01	07	01	01	
00	00	00	25	01	00	00	00	00	00	
04	00	00	00	64	00	aa	00	01	01	
00	00	00	00	24	01	28	01	03	97	
ff	78	7b	07	00	00	05	00	29	0c	
00	00	00	00	00	00	19	00	42	ff	
5a	03	01	00	02	00	01	00	00	00	
00	00	03	00	03	00	03	00	03	00	
01	00	01	00	00	01	00	00	00	01	
00	00	06	00	00	00	ff	ff	fe	ff	
02	00	00	00	f6	00	36	00	36	00	
5e	00	36	00	36	00	02	fc	ff	00	
00	06	00	05	00	06	00	03	00	f7	
00	51	00	51	00	43	00	43	00	44	
00	02	a9	00	01	00	00	00	46	d0	
25	3f	00	00	f0	41	54	7b	35	5e	
fa	be	01	00	18	00	01	00	00	cc	
cc	4c	3c	0a	d7	23	bb	cc	cc	4c	
3c	03	03	03	03	03	03	