42	45	45	31	30	31	32	08	1a	c5	
ff	00	c1	00	0f	5a	15	2b	16	08	
00	fa	00	00	00	21	01	04	01	01	
00	00	00	29	01	00	00	00	00	00	
00	00	00	00	00	00	00	00	00	00	
00	00	00	00	00	00	00	00	00	00	
00	00	00	00	00	00	00	00	00	00	
00	00	00	00	00	00	19	00	42	ff	
4f	03	01	00	02	00	01	00	00	00	
00	00	03	00	03	00	03	00	03	00	
01	00	01	00	00	01	00	00	00	01	
00	00	06	00	00	00	ff	ff	fe	ff	
02	00	00	00	f6	00	36	00	28	00	
5e	00	44	00	36	00	02	fc	ff	00	
00	05	00	05	00	06	00	03	00	f7	
00	5f	00	51	00	43	00	43	00	44	
00	02	a9	00	01	00	00	00	93	60	
25	3f	00	00	f0	41	5c	7b	9a	99	
d9	be	01	00	18	00	01	00	00	0a	
d7	23	3b	0a	d7	23	bc	ad	47	e1	
3c	03	03	03	03	03	03	