42	45	45	31	30	31	32	08	1a	d7	
2a	00	c1	00	d4	8f	cf	a7	08	03	
00	ad	02	00	00	21	01	07	01	01	
00	00	00	20	01	00	00	00	00	00	
00	00	00	00	00	00	00	00	00	00	
00	00	00	00	00	00	00	00	00	00	
00	00	00	00	00	00	00	00	00	00	
00	00	00	00	00	00	15	00	42	ff	
54	03	01	00	02	00	01	00	00	00	
00	00	03	00	03	00	03	00	03	00	
01	00	01	00	00	01	00	00	00	01	
00	00	06	00	00	00	fe	ff	fe	ff	
01	00	00	00	f6	00	36	00	36	00	
5e	00	36	00	36	00	02	fc	ff	ff	
ff	06	00	05	00	06	00	03	00	f7	
00	51	00	51	00	43	00	43	00	36	
00	02	a9	00	01	00	00	00	f3	88	
04	3f	00	00	d4	41	8e	75	e7	fb	
29	3e	01	00	18	00	01	04	00	cc	
cc	4c	3c	0a	d7	a3	bb	8f	c2	75	
3c	03	03	03	03	03	03	