42	45	45	31	30	31	32	08	1a	dc	
3b	00	c1	00	d4	99	f1	a9	07	03	
00	2e	03	00	00	21	01	07	01	01	
00	00	00	20	01	00	00	00	00	00	
04	00	00	00	64	00	aa	00	01	01	
00	00	00	00	1a	01	1e	01	03	92	
ff	c9	74	07	00	00	05	00	91	51	
00	00	00	00	00	00	17	00	42	ff	
5b	03	01	00	02	00	01	00	00	00	
00	00	03	00	03	00	03	00	03	00	
01	00	01	00	00	01	00	00	00	01	
00	00	06	00	00	00	fe	ff	fe	ff	
02	00	00	00	e7	00	36	00	28	00	
5e	00	36	00	36	00	02	fc	ff	ff	
ff	06	00	05	00	06	00	03	00	f7	
00	51	00	51	00	43	00	43	00	44	
00	02	a9	00	01	00	00	00	8b	2f	
f7	3e	00	00	d4	41	bb	74	42	60	
e5	3d	01	00	18	00	01	00	00	00	
00	00	00	0a	d7	23	bb	8f	c2	75	
3c	03	03	03	03	03	03	