42	45	45	31	30	31	32	08	1a	fc	
cf	00	c1	00	d4	db	19	a7	08	03	
00	70	06	00	00	21	01	07	01	01	
00	00	00	25	01	00	00	00	00	00	
04	00	00	00	64	00	aa	00	01	01	
00	00	00	00	27	01	29	01	03	96	
ff	01	7a	07	00	00	05	00	61	10	
00	00	00	00	00	00	1c	00	42	ff	
5d	03	01	00	02	00	01	00	00	00	
00	00	03	00	03	00	03	00	03	00	
01	00	01	00	00	01	00	00	00	01	
00	00	06	00	00	00	ff	ff	ff	ff	
02	00	00	00	f6	00	36	00	36	00	
5e	00	36	00	36	00	02	fc	ff	00	
00	06	00	05	00	06	00	03	00	f7	
00	5f	00	51	00	43	00	43	00	44	
00	02	a9	00	01	00	00	00	9d	2c	
0e	3f	00	00	fa	41	be	79	71	3d	
9a	bf	01	00	18	00	01	00	00	0a	
d7	23	3b	0a	d7	a3	bb	29	5c	8f	
3c	03	03	03	03	03	03	