42	45	45	31	30	31	32	08	1a	e7	
3d	00	c1	00	d3	9e	f7	ba	3e	01	
00	b9	10	00	00	21	01	c2	00	01	
00	00	00	2e	01	28	01	00	5c	03	
02	00	00	00	00	00	99	00	01	01	
00	00	00	00	22	01	26	01	03	99	
ff	bd	7b	07	00	00	00	00	a4	52	
01	00	2c	01	00	00	ab	ff	01	00	
9d	ff	00	00	01	00	00	00	00	00	
00	00	03	00	03	00	03	00	03	00	
00	00	00	00	00	00	00	00	00	01	
00	00	06	00	00	00	fe	ff	fe	ff	
02	00	00	00	f6	00	36	00	36	00	
36	00	44	00	5f	00	02	fc	ff	ff	
ff	06	00	05	00	06	00	03	00	f7	
00	36	00	36	00	36	00	36	00	51	
00	02	98	00	01	00	00	00	81	fe	
2b	3f	00	00	ee	41	ad	7b	10	58	
b9	be	01	00	10	00	01	04	00	0a	
d7	23	3c	00	00	00	80	0a	d7	a3	
3c	03	03	03	03	03	03	