42	45	45	31	30	31	32	08	1a	e3	
e8	00	c1	00	d3	18	4d	b8	44	01	
00	fd	09	00	00	21	01	c2	00	01	
00	00	00	27	01	28	01	00	5c	03	
02	00	00	00	00	00	99	00	01	01	
00	00	00	00	18	01	1b	01	03	99	
ff	12	79	07	00	00	00	00	5b	d9	
01	00	23	01	00	00	ab	ff	01	00	
9d	ff	00	00	01	00	00	00	00	00	
00	00	03	00	03	00	03	00	03	00	
00	00	00	00	00	00	00	00	00	01	
00	00	06	00	00	00	fe	ff	fe	ff	
02	00	00	00	f6	00	36	00	36	00	
36	00	44	00	5f	00	02	fc	ff	ff	
ff	05	00	05	00	06	00	03	00	f7	
00	28	00	36	00	28	00	36	00	51	
00	02	98	00	01	00	00	00	6d	9a	
24	3f	00	00	d4	41	10	79	87	16	
d9	3d	01	00	10	00	01	04	00	0a	
d7	23	3b	0a	d7	a3	bb	8f	c2	75	
3c	03	03	03	03	03	03	