42	45	45	31	30	31	32	08	1a	f4	
9b	00	c1	00	d4	ca	b1	a9	13	03	
00	9e	05	00	00	21	01	07	01	01	
00	00	00	22	01	00	00	00	00	00	
00	00	00	00	00	00	00	00	00	00	
00	00	00	00	00	00	00	00	00	00	
00	00	00	00	00	00	00	00	00	00	
00	00	00	00	00	00	17	00	42	ff	
54	03	01	00	02	00	01	00	00	00	
00	00	03	00	03	00	03	00	03	00	
01	00	01	00	00	01	00	00	00	01	
00	00	06	00	00	00	fe	ff	fe	ff	
02	00	00	00	e7	00	36	00	36	00	
5e	00	36	00	44	00	02	fc	ff	ff	
ff	05	00	05	00	06	00	03	00	f7	
00	51	00	51	00	36	00	36	00	44	
00	02	a9	00	01	00	00	00	16	08	
a2	3e	00	00	d8	41	bf	70	a0	1a	
2f	3e	01	00	18	00	01	00	00	0a	
d7	23	bb	8f	c2	f5	bb	cc	cc	4c	
3c	03	03	03	03	03	03	