42	45	45	31	30	31	32	08	1a	e6	
00	00	c1	00	d3	9c	7d	b8	44	01	
00	99	10	00	00	21	01	c2	00	01	
00	00	00	2d	01	28	01	00	5c	03	
02	00	00	00	00	00	99	00	01	01	
00	00	00	00	22	01	27	01	03	99	
ff	4a	7b	07	00	00	00	00	1b	55	
01	00	23	01	00	00	ab	ff	01	00	
9d	ff	00	00	01	00	00	00	00	00	
00	00	03	00	03	00	03	00	03	00	
00	00	00	00	00	00	00	00	00	01	
00	00	06	00	00	00	ff	ff	fe	ff	
02	00	00	00	f6	00	36	00	36	00	
36	00	44	00	5f	00	02	fc	ff	00	
00	05	00	05	00	06	00	03	00	f7	
00	36	00	36	00	28	00	36	00	51	
00	02	98	00	01	00	00	00	64	02	
24	3f	00	00	f0	41	3b	7b	a0	1a	
0f	bf	01	00	10	00	01	04	00	8f	
c2	f5	3b	0a	d7	a3	bb	cc	cc	4c	
3c	03	03	03	03	03	03	