42	45	45	31	30	31	32	08	1a	c7	
a0	00	c1	00	d3	e8	e4	e0	ee	23	
00	5e	14	00	00	21	01	ed	00	01	
00	00	00	31	01	00	00	00	00	00	
04	00	00	00	64	00	a9	00	01	01	
00	00	00	00	22	01	24	01	03	94	
ff	d1	73	07	00	00	05	00	21	f3	
00	00	00	00	00	00	ab	ff	01	00	
9d	ff	00	00	01	00	00	00	00	00	
00	00	03	00	03	00	03	00	03	00	
00	00	00	00	00	00	00	00	00	01	
00	00	06	00	00	00	ff	ff	fe	ff	
02	00	00	00	05	01	36	00	28	00	
43	00	5f	00	36	00	02	fc	ff	ff	
ff	05	00	05	00	06	00	03	00	e8	
00	36	00	36	00	43	00	1b	00	36	
00	02	a8	00	01	00	00	00	db	6d	
dc	3e	00	00	dc	41	ce	73	17	d9	
ce	3d	01	00	18	00	01	04	00	0a	
d7	23	3b	0a	d7	23	bb	8f	c2	75	
3c	03	03	03	03	03	03	