42	45	45	31	30	31	32	08	1a	ca	
11	00	c1	00	d2	e4	9f	b8	33	01	
00	68	07	00	00	21	01	c2	00	01	
00	00	00	2b	01	28	01	00	5c	03	
02	00	00	00	00	00	99	00	01	01	
00	00	00	00	1d	01	20	01	03	9b	
ff	9e	7c	07	00	00	00	00	0f	0d	
02	00	2c	01	00	00	ab	ff	01	00	
9d	ff	00	00	01	00	00	00	00	00	
00	00	03	00	03	00	03	00	03	00	
00	00	00	00	00	00	00	00	00	01	
00	00	06	00	00	00	fe	ff	ff	ff	
01	00	00	00	f6	00	43	00	43	00	
43	00	51	00	6d	00	02	fc	ff	ff	
ff	05	00	05	00	06	00	03	00	f7	
00	36	00	44	00	43	00	43	00	5f	
00	02	98	00	01	00	00	00	4e	ae	
3f	3f	00	00	d6	41	9b	7c	a6	9b	
c4	bb	01	00	10	00	01	04	00	0a	
d7	a3	3b	8f	c2	f5	bb	cc	cc	4c	
3c	03	03	03	03	03	03	