42	45	45	31	30	31	32	08	1a	d5	
36	00	c1	00	d4	8b	e7	a7	7a	03	
00	7a	02	00	00	21	01	07	01	01	
00	00	00	20	01	00	00	00	00	00	
04	00	00	00	64	00	aa	00	01	01	
00	00	00	00	1d	01	1f	01	03	8b	
ff	06	76	07	00	00	05	00	a3	5f	
00	00	00	00	00	00	16	00	42	ff	
61	01	01	00	02	00	01	00	00	00	
00	00	03	00	03	00	03	00	03	00	
01	00	01	00	00	01	00	00	00	01	
00	00	06	00	00	00	fe	ff	ff	ff	
02	00	00	00	15	01	43	00	43	00	
36	00	28	00	51	00	02	fc	ff	00	
00	05	00	05	00	06	00	03	00	f7	
00	51	00	51	00	43	00	43	00	44	
00	02	a9	00	01	00	00	00	37	16	
08	3f	00	00	d4	41	ef	75	e7	fb	
29	3e	01	00	18	00	01	00	00	8f	
c2	f5	3b	0a	d7	a3	bb	8f	c2	75	
3c	03	03	03	03	03	03	