42	45	45	31	30	31	32	08	1a	c7	
bc	00	c1	00	0f	55	a2	00	85	01	
00	c4	00	00	00	21	01	c2	00	01	
00	00	00	39	01	27	01	00	62	03	
00	00	00	00	00	00	00	00	00	00	
00	00	00	00	00	00	00	00	00	00	
00	00	00	00	00	00	00	00	00	00	
00	00	00	00	00	00	ab	ff	01	00	
9d	ff	00	00	01	00	00	00	00	00	
00	00	03	00	03	00	03	00	03	00	
00	00	00	00	00	00	00	00	00	01	
00	00	06	00	00	00	fe	ff	fe	ff	
01	00	00	00	f6	00	36	00	36	00	
36	00	44	00	5f	00	02	fc	ff	ff	
ff	05	00	05	00	06	00	03	00	f7	
00	36	00	36	00	28	00	36	00	51	
00	02	98	00	01	00	00	00	da	c7	
29	3f	00	00	dd	41	d2	79	52	b8	
1e	3e	01	00	18	00	00	00	00	0a	
d7	23	3b	0a	d7	23	bc	eb	51	b8	
3c	03	03	03	03	03	03	