42	45	45	31	30	31	32	08	1a	d9	
fa	00	c1	00	d4	95	6f	a7	08	03	
00	f5	02	00	00	21	01	07	01	01	
00	00	00	20	01	00	00	00	00	00	
00	00	00	00	00	00	00	00	00	00	
00	00	00	00	00	00	00	00	00	00	
00	00	00	00	00	00	00	00	00	00	
00	00	00	00	00	00	1b	00	42	ff	
56	03	01	00	02	00	01	00	00	00	
00	00	03	00	03	00	03	00	03	00	
01	00	01	00	00	01	00	00	00	01	
00	00	06	00	00	00	fe	ff	fe	ff	
02	00	00	00	f6	00	36	00	36	00	
5e	00	36	00	36	00	02	fc	ff	ff	
ff	05	00	05	00	06	00	03	00	f7	
00	51	00	51	00	43	00	43	00	44	
00	02	a9	00	01	00	00	00	3c	ff	
fe	3e	00	00	d4	41	13	75	a0	1a	
2f	3e	01	00	18	00	01	04	00	0a	
d7	a3	3b	0a	d7	a3	bb	cc	cc	4c	
3c	03	03	03	03	03	03	