42	45	45	31	30	31	32	08	1a	ca	
34	00	c1	00	d2	e4	e5	b8	53	01	
00	6b	07	00	00	21	01	c2	00	01	
00	00	00	2b	01	28	01	00	5c	03	
02	00	00	00	00	00	99	00	01	01	
00	00	00	00	1d	01	20	01	03	9a	
ff	9c	7c	07	00	00	00	00	d3	0c	
02	00	2c	01	00	00	ab	ff	01	00	
9d	ff	00	00	01	00	00	00	00	00	
00	00	03	00	03	00	03	00	03	00	
00	00	00	00	00	00	00	00	00	01	
00	00	06	00	00	00	fe	ff	fe	ff	
01	00	00	00	f6	00	36	00	43	00	
43	00	44	00	6d	00	02	fc	ff	ff	
ff	05	00	05	00	06	00	03	00	07	
01	43	00	44	00	43	00	43	00	51	
00	02	98	00	01	00	00	00	7c	b4	
3f	3f	00	00	d6	41	9b	7c	6f	12	
83	ba	01	00	10	00	01	04	00	0a	
d7	a3	3b	00	00	00	80	8f	c2	75	
3c	03	03	03	03	03	03	