42	45	45	31	30	31	32	08	1a	d1	
53	00	c1	00	d4	84	21	a7	09	03	
00	17	02	00	00	21	01	07	01	01	
00	00	00	22	01	00	00	00	00	00	
00	00	00	00	00	00	00	00	00	00	
00	00	00	00	00	00	00	00	00	00	
00	00	00	00	00	00	00	00	00	00	
00	00	00	00	00	00	18	00	42	ff	
57	03	01	00	02	00	01	00	00	00	
00	00	03	00	03	00	03	00	03	00	
01	00	01	00	00	01	00	00	00	01	
00	00	06	00	00	00	fe	ff	fe	ff	
01	00	00	00	f6	00	36	00	36	00	
5e	00	36	00	44	00	02	fc	ff	00	
00	06	00	05	00	06	00	03	00	f7	
00	51	00	51	00	43	00	43	00	44	
00	02	a9	00	01	00	00	00	bb	e4	
0e	3f	00	00	d4	41	96	76	e7	fb	
29	3e	01	00	18	00	01	04	00	8f	
c2	f5	3b	8f	c2	f5	bb	29	5c	8f	
3c	03	03	03	03	03	03	