42	45	45	31	30	31	32	08	1a	ca	
82	00	c1	00	0f	63	1b	29	1a	08	
00	6d	01	00	00	21	01	04	01	01	
00	00	00	29	01	00	00	00	00	00	
04	00	00	00	64	00	aa	00	01	01	
00	00	00	00	27	01	2b	01	03	8c	
ff	e2	7b	07	00	00	05	00	06	9b	
00	00	00	00	00	00	1b	00	41	ff	
7c	03	01	00	5e	00	01	00	00	00	
00	00	03	00	03	00	03	00	03	00	
01	00	01	00	01	01	00	00	00	01	
00	00	06	00	00	00	fe	ff	fe	ff	
02	00	00	00	f6	00	36	00	28	00	
6c	00	36	00	44	00	02	fc	ff	00	
00	06	00	05	00	06	00	03	00	f7	
00	51	00	5f	00	43	00	43	00	44	
00	02	a9	00	01	00	00	00	13	3b	
34	3f	00	00	e8	41	cf	7b	e7	fb	
29	3e	01	00	18	00	01	04	00	00	
00	00	00	0a	d7	a3	bb	29	5c	8f	
3c	03	03	03	03	03	03	