42	45	45	31	30	31	32	08	1a	e4	
b3	00	c1	00	d4	aa	e1	a7	08	03	
00	08	04	00	00	21	01	07	01	01	
00	00	00	1f	01	00	00	00	00	00	
00	00	00	00	00	00	00	00	00	00	
00	00	00	00	00	00	00	00	00	00	
00	00	00	00	00	00	00	00	00	00	
00	00	00	00	00	00	16	00	42	ff	
54	03	01	00	02	00	01	00	00	00	
00	00	03	00	03	00	03	00	03	00	
01	00	01	00	00	01	00	00	00	01	
00	00	06	00	00	00	ff	ff	ff	ff	
02	00	00	00	f6	00	36	00	36	00	
5e	00	36	00	36	00	02	fc	ff	ff	
ff	06	00	05	00	06	00	03	00	f7	
00	51	00	51	00	43	00	43	00	36	
00	02	a9	00	01	00	00	00	d8	c8	
d8	3e	00	00	d4	41	38	73	a0	1a	
2f	3e	01	00	18	00	01	00	00	8f	
c2	f5	3b	00	00	00	80	cc	cc	4c	
3c	03	03	03	03	03	03	