42	45	45	31	30	31	32	08	1a	c3	
90	00	c1	00	d3	e0	c4	e0	c5	23	
00	f5	13	00	00	21	01	ed	00	01	
00	00	00	32	01	00	00	00	00	00	
04	00	00	00	64	00	a9	00	01	01	
00	00	00	00	24	01	26	01	03	92	
ff	8e	74	07	00	00	05	00	56	fb	
00	00	00	00	00	00	ab	ff	01	00	
9d	ff	00	00	01	00	00	00	00	00	
00	00	03	00	03	00	03	00	03	00	
00	00	00	00	00	00	00	00	00	01	
00	00	06	00	00	00	fe	ff	fe	ff	
02	00	00	00	15	01	28	00	28	00	
43	00	5f	00	28	00	02	fc	ff	00	
00	05	00	05	00	06	00	03	00	e8	
00	36	00	36	00	43	00	28	00	36	
00	02	a8	00	01	00	00	00	a6	7d	
ea	3e	00	00	dc	41	87	74	d1	22	
db	3d	01	00	18	00	01	04	00	0a	
d7	23	bb	0a	d7	a3	bb	8f	c2	75	
3c	03	03	03	03	03	03	