42	45	45	31	30	31	32	08	1a	f4	
31	00	c1	00	d2	b8	df	b8	54	01	
00	37	05	00	00	21	01	c2	00	01	
00	00	00	2d	01	28	01	00	5c	03	
00	00	00	00	00	00	00	00	00	00	
00	00	00	00	00	00	00	00	00	00	
00	00	00	00	00	00	00	00	00	00	
00	00	00	00	00	00	ab	ff	01	00	
9d	ff	00	00	01	00	00	00	00	00	
00	00	03	00	03	00	03	00	03	00	
00	00	00	00	00	00	00	00	00	01	
00	00	06	00	00	00	fe	ff	fe	ff	
01	00	00	00	f6	00	36	00	36	00	
36	00	44	00	5f	00	02	fc	ff	ff	
ff	06	00	05	00	06	00	03	00	f7	
00	36	00	36	00	36	00	36	00	51	
00	02	98	00	01	00	00	00	81	ad	
2c	3f	00	00	e4	41	ad	7b	1f	85	
ab	be	01	00	10	00	01	04	00	0a	
d7	a3	3b	8f	c2	f5	bb	cc	cc	4c	
3c	03	03	03	03	03	03	