42	45	45	31	30	31	32	08	1a	e8	
7d	00	c1	00	d3	a1	77	b8	46	01	
00	d8	10	00	00	21	01	c2	00	01	
00	00	00	2d	01	28	01	00	5c	03	
02	00	00	00	00	00	99	00	01	01	
00	00	00	00	24	01	26	01	03	9a	
ff	0e	7c	07	00	00	00	00	2e	50	
01	00	23	01	00	00	ab	ff	01	00	
9d	ff	00	00	01	00	00	00	00	00	
00	00	03	00	03	00	03	00	03	00	
00	00	00	00	00	00	00	00	00	01	
00	00	06	00	00	00	ff	ff	ff	ff	
01	00	00	00	f6	00	43	00	43	00	
43	00	51	00	6d	00	02	fc	ff	ff	
ff	06	00	05	00	06	00	03	00	f7	
00	36	00	36	00	36	00	36	00	51	
00	02	98	00	01	00	00	00	17	5f	
31	3f	00	00	e6	41	05	7c	23	db	
79	be	01	00	10	00	01	04	00	0a	
d7	a3	3b	0a	d7	a3	bb	0a	d7	a3	
3c	03	03	03	03	03	03	