42	45	45	31	30	31	32	08	1a	fc	
23	00	c1	00	d4	d9	c1	a9	16	03	
00	60	06	00	00	21	01	07	01	01	
00	00	00	25	01	00	00	00	00	00	
04	00	00	00	64	00	aa	00	01	01	
00	00	00	00	24	01	28	01	03	61	
ff	25	79	07	00	00	05	00	ab	11	
00	00	00	00	00	00	19	00	42	ff	
62	01	01	00	02	00	01	00	00	00	
00	00	03	00	03	00	03	00	03	00	
01	00	01	00	00	01	00	00	00	01	
00	00	06	00	00	00	ff	ff	fe	ff	
02	00	00	00	f6	00	36	00	36	00	
6c	00	44	00	36	00	02	fc	ff	00	
00	05	00	05	00	06	00	03	00	f7	
00	51	00	51	00	43	00	43	00	36	
00	02	a9	00	01	00	00	00	af	0e	
02	3f	00	00	f6	41	e2	78	ec	51	
c8	bf	01	00	18	00	01	00	00	0a	
d7	23	3b	8f	c2	f5	bb	29	5c	8f	
3c	03	03	03	03	03	03	