42	45	45	31	30	31	32	08	1a	c2	
d6	00	c1	00	d4	e7	27	a9	01	03	
00	0b	07	00	00	21	01	07	01	01	
00	00	00	26	01	00	00	00	00	00	
04	00	00	00	64	00	aa	00	01	01	
00	00	00	00	24	01	27	01	03	98	
ff	62	7c	07	00	00	05	00	4e	04	
00	00	00	00	00	00	19	00	42	ff	
6c	01	01	00	02	00	01	00	00	00	
00	00	03	00	03	00	03	00	03	00	
01	00	01	00	00	01	00	00	00	01	
00	00	06	00	00	00	fe	ff	ff	ff	
02	00	00	00	f6	00	43	00	36	00	
6c	00	44	00	44	00	02	fc	ff	00	
00	05	00	05	00	06	00	03	00	f7	
00	5f	00	5f	00	5f	00	43	00	51	
00	02	a9	00	01	00	00	00	9f	fa	
35	3f	00	00	e4	41	4a	7c	0a	d7	
a3	bd	01	00	18	00	01	04	00	0a	
d7	23	3c	cc	cc	4c	bc	0a	d7	a3	
3c	03	03	03	03	03	03	