42	45	45	31	30	31	32	08	1a	f9	
a9	00	c1	00	d2	c3	cf	b8	31	01	
00	c4	05	00	00	21	01	c2	00	01	
00	00	00	2b	01	28	01	00	5c	03	
02	00	00	00	00	00	99	00	01	01	
00	00	00	00	1f	01	22	01	03	9b	
ff	7c	7c	07	00	00	00	00	e3	2d	
02	00	2c	01	00	00	ab	ff	01	00	
9d	ff	00	00	01	00	00	00	00	00	
00	00	03	00	03	00	03	00	03	00	
00	00	00	00	00	00	00	00	00	01	
00	00	06	00	00	00	fe	ff	fe	ff	
01	00	00	00	f6	00	43	00	43	00	
43	00	51	00	6d	00	02	fb	ff	ff	
ff	06	00	05	00	06	00	03	00	07	
01	36	00	36	00	36	00	43	00	5f	
00	02	98	00	01	00	00	00	02	b4	
39	3f	00	00	dc	41	77	7c	39	b4	
48	bd	01	00	10	00	01	04	00	8f	
c2	f5	3b	00	00	00	80	0a	d7	23	
3c	03	03	03	03	03	03	