42	45	45	31	30	31	32	08	1a	c0	
ff	00	c1	00	0f	50	15	2b	8c	08	
00	79	00	00	00	21	01	04	01	01	
00	00	00	29	01	00	00	00	00	00	
04	00	00	00	64	00	aa	00	01	01	
00	00	00	00	29	01	2c	01	03	95	
ff	b0	75	07	00	00	05	00	22	ae	
00	00	00	00	00	00	19	00	42	ff	
4d	01	01	00	02	00	01	00	00	00	
00	00	03	00	03	00	03	00	03	00	
01	00	01	00	00	01	00	00	00	01	
00	00	06	00	00	00	ff	ff	fe	ff	
02	00	00	00	f6	00	36	00	36	00	
5e	00	44	00	36	00	02	fc	ff	00	
00	05	00	05	00	06	00	03	00	f7	
00	51	00	51	00	43	00	43	00	44	
00	02	a9	00	01	00	00	00	fe	23	
9d	3e	00	00	f8	41	35	75	1b	2f	
2d	c0	01	00	18	00	01	04	00	00	
00	00	00	0a	d7	a3	bb	0a	d7	a3	
3c	03	03	03	03	03	03	