42	45	45	31	30	31	32	08	1a	dd	
b9	00	c1	00	d3	0b	ef	b8	53	01	
00	5e	09	00	00	21	01	c2	00	01	
00	00	00	27	01	28	01	00	5c	03	
02	00	00	00	00	00	99	00	01	01	
00	00	00	00	18	01	1c	01	03	99	
ff	26	7a	07	00	00	00	00	c8	e5	
01	00	23	01	00	00	ab	ff	01	00	
9d	ff	00	00	01	00	00	00	00	00	
00	00	03	00	03	00	03	00	03	00	
00	00	00	00	00	00	00	00	00	01	
00	00	06	00	00	00	ff	ff	fe	ff	
02	00	00	00	f6	00	36	00	36	00	
36	00	44	00	5f	00	02	fc	ff	ff	
ff	05	00	05	00	06	00	03	00	f7	
00	28	00	36	00	28	00	36	00	51	
00	02	98	00	01	00	00	00	db	d2	
2d	3f	00	00	d4	41	21	7a	17	d9	
ce	3d	01	00	10	00	01	04	00	8f	
c2	f5	3b	0a	d7	23	bb	cc	cc	4c	
3c	03	03	03	03	03	03	