42	45	45	31	30	31	32	08	1a	f8	
41	00	c1	00	d2	c0	ff	b8	42	01	
00	a0	05	00	00	21	01	c2	00	01	
00	00	00	2b	01	28	01	00	5c	03	
02	00	00	00	00	00	99	00	01	01	
00	00	00	00	1f	01	22	01	03	9b	
ff	67	7c	07	00	00	00	00	b3	30	
02	00	23	01	00	00	ab	ff	01	00	
9d	ff	00	00	01	00	00	00	00	00	
00	00	03	00	03	00	03	00	03	00	
00	00	00	00	00	00	00	00	00	01	
00	00	06	00	ff	ff	fe	ff	fe	ff	
01	00	00	00	f6	00	43	00	43	00	
43	00	44	00	6d	00	02	fc	ff	ff	
ff	06	00	05	00	06	00	03	00	f7	
00	43	00	44	00	36	00	43	00	6c	
00	02	98	00	01	00	00	00	04	19	
38	3f	00	00	dc	41	5d	7c	0a	d7	
a3	bd	01	00	10	00	01	04	00	8f	
c2	f5	3b	0a	d7	23	bb	29	5c	8f	
3c	03	03	03	03	03	03	