42	45	45	31	30	31	32	08	1a	f9	
df	00	c1	00	d4	d5	39	a7	0f	03	
00	25	06	00	00	21	01	07	01	01	
00	00	00	23	01	00	00	00	00	00	
04	00	00	00	64	00	aa	00	01	01	
00	00	00	00	1f	01	22	01	03	8d	
ff	f8	6f	07	00	00	05	00	3e	16	
00	00	00	00	00	00	1d	00	42	ff	
5f	01	01	00	02	00	01	00	00	00	
00	00	03	00	03	00	03	00	03	00	
01	00	01	00	00	01	00	00	00	01	
00	00	06	00	00	00	fe	ff	fe	ff	
02	00	00	00	f6	00	36	00	36	00	
5e	00	36	00	36	00	02	fc	ff	00	
00	06	00	05	00	06	00	03	00	e8	
00	28	00	28	00	1b	00	5e	00	36	
00	02	a9	00	01	00	00	00	36	41	
90	3e	00	00	dc	41	ec	6f	b2	9d	
ef	3d	01	00	18	00	01	04	00	8f	
c2	75	3c	8f	c2	f5	bb	0a	d7	23	
3c	03	03	03	03	03	03	