42	45	45	31	30	31	32	08	1a	e5	
49	00	c1	00	d3	9b	0f	b8	46	01	
00	86	10	00	00	21	01	c2	00	01	
00	00	00	2d	01	28	01	00	5c	03	
02	00	00	00	00	00	99	00	01	01	
00	00	00	00	24	01	27	01	03	98	
ff	e4	7a	07	00	00	00	00	a1	56	
01	00	2c	01	00	00	ab	ff	01	00	
9d	ff	00	00	01	00	00	00	00	00	
00	00	03	00	03	00	03	00	03	00	
00	00	00	00	00	00	00	00	00	01	
00	00	06	00	00	00	fe	ff	fe	ff	
01	00	00	00	f6	00	36	00	36	00	
36	00	44	00	5f	00	02	fc	ff	ff	
ff	05	00	05	00	06	00	03	00	f7	
00	36	00	36	00	36	00	36	00	51	
00	02	98	00	01	00	00	00	38	38	
1d	3f	00	00	f4	41	c8	7a	87	16	
39	bf	01	00	10	00	01	04	00	8f	
c2	f5	3b	0a	d7	23	bb	8f	c2	75	
3c	03	03	03	03	03	03	