42	45	45	31	30	31	32	08	1a	e2	
cc	00	c1	00	d3	96	15	b8	45	01	
00	47	10	00	00	21	01	c2	00	01	
00	00	00	2c	01	28	01	00	5c	03	
02	00	00	00	00	00	99	00	01	01	
00	00	00	00	22	01	26	01	03	97	
ff	fe	77	07	00	00	00	00	8d	5b	
01	00	2c	01	00	00	ab	ff	01	00	
9d	ff	00	00	01	00	00	00	00	00	
00	00	03	00	03	00	03	00	03	00	
00	00	00	00	00	00	00	00	00	01	
00	00	06	00	00	00	fe	ff	fe	ff	
02	00	00	00	f6	00	36	00	36	00	
36	00	44	00	5f	00	02	fc	ff	ff	
ff	06	00	05	00	06	00	03	00	f7	
00	36	00	36	00	28	00	36	00	51	
00	02	98	00	01	00	00	00	44	ed	
e8	3e	00	00	f6	41	b9	77	c5	20	
f0	bf	01	00	10	00	01	04	00	0a	
d7	23	3b	8f	c2	f5	bb	cc	cc	4c	
3c	03	03	03	03	03	03	