42	45	45	31	30	31	32	08	1a	c9	
7e	00	c1	00	0f	61	13	2b	8c	08	
00	52	01	00	00	21	01	04	01	01	
00	00	00	2a	01	00	00	00	00	00	
00	00	00	00	00	00	00	00	00	00	
00	00	00	00	00	00	00	00	00	00	
00	00	00	00	00	00	00	00	00	00	
00	00	00	00	00	00	17	00	42	ff	
57	03	01	00	5e	00	01	00	00	00	
00	00	03	00	03	00	03	00	03	00	
01	00	01	00	01	01	00	00	00	01	
00	00	06	00	00	00	ff	ff	ff	ff	
02	00	00	00	f6	00	43	00	36	00	
6c	00	44	00	44	00	02	fc	ff	00	
00	06	00	05	00	06	00	03	00	f7	
00	5f	00	5f	00	51	00	43	00	44	
00	02	a9	00	01	00	00	00	cb	72	
33	3f	00	00	e8	41	2f	7c	a6	9b	
c4	bd	01	00	18	00	01	04	00	00	
00	00	00	8f	c2	f5	bb	cc	cc	4c	
3c	03	03	03	03	03	03	