42	45	45	31	30	31	32	08	1a	c8	
27	00	c1	00	d4	71	c9	a7	09	03	
00	2d	01	00	00	21	01	07	01	01	
00	00	00	24	01	00	00	00	00	00	
04	00	00	00	64	00	aa	00	01	01	
00	00	00	00	1f	01	22	01	03	95	
ff	cb	78	07	00	00	05	00	aa	79	
00	00	00	00	00	00	19	00	42	ff	
7f	01	01	00	02	00	01	00	00	00	
00	00	03	00	03	00	03	00	03	00	
01	00	01	00	00	01	00	00	00	01	
00	00	06	00	00	00	ff	ff	fe	ff	
02	00	00	00	f6	00	36	00	28	00	
5e	00	36	00	36	00	02	fc	ff	00	
00	06	00	05	00	06	00	03	00	f7	
00	51	00	51	00	43	00	43	00	44	
00	02	a9	00	01	00	00	00	a8	8b	
1e	3f	00	00	dc	41	ae	78	0a	d7	
23	3e	01	00	18	00	01	04	00	0a	
d7	a3	3b	cc	cc	4c	bc	29	5c	8f	
3c	03	03	03	03	03	03	