42	45	45	31	30	31	32	08	1a	f6	
fd	00	c1	00	d3	3e	77	b8	31	01	
00	e5	0b	00	00	21	01	c2	00	01	
00	00	00	28	01	28	01	00	5c	03	
02	00	00	00	00	00	99	00	01	01	
00	00	00	00	18	01	1c	01	03	95	
ff	50	75	07	00	00	00	00	40	b3	
01	00	23	01	00	00	ab	ff	01	00	
9d	ff	00	00	01	00	00	00	00	00	
00	00	03	00	03	00	03	00	03	00	
00	00	00	00	00	00	00	00	00	01	
00	00	06	00	00	00	fe	ff	fe	ff	
02	00	00	00	f6	00	36	00	36	00	
36	00	44	00	5f	00	02	fc	ff	ff	
ff	06	00	05	00	06	00	03	00	f7	
00	36	00	36	00	28	00	36	00	51	
00	02	98	00	01	00	00	00	e1	56	
03	3f	00	00	d2	41	48	75	d1	22	
db	3d	01	00	10	00	01	04	00	0a	
d7	23	3b	0a	d7	23	bb	cc	cc	4c	
3c	03	03	03	03	03	03	