42	45	45	31	30	31	32	08	1a	dc	
1d	00	c1	00	d3	08	b7	b8	44	01	
00	36	09	00	00	21	01	c2	00	01	
00	00	00	28	01	28	01	00	5c	03	
02	00	00	00	00	00	99	00	01	01	
00	00	00	00	1a	01	1c	01	03	99	
ff	61	7a	07	00	00	00	00	f3	e8	
01	00	23	01	00	00	ab	ff	01	00	
9d	ff	00	00	01	00	00	00	00	00	
00	00	03	00	03	00	03	00	03	00	
00	00	00	00	00	00	00	00	00	01	
00	00	06	00	00	00	ff	ff	fe	ff	
01	00	00	00	f6	00	36	00	36	00	
43	00	44	00	44	00	02	fb	ff	ff	
ff	06	00	05	00	06	00	03	00	f7	
00	28	00	28	00	28	00	36	00	51	
00	02	98	00	01	00	00	00	a2	13	
30	3f	00	00	d4	41	5f	7a	a6	9b	
c4	3d	01	00	10	00	01	04	00	0a	
d7	a3	3b	0a	d7	23	bb	8f	c2	f5	
3b	03	03	03	03	03	03	