42	45	45	31	30	31	32	08	1a	cd	
41	00	c1	00	d3	6a	ff	b8	53	01	
00	1f	0e	00	00	21	01	c2	00	01	
00	00	00	29	01	28	01	00	5c	03	
02	00	00	00	00	00	99	00	01	01	
00	00	00	00	1a	01	1c	01	03	91	
ff	d8	71	07	00	00	00	00	b3	86	
01	00	23	01	00	00	ab	ff	01	00	
9d	ff	00	00	01	00	00	00	00	00	
00	00	03	00	03	00	03	00	03	00	
00	00	00	00	00	00	00	00	00	01	
00	00	06	00	00	00	fe	ff	fe	ff	
02	00	00	00	e7	00	36	00	36	00	
36	00	44	00	5f	00	02	fc	ff	00	
00	05	00	05	00	06	00	03	00	f7	
00	36	00	1b	00	28	00	43	00	28	
00	02	98	00	01	00	00	00	e2	2c	
b9	3e	00	00	d4	41	d8	71	87	16	
d9	3d	01	00	10	00	01	04	00	0a	
d7	23	bb	00	00	00	80	cc	cc	4c	
3c	03	03	03	03	03	03	