42	45	45	31	30	31	32	08	1a	f1	
55	00	c1	00	d3	33	27	b8	25	01	
00	55	0b	00	00	21	01	c2	00	01	
00	00	00	27	01	28	01	00	5c	03	
02	00	00	00	00	00	99	00	01	01	
00	00	00	00	18	01	1b	01	03	96	
ff	41	76	07	00	00	00	00	81	be	
01	00	2c	01	00	00	ab	ff	01	00	
9d	ff	00	00	01	00	00	00	00	00	
00	00	03	00	03	00	03	00	03	00	
00	00	00	00	00	00	00	00	00	01	
00	00	06	00	00	00	fe	ff	fe	ff	
02	00	00	00	e7	00	28	00	36	00	
36	00	44	00	51	00	02	fc	ff	ff	
ff	06	00	05	00	06	00	03	00	f7	
00	36	00	28	00	28	00	36	00	51	
00	02	98	00	01	00	00	00	4b	4c	
0d	3f	00	00	d2	41	3f	76	a6	9b	
c4	3d	01	00	10	00	01	04	00	00	
00	00	00	0a	d7	23	bb	8f	c2	75	
3c	03	03	03	03	03	03	