42	45	45	31	30	31	32	08	1a	e2	
a1	00	c1	00	d3	95	bf	b8	14	01	
00	42	10	00	00	21	01	c2	00	01	
00	00	00	2c	01	28	01	00	5c	03	
02	00	00	00	00	00	99	00	01	01	
00	00	00	00	22	01	26	01	03	96	
ff	aa	77	07	00	00	00	00	e8	5b	
01	00	23	01	00	00	ab	ff	01	00	
9d	ff	00	00	01	00	00	00	00	00	
00	00	03	00	03	00	03	00	03	00	
00	00	00	00	00	00	00	00	00	01	
00	00	06	00	00	00	fe	ff	fe	ff	
02	00	00	00	f6	00	36	00	36	00	
36	00	44	00	5f	00	02	fc	ff	ff	
ff	06	00	05	00	06	00	03	00	f7	
00	36	00	36	00	28	00	36	00	51	
00	02	98	00	01	00	00	00	de	ad	
df	3e	00	00	f6	41	57	77	e9	26	
01	c0	01	00	10	00	01	04	00	0a	
d7	23	3c	cc	cc	4c	bc	cc	cc	4c	
3c	03	03	03	03	03	03	