42	45	45	31	30	31	32	08	1a	c7	
ec	00	c1	00	d3	60	55	b8	35	01	
00	96	0d	00	00	21	01	c2	00	01	
00	00	00	28	01	28	01	00	5c	03	
02	00	00	00	00	00	99	00	01	01	
00	00	00	00	1a	01	1b	01	03	92	
ff	96	72	07	00	00	00	00	5e	91	
01	00	23	01	00	00	ab	ff	01	00	
9d	ff	00	00	01	00	00	00	00	00	
00	00	03	00	03	00	03	00	03	00	
00	00	00	00	00	00	00	00	00	01	
00	00	06	00	00	00	ff	ff	fe	ff	
02	00	00	00	f6	00	28	00	36	00	
36	00	44	00	51	00	02	fc	ff	ff	
ff	05	00	05	00	06	00	03	00	f7	
00	28	00	36	00	28	00	36	00	51	
00	02	98	00	01	00	00	00	31	07	
cb	3e	00	00	d2	41	91	72	17	d9	
ce	3d	01	00	10	00	01	04	00	0a	
d7	23	3b	0a	d7	23	bb	cc	cc	4c	
3c	03	03	03	03	03	03	