42	45	45	31	30	31	32	08	1a	c1	
c7	00	c1	00	0f	51	a5	2b	18	08	
00	8e	00	00	00	21	01	04	01	01	
00	00	00	29	01	00	00	00	00	00	
04	00	00	00	64	00	aa	00	01	01	
00	00	00	00	29	01	2e	01	03	96	
ff	18	77	07	00	00	05	00	7e	ac	
00	00	00	00	00	00	1b	00	41	ff	
62	03	01	00	02	00	01	00	00	00	
00	00	03	00	03	00	03	00	03	00	
01	00	01	00	00	01	00	00	00	01	
00	00	06	00	00	00	ff	ff	ff	ff	
02	00	00	00	05	01	36	00	36	00	
6c	00	36	00	44	00	02	fc	ff	00	
00	06	00	05	00	06	00	03	00	f7	
00	51	00	5f	00	43	00	43	00	44	
00	02	a9	00	01	00	00	00	76	2a	
d2	3e	00	00	fa	41	b8	76	e7	fb	
f9	bf	01	00	18	00	01	00	00	00	
00	00	00	0a	d7	23	bc	cc	cc	cc	
3c	03	03	03	03	03	03	