42	45	45	31	30	31	32	08	1a	e1	
50	00	c1	00	d3	93	1d	b8	52	01	
00	21	10	00	00	21	01	c2	00	01	
00	00	00	2b	01	28	01	00	5c	03	
02	00	00	00	00	00	99	00	01	01	
00	00	00	00	1d	01	20	01	03	94	
ff	27	74	07	00	00	00	00	7c	5e	
01	00	23	01	00	00	ab	ff	01	00	
9d	ff	00	00	01	00	00	00	00	00	
00	00	03	00	03	00	03	00	03	00	
00	00	00	00	00	00	00	00	00	01	
00	00	06	00	00	00	fe	ff	fe	ff	
01	00	00	00	f6	00	36	00	36	00	
36	00	44	00	51	00	02	fc	ff	ff	
ff	06	00	05	00	06	00	03	00	f7	
00	36	00	36	00	28	00	36	00	51	
00	02	98	00	01	00	00	00	ca	a9	
85	3e	00	00	e2	41	c5	73	25	06	
39	c0	01	00	10	00	01	04	00	0a	
d7	a3	3b	0a	d7	23	bc	cc	cc	4c	
3c	03	03	03	03	03	03	