42	45	45	31	30	31	32	08	1a	c7	
91	00	c1	00	0f	55	4c	00	32	01	
00	c1	00	00	00	21	01	c2	00	01	
00	00	00	39	01	27	01	00	64	03	
02	00	00	00	00	00	99	00	01	01	
00	00	00	00	27	01	29	01	03	99	
ff	e5	79	07	00	00	00	00	21	92	
02	00	23	01	00	00	ab	ff	01	00	
9d	ff	00	00	01	00	00	00	00	00	
00	00	03	00	03	00	03	00	03	00	
00	00	00	00	00	00	00	00	00	01	
00	00	06	00	00	00	fe	ff	fe	ff	
01	00	00	00	f6	00	36	00	43	00	
36	00	44	00	5f	00	02	fc	ff	00	
00	05	00	05	00	06	00	03	00	f7	
00	36	00	36	00	28	00	36	00	51	
00	02	98	00	01	00	00	00	91	f7	
29	3f	00	00	dd	41	e3	79	87	16	
d9	3d	01	00	18	00	00	04	00	0a	
d7	a3	3b	8f	c2	f5	bb	8f	c2	75	
3c	03	03	03	03	03	03	