42	45	45	31	30	31	32	08	1a	f1	
0b	00	c1	00	d4	c3	91	a7	7a	03	
00	43	05	00	00	21	01	07	01	01	
00	00	00	20	01	00	00	00	00	00	
04	00	00	00	64	00	aa	00	01	01	
00	00	00	00	1d	01	1f	01	03	8e	
ff	74	71	07	00	00	05	00	f2	27	
00	00	00	00	00	00	17	00	42	ff	
70	03	01	00	02	00	01	00	00	00	
00	00	03	00	03	00	03	00	03	00	
01	00	01	00	00	01	00	00	00	01	
00	00	06	00	00	00	fe	ff	fe	ff	
02	00	00	00	f6	00	36	00	28	00	
5e	00	36	00	36	00	02	fc	ff	00	
00	06	00	05	00	06	00	03	00	f7	
00	51	00	51	00	43	00	36	00	44	
00	02	a9	00	01	00	00	00	f4	33	
ae	3e	00	00	d4	41	66	71	42	60	
e5	3d	01	00	18	00	01	04	00	0a	
d7	23	3b	0a	d7	23	bb	8f	c2	75	
3c	03	03	03	03	03	03	