42	45	45	31	30	31	32	08	1a	c3	
ca	00	c1	00	d4	61	4d	0a	04	09	
00	d6	01	00	00	21	01	05	01	01	
00	00	00	28	01	00	00	00	00	00	
04	00	00	00	64	00	aa	00	01	01	
00	00	00	00	27	01	29	01	03	96	
ff	14	7b	07	00	00	05	00	bb	92	
00	00	00	00	00	00	1b	00	42	ff	
61	01	01	00	02	00	01	00	00	00	
00	00	03	00	03	00	03	00	03	00	
01	00	01	00	00	01	00	00	00	01	
00	00	06	00	00	00	fe	ff	fe	ff	
01	00	00	00	f6	00	36	00	36	00	
6c	00	36	00	44	00	02	fc	ff	00	
00	06	00	05	00	06	00	03	00	f7	
00	5f	00	51	00	43	00	43	00	44	
00	02	a9	00	01	00	00	00	5d	61	
2f	3f	00	00	e2	41	0d	7b	d1	22	
db	3d	01	00	18	00	01	04	00	0a	
d7	23	3c	0a	d7	23	bc	29	5c	8f	
3c	03	03	03	03	03	03	