42	45	45	31	30	31	32	08	1a	e0	
64	00	c1	00	d3	11	45	b8	30	01	
00	a3	09	00	00	21	01	c2	00	01	
00	00	00	27	01	28	01	00	5c	03	
02	00	00	00	00	00	99	00	01	01	
00	00	00	00	18	01	1c	01	03	98	
ff	bd	79	07	00	00	00	00	64	e0	
01	00	23	01	00	00	ab	ff	01	00	
9d	ff	00	00	01	00	00	00	00	00	
00	00	03	00	03	00	03	00	03	00	
00	00	00	00	00	00	00	00	00	01	
00	00	06	00	00	00	ff	ff	fe	ff	
02	00	00	00	f6	00	36	00	36	00	
36	00	44	00	5f	00	02	fc	ff	00	
00	06	00	05	00	06	00	03	00	f7	
00	36	00	36	00	28	00	36	00	51	
00	02	98	00	01	00	00	00	05	d5	
29	3f	00	00	d4	41	c0	79	17	d9	
ce	3d	01	00	10	00	01	04	00	00	
00	00	00	0a	d7	a3	bb	cc	cc	4c	
3c	03	03	03	03	03	03	