42	45	45	31	30	31	32	08	1a	ef	
76	00	c1	00	d4	c0	67	ab	6b	03	
00	1a	05	00	00	21	01	07	01	01	
00	00	00	21	01	00	00	00	00	00	
04	00	00	00	64	00	aa	00	01	01	
00	00	00	00	1a	01	1f	01	03	90	
ff	b9	71	07	00	00	05	00	1c	2b	
00	00	00	00	00	00	17	00	42	ff	
5f	01	01	00	02	00	01	00	00	00	
00	00	03	00	03	00	03	00	03	00	
01	00	01	00	00	01	00	00	00	01	
00	00	06	00	00	00	ff	ff	fe	ff	
02	00	00	00	f6	00	36	00	36	00	
5e	00	36	00	36	00	02	fc	ff	ff	
ff	06	00	05	00	06	00	03	00	f7	
00	51	00	51	00	43	00	36	00	36	
00	02	a9	00	01	00	00	00	e3	6c	
b3	3e	00	00	d4	41	ac	71	6d	e7	
fb	3d	01	00	18	00	01	04	00	0a	
d7	a3	3b	00	00	00	80	0a	d7	a3	
3b	03	03	03	03	03	03	