42	45	45	31	30	31	32	08	1a	c4	
b9	00	c1	00	d2	d9	ef	b8	52	01	
00	de	06	00	00	21	01	c2	00	01	
00	00	00	2c	01	28	01	00	5c	03	
02	00	00	00	00	00	99	00	01	01	
00	00	00	00	1d	01	21	01	03	9b	
ff	9c	7c	07	00	00	00	00	d8	17	
02	00	23	01	00	00	ab	ff	01	00	
9d	ff	00	00	01	00	00	00	00	00	
00	00	03	00	03	00	03	00	03	00	
00	00	00	00	00	00	00	00	00	01	
00	00	06	00	00	00	fe	ff	fe	ff	
02	00	00	00	f6	00	36	00	43	00	
43	00	51	00	5f	00	02	fc	ff	ff	
ff	06	00	05	00	06	00	03	00	f7	
00	43	00	44	00	43	00	43	00	5f	
00	02	98	00	01	00	00	00	cf	5f	
3e	3f	00	00	d8	41	9b	7c	a6	9b	
c4	bb	01	00	10	00	01	04	00	0a	
d7	23	3c	0a	d7	a3	bb	8f	c2	75	
3c	03	03	03	03	03	03	