42	45	45	31	30	31	32	08	1a	c1	
06	00	c1	00	0f	48	35	f6	08	01	
00	19	00	00	00	21	01	fc	00	01	
00	00	00	2a	01	00	00	00	00	00	
04	00	00	00	64	00	aa	00	01	01	
00	00	00	00	27	01	2a	01	03	77	
ff	66	6f	07	00	00	05	00	0e	bb	
00	00	00	00	00	00	1b	00	42	ff	
4c	01	01	00	02	00	70	00	00	00	
00	00	03	00	03	00	03	00	03	00	
01	00	01	00	00	01	00	00	00	01	
00	00	06	00	00	00	fe	ff	ff	ff	
02	00	00	00	f6	00	36	00	36	00	
5e	00	44	00	36	00	02	fc	ff	00	
00	06	00	05	00	06	00	03	00	f7	
00	51	00	51	00	43	00	43	00	44	
00	02	a9	00	01	00	00	00	90	62	
81	3e	00	00	e2	41	4d	6f	3b	df	
4f	3e	01	00	1a	00	01	04	00	0a	
d7	23	3b	0a	d7	23	bb	29	5c	8f	
3c	03	03	03	03	03	03	