42	45	45	31	30	31	32	08	1a	c5	
82	00	c1	00	0f	53	0c	70	8a	05	
00	a1	00	00	00	21	01	f8	00	01	
00	00	00	25	01	00	00	00	00	00	
00	00	00	00	00	00	00	00	00	00	
00	00	00	00	00	00	00	00	00	00	
00	00	00	00	00	00	00	00	00	00	
00	00	00	00	00	00	18	00	42	ff	
5f	03	01	00	02	00	70	00	00	00	
00	00	03	00	03	00	03	00	03	00	
01	00	01	00	00	01	00	00	00	01	
00	00	06	00	00	00	fe	ff	fe	ff	
01	00	00	00	f6	00	36	00	36	00	
5e	00	36	00	36	00	02	fc	ff	ff	
ff	06	00	05	00	06	00	03	00	f7	
00	51	00	51	00	43	00	43	00	44	
00	02	a9	00	01	00	00	00	6d	b2	
a7	3e	00	00	dc	41	4c	71	83	c0	
4a	3e	01	00	1a	00	01	00	00	0a	
d7	a3	3b	0a	d7	a3	bb	8f	c2	75	
3c	03	03	03	03	03	03	