42	45	45	31	30	31	32	08	1a	c0	
30	00	c1	00	d3	bd	bc	6b	d2	0f	
00	3d	12	00	00	21	01	cd	00	08	
00	00	00	2b	01	00	00	00	00	00	
04	00	00	00	64	00	a2	00	01	01	
00	00	00	00	27	01	29	01	03	97	
ff	ad	78	07	00	00	05	00	7c	28	
01	00	23	01	00	00	ab	ff	01	00	
9d	ff	00	00	01	00	00	00	00	00	
00	00	03	00	03	00	03	00	03	00	
00	00	00	00	00	00	00	00	00	01	
00	00	06	00	00	00	ff	ff	fe	ff	
02	00	00	00	f6	00	36	00	36	00	
36	00	44	00	5f	00	02	fc	ff	00	
00	06	00	05	00	06	00	03	00	f7	
00	36	00	36	00	28	00	36	00	5f	
00	02	a1	00	01	00	00	00	70	58	
1e	3f	00	00	de	41	94	78	e7	fb	
29	3e	01	00	18	00	01	00	00	00	
00	00	00	0a	d7	a3	bb	29	5c	8f	
3c	03	03	03	03	03	03	