42	45	45	31	30	31	32	08	1a	c8	
cf	00	c1	00	d4	73	19	a7	09	03	
00	3e	01	00	00	21	01	07	01	01	
00	00	00	23	01	00	00	00	00	00	
00	00	00	00	00	00	00	00	00	00	
00	00	00	00	00	00	00	00	00	00	
00	00	00	00	00	00	00	00	00	00	
00	00	00	00	00	00	1d	00	42	ff	
56	03	01	00	02	00	01	00	00	00	
00	00	03	00	03	00	03	00	03	00	
01	00	01	00	00	01	00	00	00	01	
00	00	06	00	00	00	fe	ff	fe	ff	
02	00	00	00	f6	00	36	00	36	00	
6c	00	36	00	36	00	02	fc	ff	00	
00	06	00	05	00	06	00	03	00	f7	
00	51	00	51	00	43	00	43	00	36	
00	02	a9	00	01	00	00	00	61	85	
1d	3f	00	00	dc	41	82	78	2f	dd	
24	3e	01	00	18	00	01	00	00	00	
00	00	00	0a	d7	a3	bb	0a	d7	a3	
3c	03	03	03	03	03	03	