42	45	45	31	30	31	32	08	1a	c5	
af	00	c1	00	d4	6c	d9	a9	8a	03	
00	ed	00	00	00	21	01	07	01	01	
00	00	00	25	01	00	00	00	00	00	
04	00	00	00	64	00	aa	00	01	01	
00	00	00	00	22	01	23	01	03	95	
ff	6d	79	07	00	00	05	00	b5	7e	
00	00	00	00	00	00	1d	00	42	ff	
69	03	01	00	02	00	01	00	00	00	
00	00	03	00	03	00	03	00	03	00	
01	00	01	00	00	01	00	00	00	01	
00	00	06	00	00	00	fe	ff	fe	ff	
02	00	00	00	f6	00	36	00	36	00	
6c	00	36	00	44	00	02	fc	ff	00	
00	06	00	05	00	06	00	03	00	f7	
00	51	00	51	00	51	00	43	00	44	
00	02	a9	00	01	00	00	00	e7	25	
22	3f	00	00	dc	41	67	79	60	e5	
d0	3d	01	00	18	00	01	04	00	0a	
d7	a3	3b	8f	c2	f5	bb	8f	c2	75	
3c	03	03	03	03	03	03	