42	45	45	31	30	31	32	08	1a	c1	
9b	00	c1	00	d4	e4	b1	a9	07	03	
00	eb	06	00	00	21	01	07	01	01	
00	00	00	26	01	00	00	00	00	00	
04	00	00	00	64	00	aa	00	01	01	
00	00	00	00	24	01	27	01	03	98	
ff	37	7c	07	00	00	05	00	c4	06	
00	00	00	00	00	00	18	00	42	ff	
73	01	01	00	02	00	01	00	00	00	
00	00	03	00	03	00	03	00	03	00	
01	00	01	00	00	01	00	00	00	01	
00	00	06	00	00	00	fe	ff	ff	ff	
02	00	00	00	f6	00	36	00	43	00	
6c	00	44	00	51	00	02	fc	ff	00	
00	06	00	05	00	06	00	03	00	f7	
00	5f	00	5f	00	51	00	51	00	51	
00	02	a9	00	01	00	00	00	1d	03	
33	3f	00	00	e8	41	27	7c	81	95	
43	be	01	00	18	00	01	04	00	0a	
d7	a3	3b	0a	d7	a3	3b	8f	c2	75	
3c	03	03	03	03	03	03	