42	45	45	31	30	31	32	08	1a	f2	
75	00	c1	00	d3	35	67	b8	3e	01	
00	71	0b	00	00	21	01	c2	00	01	
00	00	00	27	01	28	01	00	5c	03	
02	00	00	00	00	00	99	00	01	01	
00	00	00	00	18	01	1b	01	03	96	
ff	11	76	07	00	00	00	00	47	bc	
01	00	23	01	00	00	ab	ff	01	00	
9d	ff	00	00	01	00	00	00	00	00	
00	00	03	00	03	00	03	00	03	00	
00	00	00	00	00	00	00	00	00	01	
00	00	06	00	00	00	ff	ff	fe	ff	
02	00	00	00	e7	00	36	00	36	00	
36	00	44	00	5f	00	02	fc	ff	ff	
ff	05	00	05	00	06	00	03	00	e8	
00	28	00	28	00	28	00	36	00	51	
00	02	98	00	01	00	00	00	cf	56	
0b	3f	00	00	d2	41	13	76	a6	9b	
c4	3d	01	00	10	00	01	04	00	8f	
c2	f5	3b	0a	d7	23	bb	0a	d7	23	
3c	03	03	03	03	03	03	