42	45	45	31	30	31	32	08	1a	fa	
6b	00	c1	00	d4	d6	51	a7	7a	03	
00	33	06	00	00	21	01	07	01	01	
00	00	00	23	01	00	00	00	00	00	
04	00	00	00	64	00	aa	00	01	01	
00	00	00	00	1f	01	23	01	03	8f	
ff	2d	75	07	00	00	05	00	30	15	
00	00	00	00	00	00	18	00	42	ff	
5f	01	01	00	02	00	01	00	00	00	
00	00	03	00	03	00	03	00	03	00	
01	00	01	00	00	01	00	00	00	01	
00	00	06	00	00	00	fe	ff	fe	ff	
02	00	00	00	e7	00	51	00	43	00	
5e	00	44	00	28	00	02	fc	ff	ff	
ff	06	00	05	00	06	00	03	00	f7	
00	51	00	51	00	36	00	43	00	44	
00	02	a9	00	01	00	00	00	98	46	
9a	3e	00	00	e8	41	bb	74	b8	1e	
35	c0	01	00	18	00	01	04	00	0a	
d7	a3	3b	0a	d7	a3	bb	cc	cc	4c	
3c	03	03	03	03	03	03	