42	45	45	31	30	31	32	08	1a	f0	
80	00	c1	00	d2	b1	7d	b8	54	01	
00	d8	04	00	00	21	01	c2	00	01	
00	00	00	2e	01	28	01	00	5c	03	
02	00	00	00	00	00	99	00	01	01	
00	00	00	00	24	01	26	01	03	98	
ff	6d	79	07	00	00	00	00	4b	40	
02	00	23	01	00	00	ab	ff	01	00	
9d	ff	00	00	01	00	00	00	00	00	
00	00	03	00	03	00	03	00	03	00	
00	00	00	00	00	00	00	00	00	01	
00	00	06	00	00	00	fe	ff	fe	ff	
02	00	00	00	f6	00	36	00	43	00	
36	00	44	00	5f	00	02	fc	ff	ff	
ff	06	00	05	00	06	00	03	00	f7	
00	36	00	36	00	36	00	36	00	51	
00	02	98	00	01	00	00	00	06	49	
0a	3f	00	00	ee	41	45	79	5c	8f	
a2	bf	01	00	10	00	01	04	00	cc	
cc	4c	3c	0a	d7	23	bb	8f	c2	75	
3c	03	03	03	03	03	03	