42	45	45	31	30	31	32	08	1a	e0	
fd	00	c1	00	d3	92	77	b8	53	01	
00	18	10	00	00	21	01	c2	00	01	
00	00	00	2b	01	28	01	00	5c	03	
02	00	00	00	00	00	99	00	01	01	
00	00	00	00	1d	01	1e	01	03	8f	
ff	4f	6e	07	00	00	00	00	30	5f	
01	00	2c	01	00	00	ab	ff	01	00	
9d	ff	00	00	01	00	00	00	00	00	
00	00	03	00	03	00	03	00	03	00	
00	00	00	00	00	00	00	00	00	01	
00	00	06	00	00	00	ff	ff	fe	ff	
01	00	00	00	e7	00	36	00	36	00	
36	00	36	00	51	00	02	fc	ff	ff	
ff	05	00	05	00	06	00	03	00	f7	
00	36	00	36	00	28	00	36	00	51	
00	02	98	00	01	00	00	00	1c	70	
6f	3e	00	00	d8	41	4e	6e	42	60	
e5	3d	01	00	10	00	01	04	00	8f	
c2	f5	3b	0a	d7	23	bb	0a	d7	a3	
3c	03	03	03	03	03	03	