42	45	45	31	30	31	32	08	1a	df	
65	00	c1	00	d3	0f	47	ba	43	01	
00	8a	09	00	00	21	01	c2	00	01	
00	00	00	27	01	28	01	00	5c	03	
02	00	00	00	00	00	99	00	01	01	
00	00	00	00	18	01	1c	01	03	99	
ff	e5	79	07	00	00	00	00	62	e2	
01	00	23	01	00	00	ab	ff	01	00	
9d	ff	00	00	01	00	00	00	00	00	
00	00	03	00	03	00	03	00	03	00	
00	00	00	00	00	00	00	00	00	01	
00	00	06	00	00	00	ff	ff	fe	ff	
02	00	00	00	f6	00	36	00	36	00	
36	00	44	00	5f	00	02	fc	ff	ff	
ff	05	00	05	00	06	00	03	00	f7	
00	28	00	36	00	28	00	36	00	51	
00	02	98	00	01	00	00	00	ed	51	
2b	3f	00	00	d4	41	e3	79	a6	9b	
c4	3d	01	00	10	00	01	04	00	0a	
d7	23	3b	0a	d7	a3	bb	29	5c	8f	
3c	03	03	03	03	03	03	