42	45	45	31	30	31	32	08	1a	c1	
c7	00	c1	00	d4	5d	47	0c	04	09	
00	a3	01	00	00	21	01	05	01	01	
00	00	00	2a	01	00	00	00	00	00	
04	00	00	00	64	00	aa	00	01	01	
00	00	00	00	27	01	2a	01	03	97	
ff	70	7b	07	00	00	05	00	b7	96	
00	00	00	00	00	00	1b	00	42	ff	
5f	03	01	00	02	00	01	00	00	00	
00	00	03	00	03	00	03	00	03	00	
01	00	01	00	00	01	00	00	00	01	
00	00	06	00	00	00	fe	ff	fe	ff	
02	00	00	00	05	01	36	00	36	00	
5e	00	44	00	36	00	02	fc	ff	00	
00	06	00	05	00	06	00	03	00	f7	
00	5f	00	51	00	43	00	43	00	44	
00	02	a9	00	01	00	00	00	1e	d1	
31	3f	00	00	e2	41	5c	7b	0a	d7	
23	3e	01	00	18	00	01	00	00	8f	
c2	f5	3b	8f	c2	f5	bb	cc	cc	4c	
3c	03	03	03	03	03	03	