42	45	45	31	30	31	32	08	1a	fb	
1a	00	c1	00	d4	d7	af	a7	07	03	
00	45	06	00	00	21	01	07	01	01	
00	00	00	24	01	00	00	00	00	00	
04	00	00	00	64	00	aa	00	01	01	
00	00	00	00	24	01	27	01	03	93	
ff	13	77	07	00	00	05	00	c8	13	
00	00	00	00	00	00	1b	00	42	ff	
66	03	01	00	02	00	01	00	00	00	
00	00	03	00	03	00	03	00	03	00	
01	00	01	00	00	01	00	00	00	01	
00	00	06	00	00	00	fe	ff	fe	ff	
01	00	00	00	f6	00	36	00	28	00	
5e	00	36	00	36	00	02	fc	ff	00	
00	06	00	05	00	06	00	03	00	f7	
00	51	00	51	00	43	00	43	00	44	
00	02	a9	00	01	00	00	00	d3	b2	
cc	3e	00	00	f0	41	b0	76	e1	7a	
14	c0	01	00	18	00	01	04	00	0a	
d7	a3	3b	0a	d7	23	bb	8f	c2	75	
3c	03	03	03	03	03	03	