42	45	45	31	30	31	32	08	1a	db	
c6	00	c1	00	d4	99	07	a7	81	03	
00	22	03	00	00	21	01	07	01	01	
00	00	00	1f	01	00	00	00	00	00	
04	00	00	00	64	00	aa	00	01	01	
00	00	00	00	1a	01	1e	01	03	92	
ff	df	74	07	00	00	05	00	81	52	
00	00	00	00	00	00	16	00	42	ff	
59	03	01	00	02	00	01	00	00	00	
00	00	03	00	03	00	03	00	03	00	
01	00	01	00	00	01	00	00	00	01	
00	00	06	00	00	00	fe	ff	fe	ff	
02	00	00	00	f6	00	36	00	36	00	
5e	00	36	00	36	00	02	fc	ff	00	
00	06	00	05	00	06	00	03	00	f7	
00	51	00	51	00	43	00	43	00	44	
00	02	a9	00	01	00	00	00	ed	d5	
f8	3e	00	00	d4	41	d5	74	d1	22	
db	3d	01	00	18	00	01	00	00	cc	
cc	4c	3c	cc	cc	4c	bc	8f	c2	75	
3c	03	03	03	03	03	03	