42	45	45	31	30	31	32	08	1a	c2	
ef	00	c1	00	d4	e7	59	ab	19	03	
00	0e	07	00	00	21	01	07	01	01	
00	00	00	26	01	00	00	00	00	00	
00	00	00	00	00	00	00	00	00	00	
00	00	00	00	00	00	00	00	00	00	
00	00	00	00	00	00	00	00	00	00	
00	00	00	00	00	00	19	00	42	ff	
5a	03	01	00	02	00	01	00	00	00	
00	00	03	00	03	00	03	00	03	00	
01	00	01	00	00	01	00	00	00	01	
00	00	06	00	00	00	fe	ff	fe	ff	
02	00	00	00	05	01	43	00	36	00	
6c	00	44	00	51	00	02	fc	ff	00	
00	06	00	05	00	06	00	03	00	07	
01	5f	00	5f	00	51	00	51	00	51	
00	02	a9	00	01	00	00	00	19	34	
36	3f	00	00	e4	41	4a	7c	50	8d	
97	bd	01	00	18	00	01	00	00	cc	
cc	4c	3c	0a	d7	23	bb	8f	c2	f5	
3b	03	03	03	03	03	03	