42	45	45	31	30	31	32	08	1a	d0	
88	00	c1	00	d2	f1	8d	b8	54	01	
00	0d	08	00	00	21	01	c2	00	01	
00	00	00	2b	01	28	01	00	5c	03	
02	00	00	00	00	00	99	00	01	01	
00	00	00	00	1d	01	20	01	03	99	
ff	58	7c	07	00	00	00	00	29	00	
02	00	2c	01	00	00	ab	ff	01	00	
9d	ff	00	00	01	00	00	00	00	00	
00	00	03	00	03	00	03	00	03	00	
00	00	00	00	00	00	00	00	00	01	
00	00	06	00	00	00	fe	ff	fe	ff	
01	00	00	00	05	01	43	00	43	00	
43	00	51	00	6d	00	02	fc	ff	ff	
ff	05	00	05	00	06	00	03	00	f7	
00	43	00	36	00	43	00	43	00	6c	
00	02	98	00	01	00	00	00	a8	39	
40	3f	00	00	d4	41	54	7c	a6	9b	
c4	3d	01	00	10	00	01	04	00	0a	
d7	23	3b	0a	d7	a3	bb	8f	c2	75	
3c	03	03	03	03	03	03	