42	45	45	31	30	31	32	08	1a	c4	
ca	00	c1	00	d4	eb	0f	a7	79	03	
00	3c	07	00	00	21	01	07	01	01	
00	00	00	25	01	00	00	00	00	00	
04	00	00	00	64	00	aa	00	01	01	
00	00	00	00	24	01	26	01	03	95	
ff	10	7c	07	00	00	05	00	6f	00	
00	00	00	00	00	00	17	00	42	ff	
61	01	01	00	02	00	01	00	00	00	
00	00	03	00	03	00	03	00	03	00	
01	00	01	00	00	01	00	00	00	01	
00	00	06	00	00	00	fe	ff	fe	ff	
02	00	00	00	f6	00	36	00	36	00	
43	00	44	00	36	00	02	fc	ff	ff	
ff	06	00	05	00	06	00	03	00	f7	
00	5f	00	5f	00	51	00	43	00	51	
00	02	a9	00	01	00	00	00	72	90	
37	3f	00	00	e2	41	0c	7c	17	d9	
ce	3d	01	00	18	00	01	00	00	00	
00	00	00	0a	d7	a3	bb	0a	d7	23	
3c	03	03	03	03	03	03	