42	45	45	31	30	31	32	08	1a	c1	
83	00	c1	00	d4	ee	60	8f	a4	04	
00	66	07	00	00	21	01	08	01	01	
00	00	00	27	01	00	00	00	00	00	
04	00	00	00	02	00	ab	00	01	01	
00	00	00	00	24	01	27	01	03	8c	
ff	ae	7b	07	00	00	06	00	f8	9f	
02	00	00	00	00	00	1d	00	1e	00	
58	03	01	00	02	00	01	00	00	00	
00	00	03	00	03	00	03	00	03	00	
01	01	01	00	00	01	00	00	00	01	
00	00	06	00	00	00	fe	ff	fe	ff	
02	00	00	00	e7	00	28	00	36	00	
5e	00	44	00	51	00	02	fc	ff	00	
00	05	00	05	00	06	00	03	00	c9	
00	36	00	1b	00	28	00	43	00	36	
00	02	aa	00	01	00	00	00	25	4b	
3c	3f	00	00	e2	41	b6	7b	42	60	
e5	3d	01	00	10	00	01	00	00	0a	
d7	23	3b	cc	cc	4c	bc	8f	c2	75	
3c	03	03	03	03	03	03	