42	45	45	31	30	31	32	08	1a	e9	
15	00	c1	00	d3	22	a7	b8	46	01	
00	81	0a	00	00	21	01	c2	00	01	
00	00	00	26	01	28	01	00	5c	03	
02	00	00	00	00	00	99	00	01	01	
00	00	00	00	18	01	1b	01	03	97	
ff	b8	77	07	00	00	00	00	09	cf	
01	00	2c	01	00	00	00	00	00	00	
00	00	00	00	00	00	00	00	00	00	
00	00	00	00	00	00	00	00	00	00	
00	00	00	00	00	00	00	00	00	00	
00	00	06	00	00	00	fe	ff	fe	ff	
02	00	00	00	f6	00	36	00	36	00	
36	00	44	00	51	00	02	fc	ff	ff	
ff	05	00	05	00	06	00	03	00	e8	
00	28	00	36	00	28	00	36	00	51	
00	02	98	00	01	00	00	00	3d	0d	
1c	3f	00	00	d4	41	b9	77	a6	9b	
c4	3d	01	00	10	00	01	04	00	0a	
d7	23	3b	8f	c2	f5	bb	cc	cc	4c	
3c	03	03	03	03	03	03	