42	45	45	31	30	31	32	08	1a	ce	
6f	00	c1	00	d4	7e	59	a7	08	03	
00	ce	01	00	00	21	01	07	01	01	
00	00	00	22	01	00	00	00	00	00	
00	00	00	00	00	00	00	00	00	00	
00	00	00	00	00	00	00	00	00	00	
00	00	00	00	00	00	00	00	00	00	
00	00	00	00	00	00	15	00	42	ff	
5f	03	01	00	02	00	01	00	00	00	
00	00	03	00	03	00	03	00	03	00	
01	00	01	00	00	01	00	00	00	01	
00	00	06	00	00	00	fe	ff	fe	ff	
02	00	00	00	f6	00	36	00	36	00	
5e	00	36	00	36	00	02	fc	ff	00	
00	06	00	05	00	06	00	03	00	f7	
00	51	00	51	00	43	00	43	00	36	
00	02	a9	00	01	00	00	00	6d	f6	
13	3f	00	00	d6	41	1a	77	e7	fb	
29	3e	01	00	18	00	01	00	00	0a	
d7	a3	3b	00	00	00	80	29	5c	8f	
3c	03	03	03	03	03	03	