42	45	45	31	30	31	32	08	1a	c1	
c3	00	c1	00	d4	e5	01	a9	17	03	
00	f0	06	00	00	21	01	07	01	01	
00	00	00	25	01	00	00	00	00	00	
00	00	00	00	00	00	00	00	00	00	
00	00	00	00	00	00	00	00	00	00	
00	00	00	00	00	00	00	00	00	00	
00	00	00	00	00	00	17	00	42	ff	
6d	03	01	00	02	00	01	00	00	00	
00	00	03	00	03	00	03	00	03	00	
01	00	01	00	00	01	00	00	00	01	
00	00	06	00	00	00	fe	ff	fe	ff	
02	00	00	00	05	01	43	00	43	00	
6c	00	44	00	51	00	02	fc	ff	ff	
ff	06	00	05	00	06	00	03	00	f7	
00	5f	00	5f	00	51	00	43	00	44	
00	02	a9	00	01	00	00	00	63	86	
33	3f	00	00	e4	41	27	7c	75	93	
18	be	01	00	18	00	01	00	00	8f	
c2	f5	3b	0a	d7	a3	bb	8f	c2	75	
3c	03	03	03	03	03	03	