42	45	45	31	30	31	32	08	1a	c8	
75	00	c1	00	0f	57	14	00	4f	01	
00	d8	00	00	00	21	01	c2	00	01	
00	00	00	39	01	28	01	00	5e	03	
02	00	00	00	00	00	99	00	01	01	
00	00	00	00	27	01	29	01	03	98	
ff	c2	79	07	00	00	00	00	5f	90	
02	00	2c	01	00	00	ab	ff	01	00	
9d	ff	00	00	01	00	00	00	00	00	
00	00	03	00	03	00	03	00	03	00	
00	00	00	00	00	00	00	00	00	01	
00	00	06	00	00	00	fe	ff	fe	ff	
02	00	00	00	e7	00	36	00	36	00	
43	00	51	00	5f	00	02	fb	ff	ff	
ff	05	00	05	00	05	00	03	00	e8	
00	36	00	36	00	36	00	43	00	5f	
00	02	98	00	01	00	00	00	13	93	
28	3f	00	00	dd	41	b7	79	52	b8	
1e	3e	01	00	18	00	00	00	00	0a	
d7	23	3c	00	00	00	80	cc	cc	cc	
3c	03	03	03	03	03	03	