42	45	45	31	30	31	32	08	1a	ef	
87	00	c1	00	d4	c0	89	a9	1f	03	
00	1d	05	00	00	21	01	07	01	01	
00	00	00	20	01	00	00	00	00	00	
00	00	00	00	00	00	00	00	00	00	
00	00	00	00	00	00	00	00	00	00	
00	00	00	00	00	00	00	00	00	00	
00	00	00	00	00	00	19	00	42	ff	
55	03	01	00	02	00	01	00	00	00	
00	00	03	00	03	00	03	00	03	00	
01	00	01	00	00	01	00	00	00	01	
00	00	06	00	00	00	fe	ff	fe	ff	
02	00	00	00	f6	00	36	00	28	00	
5e	00	36	00	44	00	02	fc	ff	00	
00	06	00	05	00	06	00	03	00	e8	
00	51	00	51	00	43	00	43	00	44	
00	02	a9	00	01	00	00	00	fb	08	
b3	3e	00	00	d4	41	9b	71	58	39	
34	3e	01	00	18	00	01	04	00	cc	
cc	4c	3c	0a	d7	a3	bb	cc	cc	4c	
3c	03	03	03	03	03	03	