42	45	45	31	30	31	32	08	1a	e0	
af	00	c1	00	d4	a2	d9	a7	1c	03	
00	a0	03	00	00	21	01	07	01	01	
00	00	00	20	01	00	00	00	00	00	
04	00	00	00	64	00	aa	00	01	01	
00	00	00	00	1a	01	1e	01	03	91	
ff	ff	73	07	00	00	05	00	a8	48	
00	00	00	00	00	00	18	00	42	ff	
5c	03	01	00	02	00	01	00	00	00	
00	00	03	00	03	00	03	00	03	00	
01	00	01	00	00	01	00	00	00	01	
00	00	06	00	00	00	fe	ff	fe	ff	
02	00	00	00	f6	00	36	00	36	00	
5e	00	44	00	36	00	02	fc	ff	00	
00	05	00	05	00	06	00	03	00	f7	
00	51	00	51	00	43	00	36	00	36	
00	02	a9	00	01	00	00	00	bc	3c	
e7	3e	00	00	d4	41	f1	73	d1	22	
db	3d	01	00	18	00	01	00	00	0a	
d7	23	3b	0a	d7	a3	bb	8f	c2	75	
3c	03	03	03	03	03	03	