42	45	45	31	30	31	32	08	1a	d1	
2f	00	c1	00	0f	68	88	00	32	01	
00	b7	01	00	00	21	01	c2	00	01	
00	00	00	30	01	28	01	00	5c	03	
02	00	00	00	00	00	99	00	01	01	
00	00	00	00	22	01	24	01	03	95	
ff	a9	77	07	00	00	00	00	e7	7e	
02	00	2c	01	00	00	ab	ff	01	00	
9d	ff	00	00	01	00	00	00	00	00	
00	00	03	00	03	00	03	00	03	00	
00	00	00	00	00	00	00	00	00	01	
00	00	06	00	00	00	fe	ff	fe	ff	
02	00	00	00	f6	00	36	00	36	00	
36	00	44	00	5f	00	02	fc	ff	ff	
ff	06	00	05	00	06	00	03	00	f7	
00	36	00	36	00	28	00	36	00	51	
00	02	98	00	01	00	00	00	e9	cb	
19	3f	00	00	dc	41	b0	77	87	16	
d9	3d	01	00	18	00	01	04	00	8f	
c2	f5	3b	00	00	00	80	8f	c2	75	
3c	03	03	03	03	03	03	