42	45	45	31	30	31	32	08	1a	d7	
04	00	c1	00	d2	fe	85	b8	32	01	
00	b3	08	00	00	21	01	c2	00	01	
00	00	00	29	01	28	01	00	5c	03	
02	00	00	00	00	00	99	00	01	01	
00	00	00	00	1a	01	1d	01	03	99	
ff	28	7b	07	00	00	00	00	26	f3	
01	00	23	01	00	00	ab	ff	01	00	
9d	ff	00	00	01	00	00	00	00	00	
00	00	03	00	03	00	03	00	03	00	
00	00	00	00	00	00	00	00	00	01	
00	00	06	00	00	00	fe	ff	fe	ff	
01	00	00	00	f6	00	36	00	36	00	
36	00	44	00	5f	00	02	fc	ff	ff	
ff	05	00	05	00	06	00	03	00	f7	
00	28	00	36	00	28	00	36	00	51	
00	02	98	00	01	00	00	00	77	6b	
37	3f	00	00	d4	41	29	7b	a6	9b	
c4	3d	01	00	10	00	01	04	00	00	
00	00	00	0a	d7	a3	bb	0a	d7	a3	
3b	03	03	03	03	03	03	