42	45	45	31	30	31	32	08	1a	eb	
27	00	c1	00	d4	b7	c9	a7	03	03	
00	ad	04	00	00	21	01	07	01	01	
00	00	00	1f	01	00	00	00	00	00	
04	00	00	00	64	00	aa	00	01	01	
00	00	00	00	1a	01	1d	01	03	90	
ff	5b	72	07	00	00	05	00	ac	33	
00	00	00	00	00	00	19	00	42	ff	
7c	01	01	00	02	00	01	00	00	00	
00	00	03	00	03	00	03	00	03	00	
01	00	01	00	00	01	00	00	00	01	
00	00	06	00	00	00	ff	ff	fe	ff	
02	00	00	00	f6	00	28	00	36	00	
5e	00	36	00	36	00	02	fc	ff	ff	
ff	06	00	05	00	06	00	03	00	f7	
00	51	00	51	00	43	00	43	00	36	
00	02	a9	00	01	00	00	00	51	ff	
c1	3e	00	00	d4	41	53	72	42	60	
e5	3d	01	00	18	00	01	04	00	0a	
d7	23	3b	00	00	00	80	8f	c2	75	
3c	03	03	03	03	03	03	