42	45	45	31	30	31	32	08	1a	eb	
45	00	c1	00	d3	27	07	b8	35	01	
00	b9	0a	00	00	21	01	c2	00	01	
00	00	00	27	01	28	01	00	5c	03	
02	00	00	00	00	00	99	00	01	01	
00	00	00	00	18	01	1b	01	03	96	
ff	49	77	07	00	00	00	00	b3	ca	
01	00	2c	01	00	00	ab	ff	01	00	
9d	ff	00	00	01	00	00	00	00	00	
00	00	03	00	03	00	03	00	03	00	
00	00	00	00	00	00	00	00	00	01	
00	00	06	00	00	00	fe	ff	fe	ff	
02	00	00	00	e7	00	36	00	36	00	
36	00	36	00	51	00	02	fb	ff	ff	
ff	05	00	05	00	06	00	03	00	e8	
00	28	00	36	00	28	00	36	00	51	
00	02	98	00	01	00	00	00	72	46	
18	3f	00	00	d2	41	47	77	17	d9	
ce	3d	01	00	10	00	01	04	00	0a	
d7	23	bb	0a	d7	a3	bb	0a	d7	23	
3c	03	03	03	03	03	03	