42	45	45	31	30	31	32	08	1a	ce	
42	00	c1	00	d4	7d	ff	a9	07	03	
00	c9	01	00	00	21	01	07	01	01	
00	00	00	22	01	00	00	00	00	00	
04	00	00	00	64	00	aa	00	01	01	
00	00	00	00	1d	01	20	01	03	92	
ff	3b	77	07	00	00	05	00	79	6d	
00	00	00	00	00	00	16	00	42	ff	
67	01	01	00	02	00	01	00	00	00	
00	00	03	00	03	00	03	00	03	00	
01	00	01	00	00	01	00	00	00	01	
00	00	06	00	00	00	ff	ff	fe	ff	
02	00	00	00	f6	00	36	00	28	00	
5e	00	36	00	36	00	02	fc	ff	ff	
ff	06	00	05	00	06	00	03	00	f7	
00	51	00	51	00	43	00	43	00	44	
00	02	a9	00	01	00	00	00	dd	44	
14	3f	00	00	d6	41	34	77	d1	22	
db	3d	01	00	18	00	01	04	00	0a	
d7	23	3c	0a	d7	a3	bb	8f	c2	75	
3c	03	03	03	03	03	03	