42	45	45	31	30	31	32	08	1a	fd	
3d	00	c1	00	d3	4a	f7	b8	54	01	
00	85	0c	00	00	21	01	c2	00	01	
00	00	00	28	01	28	01	00	5c	03	
02	00	00	00	00	00	99	00	01	01	
00	00	00	00	1a	01	1c	01	03	94	
ff	3d	74	07	00	00	00	00	b5	a6	
01	00	23	01	00	00	ab	ff	01	00	
9d	ff	00	00	01	00	00	00	00	00	
00	00	03	00	03	00	03	00	03	00	
00	00	00	00	00	00	00	00	00	01	
00	00	06	00	00	00	ff	ff	fe	ff	
02	00	00	00	f6	00	36	00	36	00	
36	00	44	00	5f	00	02	fc	ff	ff	
ff	06	00	05	00	06	00	03	00	f7	
00	36	00	36	00	36	00	36	00	51	
00	02	98	00	01	00	00	00	3f	65	
f0	3e	00	00	d4	41	37	74	42	60	
e5	3d	01	00	10	00	01	04	00	0a	
d7	a3	3b	0a	d7	23	3b	8f	c2	75	
3c	03	03	03	03	03	03	