42	45	45	31	30	31	32	08	1a	f9	
31	00	c1	00	d2	c2	df	b8	22	01	
00	b8	05	00	00	21	01	c2	00	01	
00	00	00	2b	01	28	01	00	5c	03	
02	00	00	00	00	00	99	00	01	01	
00	00	00	00	1f	01	22	01	03	9a	
ff	76	7c	07	00	00	00	00	d3	2e	
02	00	23	01	00	00	ab	ff	01	00	
9d	ff	00	00	01	00	00	00	00	00	
00	00	03	00	03	00	03	00	03	00	
00	00	00	00	00	00	00	00	00	01	
00	00	06	00	00	00	fe	ff	fe	ff	
02	00	00	00	f6	00	43	00	43	00	
36	00	51	00	6d	00	02	fc	ff	ff	
ff	05	00	05	00	05	00	03	00	07	
01	43	00	44	00	36	00	43	00	5f	
00	02	98	00	01	00	00	00	59	3d	
39	3f	00	00	dc	41	6f	7c	1b	2f	
5d	bd	01	00	10	00	01	04	00	0a	
d7	23	3c	00	00	00	80	cc	cc	4c	
3c	03	03	03	03	03	03	