42	45	45	31	30	31	32	08	1a	c6	
a9	00	c1	00	d3	5d	cf	b8	52	01	
00	77	0d	00	00	21	01	c2	00	01	
00	00	00	28	01	28	01	00	5c	03	
02	00	00	00	00	00	99	00	01	01	
00	00	00	00	18	01	1b	01	03	92	
ff	c2	72	07	00	00	00	00	d4	93	
01	00	23	01	00	00	ab	ff	01	00	
9d	ff	00	00	01	00	00	00	00	00	
00	00	03	00	03	00	03	00	03	00	
00	00	00	00	00	00	00	00	00	01	
00	00	06	00	00	00	fe	ff	fe	ff	
02	00	00	00	e7	00	36	00	36	00	
36	00	44	00	5f	00	02	fc	ff	ff	
ff	06	00	05	00	06	00	03	00	f7	
00	36	00	36	00	28	00	36	00	51	
00	02	98	00	01	00	00	00	01	2b	
cf	3e	00	00	d2	41	bd	72	17	d9	
ce	3d	01	00	10	00	01	04	00	00	
00	00	00	0a	d7	a3	bb	29	5c	8f	
3c	03	03	03	03	03	03	