42	45	45	31	30	31	32	08	1a	e0	
d5	00	c1	00	d3	92	27	b8	34	01	
00	14	10	00	00	21	01	c2	00	01	
00	00	00	2b	01	28	01	00	5c	03	
02	00	00	00	00	00	99	00	01	01	
00	00	00	00	1d	01	1e	01	03	8f	
ff	59	6e	07	00	00	00	00	8a	5f	
01	00	2c	01	00	00	ab	ff	01	00	
9d	ff	00	00	01	00	00	00	00	00	
00	00	03	00	03	00	03	00	03	00	
00	00	00	00	00	00	00	00	00	01	
00	00	06	00	00	00	ff	ff	fe	ff	
01	00	00	00	f6	00	36	00	36	00	
28	00	44	00	51	00	02	fc	ff	00	
00	05	00	05	00	06	00	03	00	f7	
00	28	00	36	00	28	00	36	00	51	
00	02	98	00	01	00	00	00	29	aa	
70	3e	00	00	d8	41	57	6e	d1	22	
db	3d	01	00	10	00	01	04	00	8f	
c2	f5	3b	0a	d7	23	bb	8f	c2	75	
3c	03	03	03	03	03	03	