42	45	45	31	30	31	32	08	1a	da	
f0	00	c1	00	0f	7c	0a	00	32	01	
00	b0	02	00	00	21	01	c2	00	01	
00	00	00	30	01	28	01	00	5c	03	
02	00	00	00	00	00	99	00	01	01	
00	00	00	00	22	01	24	01	03	95	
ff	fa	75	07	00	00	00	00	71	6b	
02	00	23	01	00	00	ab	ff	01	00	
9d	ff	00	00	01	00	00	00	00	00	
00	00	03	00	03	00	03	00	03	00	
00	00	00	00	00	00	00	00	00	01	
00	00	06	00	00	00	fe	ff	fe	ff	
01	00	00	00	f6	00	36	00	36	00	
36	00	36	00	5f	00	02	fc	ff	00	
00	06	00	05	00	06	00	03	00	f7	
00	36	00	36	00	28	00	36	00	51	
00	02	98	00	01	00	00	00	a6	2c	
08	3f	00	00	d8	41	f8	75	a6	9b	
c4	3d	01	00	18	00	01	04	00	0a	
d7	a3	3b	0a	d7	23	bb	0a	d7	a3	
3c	03	03	03	03	03	03	