42	45	45	31	30	31	32	08	1a	c2	
b7	00	c1	00	0f	53	85	2b	19	08	
00	a6	00	00	00	21	01	04	01	01	
00	00	00	29	01	00	00	00	00	00	
04	00	00	00	64	00	aa	00	01	01	
00	00	00	00	2c	01	2e	01	03	96	
ff	dc	78	07	00	00	05	00	9e	aa	
00	00	00	00	00	00	1c	00	42	ff	
71	01	01	00	02	00	01	00	00	00	
00	00	03	00	03	00	03	00	03	00	
01	00	01	00	00	01	00	00	00	01	
00	00	06	00	00	00	fe	ff	fe	ff	
02	00	00	00	f6	00	43	00	36	00	
5e	00	36	00	44	00	02	fc	ff	ff	
ff	06	00	05	00	06	00	03	00	f7	
00	5f	00	5f	00	51	00	43	00	44	
00	02	a9	00	01	00	00	00	47	91	
fd	3e	00	00	fc	41	93	78	39	b4	
b8	bf	01	00	18	00	01	00	00	00	
00	00	00	0a	d7	23	bb	ad	47	e1	
3c	03	03	03	03	03	03	