42	45	45	31	30	31	32	08	1a	e0	
0d	00	c1	00	d3	90	97	b8	50	01	
00	00	10	00	00	21	01	c2	00	01	
00	00	00	2b	01	28	01	00	5c	03	
02	00	00	00	00	00	99	00	01	01	
00	00	00	00	1a	01	1e	01	03	8f	
ff	8c	6e	07	00	00	00	00	10	61	
01	00	23	01	00	00	ab	ff	01	00	
9d	ff	00	00	01	00	00	00	00	00	
00	00	03	00	03	00	03	00	03	00	
00	00	00	00	00	00	00	00	00	01	
00	00	06	00	00	00	fe	ff	fe	ff	
02	00	00	00	f6	00	28	00	28	00	
36	00	44	00	5f	00	02	fc	ff	ff	
ff	06	00	05	00	06	00	03	00	f7	
00	28	00	36	00	28	00	36	00	51	
00	02	98	00	01	00	00	00	3a	f4	
75	3e	00	00	d8	41	8c	6e	87	16	
d9	3d	01	00	10	00	01	04	00	0a	
d7	23	3b	00	00	00	80	8f	c2	f5	
3b	03	03	03	03	03	03	