42	45	45	31	30	31	32	08	1a	e4	
9f	00	c1	00	d4	aa	b9	a9	7f	03	
00	05	04	00	00	21	01	07	01	01	
00	00	00	20	01	00	00	00	00	00	
04	00	00	00	64	00	aa	00	01	01	
00	00	00	00	1a	01	1d	01	03	90	
ff	57	73	07	00	00	05	00	cd	40	
00	00	00	00	00	00	18	00	42	ff	
8d	03	01	00	02	00	01	00	00	00	
00	00	03	00	03	00	03	00	03	00	
01	00	01	00	00	01	00	00	00	01	
00	00	06	00	00	00	fe	ff	fe	ff	
02	00	00	00	f6	00	36	00	36	00	
5e	00	36	00	36	00	02	fc	ff	ff	
ff	06	00	05	00	06	00	03	00	f7	
00	51	00	51	00	43	00	43	00	36	
00	02	a9	00	01	00	00	00	67	34	
d9	3e	00	00	d4	41	4a	73	d1	22	
db	3d	01	00	18	00	01	04	00	0a	
d7	a3	3b	0a	d7	23	bc	cc	cc	4c	
3c	03	03	03	03	03	03	