42	45	45	31	30	31	32	08	1a	c0	
a5	00	c1	00	d3	a7	a4	51	f2	03	
00	26	11	00	00	21	01	c2	00	01	
00	00	00	3b	01	00	00	00	00	00	
02	00	00	00	00	00	99	00	01	01	
00	00	00	00	24	01	28	01	03	9a	
ff	8d	7b	07	00	00	00	00	07	4a	
01	00	23	01	00	00	aa	ff	01	00	
9d	ff	00	00	01	00	00	00	00	00	
00	00	03	00	03	00	03	00	03	00	
00	00	00	00	00	00	00	00	00	01	
00	00	06	00	00	00	fe	ff	fe	ff	
02	00	00	00	f6	00	43	00	36	00	
43	00	44	00	5f	00	02	fc	ff	00	
00	06	00	05	00	06	00	03	00	07	
01	36	00	36	00	36	00	43	00	5f	
00	02	98	00	01	00	00	00	9a	c1	
33	3f	00	00	e4	41	93	7b	a6	9b	
c4	3d	01	00	18	00	01	04	00	0a	
d7	a3	3b	8f	c2	75	bc	cc	cc	4c	
3c	03	03	03	03	03	03	