42	45	45	31	30	31	32	08	1a	f0	
0d	00	c1	00	d2	b0	97	b8	33	01	
00	ce	04	00	00	21	01	c2	00	01	
00	00	00	2e	01	28	01	00	5c	03	
02	00	00	00	00	00	99	00	01	01	
00	00	00	00	22	01	26	01	03	96	
ff	d9	78	07	00	00	00	00	1d	41	
02	00	2c	01	00	00	ab	ff	01	00	
9d	ff	00	00	01	00	00	00	00	00	
00	00	03	00	03	00	03	00	03	00	
00	00	00	00	00	00	00	00	00	01	
00	00	06	00	00	00	fe	ff	fe	ff	
02	00	00	00	f6	00	36	00	36	00	
36	00	44	00	5f	00	02	fc	ff	ff	
ff	05	00	05	00	06	00	03	00	f7	
00	36	00	36	00	36	00	36	00	5f	
00	02	98	00	01	00	00	00	7e	94	
02	3f	00	00	ea	41	a7	78	12	83	
c0	bf	01	00	10	00	01	04	00	0a	
d7	a3	3b	0a	d7	a3	bb	8f	c2	75	
3c	03	03	03	03	03	03	