42	45	45	31	30	31	32	08	1a	d6	
2b	00	c1	00	d4	8d	d1	a9	18	03	
00	94	02	00	00	21	01	07	01	01	
00	00	00	20	01	00	00	00	00	00	
00	00	00	00	00	00	00	00	00	00	
00	00	00	00	00	00	00	00	00	00	
00	00	00	00	00	00	00	00	00	00	
00	00	00	00	00	00	1b	00	42	ff	
59	03	01	00	02	00	01	00	00	00	
00	00	03	00	03	00	03	00	03	00	
01	00	01	00	00	01	00	00	00	01	
00	00	06	00	00	00	fe	ff	fe	ff	
02	00	00	00	f6	00	36	00	36	00	
5e	00	36	00	44	00	02	fc	ff	ff	
ff	06	00	05	00	06	00	03	00	f7	
00	51	00	51	00	43	00	43	00	44	
00	02	a9	00	01	00	00	00	aa	47	
06	3f	00	00	d4	41	c3	75	2f	dd	
24	3e	01	00	18	00	01	00	00	0a	
d7	a3	3b	0a	d7	23	bb	0a	d7	23	
3c	03	03	03	03	03	03	