42	45	45	31	30	31	32	08	1a	d8	
2b	00	c1	00	d4	91	d1	a7	0f	03	
00	c7	02	00	00	21	01	07	01	01	
00	00	00	20	01	00	00	00	00	00	
04	00	00	00	64	00	aa	00	01	01	
00	00	00	00	1d	01	1f	01	03	93	
ff	80	75	07	00	00	05	00	a8	59	
00	00	00	00	00	00	18	00	42	ff	
5e	03	01	00	02	00	01	00	00	00	
00	00	03	00	03	00	03	00	03	00	
01	00	01	00	00	01	00	00	00	01	
00	00	06	00	00	00	fe	ff	fe	ff	
01	00	00	00	f6	00	36	00	28	00	
5e	00	36	00	36	00	02	fc	ff	ff	
ff	06	00	05	00	06	00	03	00	f7	
00	51	00	51	00	43	00	43	00	44	
00	02	a9	00	01	00	00	00	0a	c9	
02	3f	00	00	d4	41	74	75	42	60	
e5	3d	01	00	18	00	01	04	00	0a	
d7	a3	3b	0a	d7	a3	bb	cc	cc	4c	
3c	03	03	03	03	03	03	