42	45	45	31	30	31	32	08	1a	c7	
b0	00	c1	00	d3	5f	dd	b8	33	01	
00	90	0d	00	00	21	01	c2	00	01	
00	00	00	28	01	28	01	00	5c	03	
02	00	00	00	00	00	99	00	01	01	
00	00	00	00	1a	01	1c	01	03	93	
ff	9e	72	07	00	00	00	00	d6	91	
01	00	23	01	00	00	ab	ff	01	00	
9d	ff	00	00	01	00	00	00	00	00	
00	00	03	00	03	00	03	00	03	00	
00	00	00	00	00	00	00	00	00	01	
00	00	06	00	00	00	fe	ff	fe	ff	
01	00	00	00	e7	00	28	00	36	00	
36	00	44	00	5f	00	02	fc	ff	ff	
ff	06	00	05	00	06	00	03	00	e8	
00	36	00	36	00	28	00	43	00	51	
00	02	98	00	01	00	00	00	7c	ce	
cb	3e	00	00	d4	41	9a	72	d1	22	
db	3d	01	00	10	00	01	04	00	0a	
d7	23	3c	0a	d7	23	bc	0a	d7	23	
3c	03	03	03	03	03	03	