42	45	45	31	30	31	32	08	1a	cf	
07	00	c1	00	d4	7f	89	a9	18	03	
00	dd	01	00	00	21	01	07	01	01	
00	00	00	22	01	00	00	00	00	00	
00	00	00	00	00	00	00	00	00	00	
00	00	00	00	00	00	00	00	00	00	
00	00	00	00	00	00	00	00	00	00	
00	00	00	00	00	00	16	00	42	ff	
54	03	01	00	02	00	01	00	00	00	
00	00	03	00	03	00	03	00	03	00	
01	00	01	00	00	01	00	00	00	01	
00	00	06	00	00	00	fe	ff	fe	ff	
01	00	00	00	f6	00	36	00	36	00	
6c	00	36	00	36	00	02	fc	ff	00	
00	06	00	05	00	06	00	03	00	f7	
00	51	00	51	00	43	00	43	00	44	
00	02	a9	00	01	00	00	00	33	f3	
12	3f	00	00	d4	41	ff	76	e7	fb	
29	3e	01	00	18	00	01	04	00	0a	
d7	23	3b	0a	d7	23	bb	8f	c2	75	
3c	03	03	03	03	03	03	