42	45	45	31	30	31	32	08	1a	c1	
9a	00	c1	00	d4	ee	8e	8f	a4	04	
00	69	07	00	00	21	01	08	01	01	
00	00	00	29	01	00	00	00	00	00	
04	00	00	00	02	00	ab	00	01	01	
00	00	00	00	24	01	27	01	03	8c	
ff	aa	7b	07	00	00	06	00	bc	9f	
02	00	00	00	00	00	1d	00	1b	00	
59	03	01	00	02	00	01	00	00	00	
00	00	03	00	03	00	03	00	03	00	
01	01	01	00	00	01	00	00	00	01	
00	00	06	00	00	00	ff	ff	fe	ff	
01	00	00	00	e7	00	28	00	28	00	
51	00	44	00	44	00	02	fc	ff	00	
00	06	00	05	00	06	00	03	00	d8	
00	28	00	1b	00	36	00	36	00	36	
00	02	aa	00	01	00	00	00	39	11	
3c	3f	00	00	e2	41	ad	7b	b2	9d	
ef	3d	01	00	10	00	01	04	00	00	
00	00	00	0a	d7	23	bc	29	5c	8f	
3c	03	03	03	03	03	03	