42	45	45	31	30	31	32	08	1a	d8	
90	00	c1	00	d3	81	9d	b8	54	01	
00	40	0f	00	00	21	01	c2	00	01	
00	00	00	2a	01	28	01	00	5c	03	
02	00	00	00	00	00	99	00	01	01	
00	00	00	00	1a	01	1e	01	03	92	
ff	10	70	07	00	00	00	00	12	70	
01	00	23	01	00	00	ab	ff	01	00	
9d	ff	00	00	01	00	00	00	00	00	
00	00	03	00	03	00	03	00	03	00	
00	00	00	00	00	00	00	00	00	01	
00	00	06	00	00	00	fe	ff	fe	ff	
02	00	00	00	f6	00	28	00	36	00	
36	00	44	00	5f	00	02	fc	ff	ff	
ff	05	00	05	00	06	00	03	00	f7	
00	28	00	36	00	36	00	36	00	51	
00	02	98	00	01	00	00	00	b7	15	
94	3e	00	00	d4	41	0f	70	42	60	
e5	3d	01	00	10	00	01	04	00	0a	
d7	23	3b	00	00	00	80	29	5c	8f	
3c	03	03	03	03	03	03	