42	45	45	31	30	31	32	08	1a	c3	
2a	00	c1	00	0f	54	6b	2b	8b	08	
00	b0	00	00	00	21	01	04	01	01	
00	00	00	29	01	00	00	00	00	00	
00	00	00	00	00	00	00	00	00	00	
00	00	00	00	00	00	00	00	00	00	
00	00	00	00	00	00	00	00	00	00	
00	00	00	00	00	00	16	00	42	ff	
4c	03	01	00	02	00	01	00	00	00	
00	00	03	00	03	00	03	00	03	00	
01	00	01	00	00	01	00	00	00	01	
00	00	06	00	00	00	fe	ff	fe	ff	
02	00	00	00	f6	00	36	00	36	00	
5e	00	44	00	44	00	02	fc	ff	00	
00	06	00	05	00	06	00	03	00	f7	
00	5f	00	51	00	51	00	43	00	44	
00	02	a9	00	01	00	00	00	d5	5c	
06	3f	00	00	fc	41	1f	79	fe	d4	
98	bf	01	00	18	00	01	00	00	00	
00	00	00	0a	d7	23	bb	cc	cc	4c	
3c	03	03	03	03	03	03	