42	45	45	31	30	31	32	08	1a	d3	
2b	00	c1	00	d4	87	d1	a7	09	03	
00	47	02	00	00	21	01	07	01	01	
00	00	00	22	01	00	00	00	00	00	
04	00	00	00	64	00	aa	00	01	01	
00	00	00	00	1d	01	1f	01	03	92	
ff	5f	76	07	00	00	05	00	9f	63	
00	00	00	00	00	00	17	00	42	ff	
66	01	01	00	02	00	01	00	00	00	
00	00	03	00	03	00	03	00	03	00	
01	00	01	00	00	01	00	00	00	01	
00	00	06	00	00	00	fe	ff	fe	ff	
01	00	00	00	f6	00	36	00	36	00	
5e	00	36	00	36	00	02	fc	ff	00	
00	06	00	05	00	06	00	03	00	f7	
00	51	00	51	00	43	00	43	00	36	
00	02	a9	00	01	00	00	00	e1	9d	
0b	3f	00	00	d4	41	50	76	d1	22	
db	3d	01	00	18	00	01	04	00	0a	
d7	a3	3b	0a	d7	a3	bb	cc	cc	4c	
3c	03	03	03	03	03	03	