42	45	45	31	30	31	32	08	1a	c6	
95	00	c1	00	0f	53	54	00	4c	01	
00	a8	00	00	00	21	01	c2	00	01	
00	00	00	37	01	25	01	00	6a	03	
00	00	00	00	00	00	00	00	00	00	
00	00	00	00	00	00	00	00	00	00	
00	00	00	00	00	00	00	00	00	00	
00	00	00	00	00	00	ab	ff	01	00	
9d	ff	00	00	01	00	00	00	00	00	
00	00	03	00	03	00	03	00	03	00	
00	00	00	00	00	00	00	00	00	01	
00	00	06	00	ff	ff	fe	ff	fe	ff	
01	00	00	00	f6	00	36	00	36	00	
36	00	44	00	51	00	02	fc	ff	ff	
ff	05	00	05	00	06	00	03	00	f7	
00	36	00	36	00	36	00	36	00	51	
00	02	98	00	01	00	00	00	d9	99	
2b	3f	00	00	dc	41	0f	7a	a6	9b	
c4	3d	01	00	18	00	00	00	00	0a	
d7	23	3b	0a	d7	a3	3b	29	5c	8f	
3c	03	03	03	03	03	03	