42	45	45	31	30	31	32	08	1a	c3	
63	00	c1	00	d3	e0	6a	e0	ee	23	
00	f0	13	00	00	21	01	ed	00	01	
00	00	00	33	01	00	00	00	00	00	
04	00	00	00	64	00	a9	00	01	01	
00	00	00	00	24	01	26	01	03	93	
ff	95	74	07	00	00	05	00	b0	fb	
00	00	00	00	00	00	ab	ff	01	00	
9d	ff	00	00	01	00	00	00	00	00	
00	00	03	00	03	00	03	00	03	00	
00	00	00	00	00	00	00	00	00	01	
00	00	06	00	00	00	ff	ff	fe	ff	
02	00	00	00	e7	00	36	00	43	00	
43	00	44	00	44	00	02	fc	ff	00	
00	05	00	05	00	06	00	03	00	16	
01	1b	00	1b	00	43	00	51	00	28	
00	02	a8	00	01	00	00	00	fd	13	
eb	3e	00	00	dc	41	8f	74	42	60	
e5	3d	01	00	18	00	01	04	00	0a	
d7	23	3b	0a	d7	23	bc	29	5c	8f	
3c	03	03	03	03	03	03	