42	45	45	31	30	31	32	08	1a	e7	
ad	00	c1	00	d3	1f	d7	b8	54	01	
00	5d	0a	00	00	21	01	c2	00	01	
00	00	00	27	01	28	01	00	5c	03	
02	00	00	00	00	00	99	00	01	01	
00	00	00	00	18	01	1b	01	03	97	
ff	0f	78	07	00	00	00	00	da	d1	
01	00	23	01	00	00	ab	ff	01	00	
9c	ff	00	00	01	00	00	00	00	00	
00	00	03	00	03	00	03	00	03	00	
00	00	00	00	00	00	00	00	00	01	
00	00	06	00	00	00	ff	ff	fe	ff	
01	00	00	00	f6	00	36	00	36	00	
36	00	44	00	5f	00	02	fc	ff	ff	
ff	05	00	05	00	06	00	03	00	f7	
00	36	00	36	00	36	00	36	00	51	
00	02	98	00	01	00	00	00	d5	8a	
1e	3f	00	00	d4	41	11	78	a6	9b	
c4	3d	01	00	10	00	01	04	00	0a	
d7	a3	3b	00	00	00	80	8f	c2	75	
3c	03	03	03	03	03	03	