42	45	45	31	30	31	32	08	1a	fb	
ab	00	c1	00	d4	d8	d1	a7	09	03	
00	54	06	00	00	21	01	07	01	01	
00	00	00	25	01	00	00	00	00	00	
00	00	00	00	00	00	00	00	00	00	
00	00	00	00	00	00	00	00	00	00	
00	00	00	00	00	00	00	00	00	00	
00	00	00	00	00	00	1b	00	42	ff	
53	03	01	00	02	00	01	00	00	00	
00	00	03	00	03	00	03	00	03	00	
01	00	01	00	00	01	00	00	00	01	
00	00	06	00	00	00	fe	ff	fe	ff	
02	00	00	00	f6	00	36	00	36	00	
5e	00	36	00	36	00	02	fc	ff	00	
00	06	00	06	00	06	00	03	00	e8	
00	43	00	44	00	1b	00	43	00	44	
00	02	a9	00	01	00	00	00	3f	4f	
ee	3e	00	00	f6	41	ec	77	35	5e	
ea	bf	01	00	18	00	01	00	00	cc	
cc	4c	3c	0a	d7	23	bb	8f	c2	75	
3c	03	03	03	03	03	03	