42	45	45	31	30	31	32	08	1a	ec	
39	00	c1	00	d2	a8	ef	b8	52	01	
00	6b	04	00	00	21	01	c2	00	01	
00	00	00	2b	01	28	01	00	5c	03	
02	00	00	00	00	00	99	00	01	01	
00	00	00	00	1d	01	20	01	03	93	
ff	13	73	07	00	00	00	00	da	48	
02	00	23	01	00	00	ab	ff	01	00	
9d	ff	00	00	01	00	00	00	00	00	
00	00	03	00	03	00	03	00	03	00	
00	00	00	00	00	00	00	00	00	01	
00	00	06	00	00	00	fe	ff	fe	ff	
01	00	00	00	f6	00	36	00	36	00	
36	00	44	00	51	00	02	fc	ff	ff	
ff	05	00	05	00	06	00	03	00	f7	
00	36	00	36	00	28	00	36	00	51	
00	02	98	00	01	00	00	00	9c	c2	
d3	3e	00	00	d4	41	0c	73	87	16	
d9	3d	01	00	10	00	01	04	00	00	
00	00	00	00	00	00	80	0a	d7	23	
3c	03	03	03	03	03	03	