42	45	45	31	30	31	32	08	1a	c4	
d5	00	c1	00	d2	da	27	b8	55	01	
00	e1	06	00	00	21	01	c2	00	01	
00	00	00	2b	01	28	01	00	5c	03	
02	00	00	00	00	00	99	00	01	01	
00	00	00	00	1d	01	21	01	03	9a	
ff	9c	7c	07	00	00	00	00	9c	17	
02	00	23	01	00	00	ab	ff	01	00	
9d	ff	00	00	01	00	00	00	00	00	
00	00	03	00	03	00	03	00	03	00	
00	00	00	00	00	00	00	00	00	01	
00	00	06	00	00	00	fe	ff	fe	ff	
02	00	00	00	f6	00	43	00	43	00	
43	00	51	00	5f	00	02	fc	ff	ff	
ff	06	00	05	00	06	00	03	00	f7	
00	43	00	36	00	43	00	43	00	6c	
00	02	98	00	01	00	00	00	76	68	
3e	3f	00	00	d8	41	9b	7c	a6	9b	
c4	bb	01	00	10	00	01	04	00	0a	
d7	23	3b	0a	d7	23	bb	cc	cc	4c	
3c	03	03	03	03	03	03	