42	45	45	31	30	31	32	08	1a	c6	
0e	00	c1	00	0f	5a	33	2b	13	08	
00	fb	00	00	00	21	01	04	01	01	
00	00	00	2a	01	00	00	00	00	00	
04	00	00	00	64	00	aa	00	01	01	
00	00	00	00	29	01	2c	01	03	9b	
ff	82	7b	07	00	00	05	00	ef	a3	
00	00	00	00	00	00	18	00	42	ff	
6f	03	01	00	02	00	01	00	00	00	
00	00	03	00	03	00	03	00	03	00	
01	00	01	00	00	01	00	00	00	01	
00	00	06	00	00	00	fe	ff	fe	ff	
02	00	00	00	f6	00	43	00	36	00	
6c	00	36	00	36	00	02	fc	ff	ff	
ff	06	00	05	00	06	00	03	00	f7	
00	5f	00	5f	00	51	00	43	00	44	
00	02	a9	00	01	00	00	00	35	c1	
25	3f	00	00	f0	41	52	7b	2b	87	
d6	be	01	00	18	00	01	04	00	0a	
d7	23	3c	0a	d7	a3	bb	29	5c	8f	
3c	03	03	03	03	03	03	