42	45	45	31	30	31	32	08	1a	c1	
db	00	c1	00	d4	65	31	a7	08	03	
00	8b	00	00	00	21	01	07	01	01	
00	00	00	28	01	00	00	00	00	00	
04	00	00	00	64	00	aa	00	01	01	
00	00	00	00	24	01	27	01	03	96	
ff	17	7a	07	00	00	05	00	54	86	
00	00	00	00	00	00	1b	00	42	ff	
6c	01	01	00	02	00	01	00	00	00	
00	00	03	00	03	00	03	00	03	00	
01	00	01	00	00	01	00	00	00	01	
00	00	06	00	00	00	fe	ff	fe	ff	
02	00	00	00	f6	00	43	00	36	00	
5e	00	36	00	36	00	02	fc	ff	00	
00	06	00	05	00	06	00	03	00	f7	
00	51	00	51	00	43	00	43	00	36	
00	02	a9	00	01	00	00	00	b9	4e	
27	3f	00	00	de	41	0e	7a	60	e5	
d0	3d	01	00	18	00	01	04	00	00	
00	00	00	0a	d7	23	bb	8f	c2	75	
3c	03	03	03	03	03	03	