42	45	45	31	30	31	32	08	1a	c0	
d5	00	c1	00	d3	52	27	b8	55	01	
00	e1	0c	00	00	21	01	c2	00	01	
00	00	00	28	01	28	01	00	5c	03	
02	00	00	00	00	00	99	00	01	01	
00	00	00	00	18	01	1b	01	03	93	
ff	a7	73	07	00	00	00	00	8e	9f	
01	00	23	01	00	00	ab	ff	01	00	
9d	ff	00	00	01	00	00	00	00	00	
00	00	03	00	03	00	03	00	03	00	
00	00	00	00	00	00	00	00	00	01	
00	00	06	00	00	00	fe	ff	fe	ff	
01	00	00	00	f6	00	36	00	36	00	
36	00	44	00	5f	00	02	fc	ff	ff	
ff	05	00	05	00	06	00	03	00	f7	
00	36	00	28	00	28	00	36	00	51	
00	02	98	00	01	00	00	00	ec	c0	
e3	3e	00	00	d2	41	a2	73	d1	22	
db	3d	01	00	10	00	01	04	00	8f	
c2	f5	3b	cc	cc	4c	bc	29	5c	8f	
3c	03	03	03	03	03	03	