42	45	45	31	30	31	32	08	1a	da	
8d	00	c1	00	d3	05	97	b8	44	01	
00	0d	09	00	00	21	01	c2	00	01	
00	00	00	28	01	28	01	00	5c	03	
02	00	00	00	00	00	99	00	01	01	
00	00	00	00	1a	01	1c	01	03	9a	
ff	9d	7a	07	00	00	00	00	1d	ec	
01	00	2c	01	00	00	ab	ff	01	00	
9d	ff	00	00	01	00	00	00	00	00	
00	00	03	00	03	00	03	00	03	00	
00	00	00	00	00	00	00	00	00	01	
00	00	06	00	00	00	fe	ff	fe	ff	
01	00	00	00	f6	00	36	00	36	00	
36	00	44	00	5f	00	02	fc	ff	ff	
ff	06	00	05	00	05	00	03	00	f7	
00	36	00	36	00	36	00	36	00	51	
00	02	98	00	01	00	00	00	99	69	
32	3f	00	00	d4	41	9c	7a	a6	9b	
c4	3d	01	00	10	00	01	04	00	0a	
d7	23	3c	0a	d7	a3	bb	0a	d7	23	
3c	03	03	03	03	03	03	