42	45	45	31	30	31	32	08	1a	c7	
67	00	c1	00	0f	5c	e5	2b	16	08	
00	1e	01	00	00	21	01	04	01	01	
00	00	00	2a	01	00	00	00	00	00	
00	00	00	00	00	00	00	00	00	00	
00	00	00	00	00	00	00	00	00	00	
00	00	00	00	00	00	00	00	00	00	
00	00	00	00	00	00	19	00	03	00	
5b	03	01	00	02	00	01	00	00	00	
00	00	03	00	03	00	03	00	03	00	
01	01	01	00	00	01	00	00	00	01	
00	00	06	00	00	00	ff	ff	fe	ff	
02	00	00	00	f6	00	36	00	36	00	
6c	00	44	00	44	00	02	fc	ff	ff	
ff	06	00	06	00	06	00	03	00	f7	
00	51	00	51	00	43	00	43	00	44	
00	02	a9	00	01	00	00	00	71	0c	
2d	3f	00	00	ee	41	cf	7b	00	00	
80	be	01	00	18	00	01	00	00	0a	
d7	23	3b	0a	d7	a3	bb	8f	c2	75	
3c	03	03	03	03	03	03	