42	45	45	31	30	31	32	08	1a	fd	
11	00	c1	00	d2	ca	9f	b8	46	01	
00	1b	06	00	00	21	01	c2	00	01	
00	00	00	2d	01	28	01	00	5c	03	
00	00	00	00	00	00	00	00	00	00	
00	00	00	00	00	00	00	00	00	00	
00	00	00	00	00	00	00	00	00	00	
00	00	00	00	00	00	ab	ff	01	00	
9d	ff	00	00	01	00	00	00	00	00	
00	00	03	00	03	00	03	00	03	00	
00	00	00	00	00	00	00	00	00	01	
00	00	06	00	00	00	fe	ff	fe	ff	
01	00	00	00	f6	00	43	00	43	00	
43	00	44	00	6d	00	02	fc	ff	ff	
ff	05	00	05	00	06	00	03	00	07	
01	36	00	36	00	36	00	43	00	5f	
00	02	98	00	01	00	00	00	dc	e7	
3b	3f	00	00	d8	41	92	7c	58	39	
34	bc	01	00	10	00	01	04	00	0a	
d7	23	3b	0a	d7	a3	bb	0a	d7	23	
3c	03	03	03	03	03	03	