42	45	45	31	30	31	32	08	1a	d4	
be	00	c1	00	d4	8a	f7	a7	7a	03	
00	6e	02	00	00	21	01	07	01	01	
00	00	00	21	01	00	00	00	00	00	
04	00	00	00	64	00	aa	00	01	01	
00	00	00	00	1d	01	1f	01	03	93	
ff	1b	76	07	00	00	05	00	93	60	
00	00	00	00	00	00	18	00	42	ff	
60	01	01	00	02	00	01	00	00	00	
00	00	03	00	03	00	03	00	03	00	
01	00	01	00	00	01	00	00	00	01	
00	00	06	00	00	00	fe	ff	fe	ff	
02	00	00	00	f6	00	36	00	36	00	
5e	00	44	00	36	00	02	fc	ff	00	
00	05	00	05	00	06	00	03	00	f7	
00	51	00	51	00	43	00	36	00	44	
00	02	a9	00	01	00	00	00	3e	ee	
08	3f	00	00	d4	41	00	76	e7	fb	
29	3e	01	00	18	00	01	00	00	00	
00	00	00	0a	d7	23	bb	8f	c2	75	
3c	03	03	03	03	03	03	