42	45	45	31	30	31	32	08	1a	e0	
d8	00	c1	00	d3	92	2d	b8	33	01	
00	15	10	00	00	21	01	c2	00	01	
00	00	00	2b	01	28	01	00	5c	03	
00	00	00	00	00	00	00	00	00	00	
00	00	00	00	00	00	00	00	00	00	
00	00	00	00	00	00	00	00	00	00	
00	00	00	00	00	00	ab	ff	01	00	
9d	ff	00	00	01	00	00	00	00	00	
00	00	03	00	03	00	03	00	03	00	
00	00	00	00	00	00	00	00	00	01	
00	00	06	00	00	00	fe	ff	fe	ff	
02	00	00	00	f6	00	28	00	36	00	
36	00	44	00	51	00	02	fc	ff	ff	
ff	05	00	05	00	06	00	03	00	e8	
00	28	00	36	00	28	00	36	00	51	
00	02	98	00	01	00	00	00	b8	3d	
70	3e	00	00	d8	41	57	6e	d1	22	
db	3d	01	00	10	00	01	04	00	0a	
d7	23	3b	0a	d7	23	bb	cc	cc	4c	
3c	03	03	03	03	03	03	