===== REPORT RAW CHUNK DUMP (208 bytes) =====
08 25 c0 00 02 15 00 0f ee 3d a7 48 00 00 00 00 
00 00 32 38 00 00 00 00 00 02 00 00 04 00 49 6e 
64 65 78 5f 4c 6f 67 2e 62 69 6e 00 04 00 00 00 
45 72 72 6f 72 5f 4c 6f 67 2e 62 69 6e 00 c0 02 
00 00 63 68 69 63 2e 62 69 6e 00 b3 dd 07 00 73 
69 6b 2e 62 69 6e 00 e7 32 01 00 00 00 00 00 00 
00 00 00 00 00 00 00 00 00 00 00 00 00 00 00 00 
00 00 00 00 00 00 00 00 00 00 00 00 00 00 00 00 
00 00 00 00 00 00 00 00 00 00 00 00 00 00 00 00 
00 00 00 00 00 00 00 00 00 00 00 00 00 00 00 00 
00 00 00 00 00 00 00 00 00 00 00 00 00 00 00 00 
00 00 00 00 00 00 00 00 00 00 00 00 00 00 00 00 
00 00 00 00 00 00 00 00 00 00 00 00 00 00 00 00 
===========================================
