===== REPORT RAW CHUNK DUMP (208 bytes) =====
08 25 c0 00 02 15 00 0f ea 07 ff 30 00 00 00 00 
35 18 17 00 00 00 00 00 0c 01 23 45 91 23 79 c7 
88 c9 5b 31 5d 30 30 30 30 30 31 30 30 36 34 30 
30 30 31 36 34 0a 5b 32 5d 30 30 30 30 30 32 30 
30 36 34 30 30 30 32 36 34 0a 5b 33 5d 30 30 30 
30 30 31 30 30 36 34 30 30 30 33 36 36 0a 5b 34 
5d 31 38 30 30 61 66 33 30 61 39 30 39 30 34 32 
33 0a 5b 35 5d 30 30 30 30 30 30 30 31 30 31 30 
30 30 35 30 35 0a 5b 36 5d 36 39 30 30 30 30 33 
39 30 30 30 30 30 36 35 36 0a 5b 37 5d 30 31 30 
30 30 30 30 30 30 30 30 30 30 37 30 36 0a 00 00 
00 00 00 00 00 00 00 00 00 00 00 00 00 00 00 00 
00 00 00 00 00 00 00 00 00 00 00 00 00 00 00 00 
===========================================
