55	45	4c	59	53	59	53	08	1a	c0	
fb	00	c9	00	0f	69	3c	d5	d9	02	
00	c0	01	00	00	21	01	01	01	01	
01	ec	00	00	01	00	00	29	01	02	
00	00	00	64	00	4f	00	01	01	00	
00	00	00	01	01	05	01	03	75	ff	
41	7a	07	00	00	04	00	f3	7e	00	
00	2c	01	00	00	22	00	8e	fe	64	
01	01	00	00	00	01	00	03	00	04	
00	02	00	5b	01	02	00	02	00	01	
00	01	00	00	00	00	00	00	01	00	
00	02	00	02	00	ff	ff	06	00	08	
00	03	00	f5	00	36	00	36	00	35	
00	28	00	43	00	02	fe	ff	06	00	
fd	ff	ff	ff	00	00	01	00	e8	00	
51	00	36	00	5e	00	36	00	36	00	
02	54	00	01	00	00	00	c2	f0	28	
3f	00	00	cc	41	49	7a	df	4f	0d	
3e	01	00	00	00	00	00	0f	04	00	
8f	c2	75	3c	0a	d7	23	bd	8f	c2	
f5	3c	03	03	03	03	03	03	