55	45	4c	59	53	59	53	08	1a	c0	
64	00	c9	00	0f	51	ca	18	92	01	
00	94	00	00	00	21	01	01	01	01	
01	e2	00	01	00	00	00	4f	01	02	
00	00	00	64	00	4f	00	01	01	00	
00	00	00	1a	01	1e	01	03	9d	ff	
5e	7b	07	00	00	04	00	15	fd	01	
00	0f	01	00	00	19	00	8f	fe	59	
01	01	00	00	00	01	00	03	00	04	
00	02	00	05	00	02	00	02	00	01	
00	01	00	00	00	00	00	00	00	00	
00	03	00	02	00	ff	ff	06	00	08	
00	03	00	04	01	43	00	43	00	43	
00	36	00	43	00	02	fe	ff	06	00	
fd	ff	ff	ff	00	00	01	00	f7	00	
51	00	36	00	5e	00	36	00	36	00	
02	54	00	01	00	00	00	72	ea	36	
3f	00	00	dc	41	49	7b	17	d9	ce	
3d	01	00	00	00	00	00	0f	04	00	
29	5c	8f	3c	29	5c	0f	bd	8f	c2	
f5	3c	03	03	03	03	03	03	