55	45	4c	59	53	59	53	08	1a	c1	
2c	00	c9	00	0f	e2	56	26	9b	07	
00	cc	07	00	00	21	01	01	01	01	
01	e3	00	00	01	00	00	32	01	02	
00	00	00	64	00	4f	00	01	01	00	
00	00	00	06	01	09	01	03	ad	ff	
eb	75	07	00	00	04	00	0e	ad	00	
00	0f	01	00	00	8f	00	56	ff	69	
01	01	00	00	00	01	00	03	00	04	
00	02	00	05	00	02	00	02	00	00	
00	01	00	00	00	00	00	00	00	00	
00	02	00	02	00	ff	ff	06	00	08	
00	03	00	f5	00	36	00	43	00	35	
00	36	00	43	00	02	fe	ff	06	00	
fc	ff	ff	ff	00	00	01	00	e8	00	
51	00	36	00	51	00	36	00	36	00	
02	54	00	01	00	00	00	ad	4c	05	
3f	00	00	cc	41	f0	75	7b	14	ae	
3d	01	00	00	00	00	00	0b	00	00	
00	00	00	00	00	00	00	00	00	00	
00	00	00	00	00	00	00	00	