55	45	4c	59	53	59	53	08	1a	c0	
d6	00	c9	00	0f	5f	26	16	8e	01	
00	3f	01	00	00	21	01	01	01	01	
01	e2	00	01	00	00	00	43	01	02	
00	00	00	64	00	4f	00	01	01	00	
00	00	00	15	01	18	01	03	9c	ff	
55	7a	07	00	00	04	00	b7	ef	01	
00	0f	01	00	00	20	00	8e	fe	59	
01	01	00	00	00	01	00	03	00	04	
00	02	00	05	00	02	00	02	00	01	
00	01	00	00	00	00	00	00	00	00	
00	03	00	02	00	ff	ff	06	00	08	
00	03	00	04	01	43	00	43	00	43	
00	28	00	51	00	02	ff	ff	06	00	
fd	ff	ff	ff	00	00	01	00	e8	00	
51	00	36	00	5e	00	36	00	36	00	
02	54	00	01	00	00	00	d9	0f	2d	
3f	00	00	d6	41	5a	7a	87	16	d9	
3d	01	00	00	00	00	00	0f	04	00	
cc	cc	4c	3c	99	99	19	bd	b8	1e	
05	3d	03	03	03	03	03	03	