55	45	4c	59	53	59	53	08	1a	c0	
17	00	c9	00	0f	4a	3b	64	b4	03	
00	33	00	00	00	11	01	01	01	01	
01	e2	00	01	00	00	00	4b	01	02	
00	00	00	64	00	4f	00	01	01	00	
00	00	00	1f	01	23	01	03	9c	ff	
46	7b	07	00	00	04	00	76	45	01	
00	2c	01	00	00	1c	00	8f	fe	5b	
01	01	00	00	00	01	00	03	00	04	
00	02	00	05	00	02	00	02	00	01	
00	01	00	00	00	00	00	00	00	00	
00	03	00	02	00	ff	ff	06	00	08	
00	03	00	f5	00	43	00	43	00	43	
00	36	00	51	00	02	fe	ff	06	00	
fd	ff	ff	ff	00	00	01	00	f7	00	
51	00	36	00	5e	00	36	00	44	00	
02	54	00	01	00	00	00	6e	6c	30	
3f	00	00	e7	41	37	7b	87	16	d9	
3d	01	00	00	00	00	00	0f	04	00	
cc	cc	4c	3c	b8	1e	05	bd	cc	cc	
cc	3c	03	03	03	03	03	03	