55	45	4c	59	53	59	53	08	1a	c1	
57	00	c9	00	0f	73	5a	3f	98	04	
00	41	02	00	00	21	01	01	01	01	
01	e2	00	01	00	00	00	52	01	02	
00	00	00	64	00	4f	00	01	01	00	
00	00	00	27	01	29	01	03	77	ff	
1f	7c	07	00	00	04	00	4e	1c	01	
00	2c	01	00	00	1b	00	8e	fe	68	
01	01	00	00	00	01	00	03	00	04	
00	02	00	54	01	02	00	02	00	01	
00	01	00	00	00	00	00	00	01	00	
00	03	00	02	00	ff	ff	06	00	08	
00	03	00	04	01	43	00	43	00	43	
00	36	00	51	00	02	fe	ff	06	00	
fc	ff	ff	ff	01	00	01	00	f7	00	
6c	00	51	00	5e	00	44	00	44	00	
02	54	00	01	00	00	00	d7	ed	38	
3f	00	00	e4	41	0d	7c	a6	9b	44	
bd	01	00	00	00	00	00	0f	04	00	
00	00	00	00	8f	c2	f5	bc	99	99	
19	3d	03	03	03	03	03	03	