55	45	4c	59	53	59	53	08	1a	c0	
5e	00	c9	00	0f	56	2c	41	98	04	
00	cb	00	00	00	21	01	01	01	01	
01	e2	00	01	00	00	00	4e	01	02	
00	00	00	64	00	4f	00	01	01	00	
00	00	00	22	01	25	01	03	76	ff	
43	7c	07	00	00	04	00	80	39	01	
00	2c	01	00	00	1e	00	8e	fe	6e	
01	01	00	00	00	01	00	03	00	04	
00	02	00	55	01	02	00	02	00	01	
00	01	00	00	00	00	00	00	01	00	
00	03	00	02	00	ff	ff	06	00	08	
00	03	00	04	01	51	00	51	00	50	
00	43	00	5f	00	02	ff	ff	06	00	
fc	ff	ff	ff	00	00	01	00	f7	00	
5e	00	51	00	6c	00	51	00	44	00	
02	54	00	01	00	00	00	58	16	37	
3f	00	00	e2	41	27	7c	a6	9b	c4	
bd	01	00	00	00	00	00	0f	04	00	
0a	d7	a3	3b	8f	c2	f5	bc	8f	c2	
f5	3c	03	03	03	03	03	03	