55	45	4c	59	53	59	53	08	1a	c0	
1c	00	c9	00	0f	c2	76	26	bd	07	
00	34	06	00	00	21	01	01	01	01	
01	e3	00	00	01	00	00	4d	01	02	
00	00	00	64	00	4f	00	01	01	00	
00	00	00	1d	01	20	01	03	56	ff	
a2	7a	07	00	00	04	00	f2	cc	00	
00	0f	01	00	00	1e	00	21	00	5c	
01	01	00	b1	00	01	00	03	00	04	
00	02	00	56	01	02	00	02	00	01	
01	01	00	01	00	00	00	00	01	00	
00	03	00	02	00	ff	ff	06	00	08	
00	03	00	04	01	43	00	51	00	43	
00	28	00	51	00	02	ff	ff	06	00	
fd	ff	ff	ff	00	00	01	00	f7	00	
51	00	44	00	5e	00	36	00	36	00	
02	54	00	01	00	00	00	4e	bb	2a	
3f	00	00	e8	41	8e	7a	58	39	34	
3e	01	00	00	00	00	00	0b	04	00	
8f	c2	f5	3b	0a	d7	23	bd	8f	c2	
f5	3c	03	03	03	03	03	03	