55	45	4c	59	53	59	53	08	1a	c0	
01	00	cc	00	0f	46	c5	db	9e	02	
00	07	00	00	00	21	01	01	01	01	
01	ef	00	01	00	00	00	26	01	02	
00	00	00	02	00	51	00	01	01	00	
00	00	00	01	01	05	01	03	41	ff	
f4	78	07	00	00	05	00	9d	86	02	
00	00	00	00	00	1e	00	8e	fe	ba	
ff	67	04	01	00	00	00	01	00	03	
00	04	00	02	00	05	00	02	00	02	
00	01	00	00	01	00	00	00	00	00	
00	00	00	00	03	00	02	00	ff	ff	
06	00	08	00	03	00	e6	00	28	00	
28	00	50	00	28	00	28	00	02	fe	
ff	06	00	fc	ff	ff	ff	00	00	01	
00	f7	00	51	00	51	00	43	00	36	
00	44	00	02	56	00	01	00	00	00	
77	b3	22	3f	00	00	c6	41	ff	78	
a6	9b	44	3e	01	00	00	00	00	00	
0f	00	00	00	00	00	00	00	00	00	
00	00	00	00	00	00	00	00	