55	45	4c	59	53	59	53	08	1a	c0	
56	00	c9	00	0f	98	b1	b9	d0	03	
00	1e	04	00	00	21	01	01	01	01	
01	ed	00	01	00	00	00	1c	01	02	
00	00	00	64	00	4f	00	01	01	00	
00	00	00	f7	00	fa	00	03	99	ff	
42	75	07	00	00	04	00	52	4f	00	
00	0f	01	00	00	21	00	8e	fe	54	
01	01	00	00	00	01	00	03	00	04	
00	02	00	05	00	02	00	02	00	01	
00	01	00	00	00	00	00	00	00	00	
00	02	00	02	00	ff	ff	06	00	08	
00	03	00	14	01	28	00	28	00	43	
00	43	00	1b	00	02	fe	ff	06	00	
fd	ff	ff	ff	00	00	01	00	d8	00	
36	00	44	00	43	00	28	00	36	00	
02	54	00	01	00	00	00	8d	ca	ff	
3e	00	00	bc	41	46	75	87	16	d9	
3d	01	00	00	00	00	00	0f	04	00	
0a	d7	23	3b	8f	c2	f5	bc	ad	47	
e1	3c	03	03	03	03	03	03	