55	45	4c	59	53	59	53	08	1a	c5	
ee	00	c9	00	0f	f7	f6	18	99	01	
00	e3	08	00	00	21	01	01	01	01	
01	e2	00	01	00	00	00	44	01	02	
00	00	00	64	00	4f	00	01	01	00	
00	00	00	1a	01	1f	01	03	9b	ff	
56	7a	07	00	00	04	00	d4	56	01	
00	0f	01	00	00	1d	00	8f	fe	59	
01	01	00	00	00	01	00	03	00	04	
00	02	00	05	00	02	00	02	00	01	
00	01	00	00	00	00	00	00	00	00	
00	03	00	02	00	ff	ff	06	00	08	
00	03	00	04	01	43	00	43	00	43	
00	36	00	51	00	02	ff	ff	06	00	
fd	ff	ff	ff	00	00	01	00	e8	00	
51	00	44	00	5e	00	44	00	36	00	
02	54	00	01	00	00	00	3a	3d	13	
3f	00	00	fc	41	23	7a	0c	02	6b	
bf	01	00	00	00	00	00	0f	04	00	
cc	cc	4c	3c	7b	14	2e	bd	8f	c2	
f5	3c	03	03	03	03	03	03	