55	45	4c	59	53	59	53	08	1a	c1	
ba	00	c9	00	0f	7f	9e	d5	e4	02	
00	de	02	00	00	21	01	01	01	01	
01	ec	00	00	01	00	00	21	01	02	
00	00	00	64	00	4f	00	01	01	00	
00	00	00	fa	00	fe	00	03	9a	ff	
5b	77	07	00	00	04	00	8f	68	00	
00	0f	01	00	00	1f	00	8e	fe	53	
01	01	00	00	00	01	00	03	00	04	
00	02	00	05	00	02	00	02	00	01	
00	01	00	00	00	00	00	00	00	00	
00	02	00	02	00	ff	ff	06	00	08	
00	03	00	f5	00	36	00	36	00	35	
00	28	00	43	00	02	fe	ff	06	00	
fc	ff	ff	ff	00	00	01	00	e8	00	
51	00	36	00	51	00	36	00	36	00	
02	54	00	01	00	00	00	fa	e5	14	
3f	00	00	c2	41	5d	77	17	d9	ce	
3d	01	00	00	00	00	00	0f	04	00	
0a	d7	23	3c	8f	c2	f5	bc	8f	c2	
f5	3c	03	03	03	03	03	03	