55	45	4c	59	53	59	53	08	1a	c2	
6b	00	c9	00	0f	93	b2	3f	a6	04	
00	df	03	00	00	21	01	01	01	01	
01	e2	00	01	00	00	00	61	01	02	
00	00	00	64	00	4f	00	01	01	00	
00	00	00	36	01	38	01	03	99	ff	
2d	77	07	00	00	04	00	f2	fb	00	
00	2c	01	00	00	21	00	8e	fe	59	
01	01	00	00	00	01	00	03	00	04	
00	02	00	05	00	02	00	02	00	01	
00	01	00	00	00	00	00	00	00	00	
00	02	00	02	00	ff	ff	06	00	08	
00	03	00	04	01	43	00	51	00	43	
00	28	00	51	00	02	fe	ff	06	00	
fd	ff	ff	ff	01	00	01	00	f7	00	
5e	00	44	00	5e	00	44	00	44	00	
02	54	00	01	00	00	00	99	b5	11	
3f	00	00	f5	41	1d	77	87	16	d9	
3d	01	00	00	00	00	00	0f	04	00	
0a	d7	a3	3b	29	5c	0f	bd	8f	c2	
f5	3c	03	03	03	03	03	03	