55	45	4c	59	53	59	53	08	1a	c0	
18	00	c9	00	0f	48	e2	14	8a	01	
00	22	00	00	00	21	01	01	01	01	
01	e2	00	01	00	00	00	4a	01	02	
00	00	00	64	00	4f	00	01	01	00	
00	00	00	1f	01	22	01	03	76	ff	
38	7a	07	00	00	04	00	3d	43	02	
00	0f	01	00	00	1b	00	8e	fe	60	
01	01	00	00	00	01	00	03	00	04	
00	5a	01	05	00	02	00	02	00	01	
00	01	00	00	00	00	00	01	00	00	
00	03	00	02	00	fe	ff	06	00	08	
00	03	00	04	01	43	00	43	00	43	
00	36	00	43	00	02	fe	ff	06	00	
fc	ff	ff	ff	00	00	01	00	f7	00	
51	00	36	00	5e	00	44	00	36	00	
02	54	00	01	00	00	00	83	9c	14	
3f	00	00	f6	41	09	7a	2b	87	56	
bf	01	00	00	00	00	00	0f	04	00	
0a	d7	23	3c	99	99	19	bd	ad	47	
e1	3c	03	03	03	03	03	03	