55	45	4c	59	53	59	53	08	1a	c0	
4f	00	c9	00	0f	bc	cb	7c	6c	05	
00	ed	05	00	00	21	01	01	01	01	
01	e3	00	00	01	00	00	51	01	02	
00	00	00	64	00	4f	00	01	01	00	
00	00	00	24	01	29	01	03	56	ff	
40	7b	07	00	00	04	00	c2	d2	00	
00	0f	01	00	00	21	00	1d	00	5c	
01	01	00	b1	00	01	00	03	00	04	
00	02	00	59	01	02	00	02	00	01	
01	01	00	01	00	00	00	00	01	00	
00	03	00	02	00	ff	ff	06	00	08	
00	03	00	04	01	43	00	43	00	43	
00	28	00	51	00	02	ff	ff	06	00	
fd	ff	ff	ff	00	00	01	00	f7	00	
5e	00	44	00	5e	00	44	00	36	00	
02	54	00	01	00	00	00	3d	dc	26	
3f	00	00	ee	41	1d	7b	fc	a9	b1	
be	01	00	00	00	00	00	0b	04	00	
0a	d7	23	3b	99	99	19	bd	99	99	
19	3d	03	03	03	03	03	03	