55	45	4c	59	53	59	53	08	1a	c0	
2b	00	c9	00	0f	b8	93	7a	6b	05	
00	b7	05	00	00	21	01	01	01	01	
01	e3	00	00	01	00	00	4f	01	02	
00	00	00	64	00	4f	00	01	01	00	
00	00	00	27	01	29	01	03	8f	ff	
65	7a	07	00	00	04	00	fb	d6	00	
00	0f	01	00	00	22	00	20	00	59	
01	01	00	00	00	01	00	03	00	04	
00	02	00	05	00	02	00	02	00	01	
01	01	00	00	00	00	00	00	00	00	
00	03	00	02	00	ff	ff	06	00	08	
00	03	00	04	01	43	00	43	00	43	
00	36	00	51	00	02	fe	ff	06	00	
fd	ff	ff	ff	00	00	01	00	f7	00	
5e	00	36	00	5e	00	44	00	44	00	
02	54	00	01	00	00	00	44	a3	18	
3f	00	00	f4	41	3e	7a	ba	49	2c	
bf	01	00	00	00	00	00	0b	04	00	
0a	d7	a3	3b	99	99	19	bd	29	5c	
0f	3d	03	03	03	03	03	03	