55	45	4c	59	53	59	53	08	1a	c2	
2c	00	c9	00	0f	cf	c5	b7	d3	03	
00	df	06	00	00	21	01	01	01	01	
01	ed	00	01	00	00	00	20	01	02	
00	00	00	64	00	4f	00	01	01	00	
00	00	00	fa	00	fd	00	03	95	ff	
50	71	07	00	00	04	00	37	18	00	
00	2c	01	00	00	21	00	8e	fe	54	
01	01	00	00	00	01	00	03	00	04	
00	02	00	05	00	02	00	02	00	01	
00	01	00	00	00	00	00	00	00	00	
00	02	00	02	00	fe	ff	06	00	08	
00	03	00	14	01	28	00	28	00	43	
00	43	00	1b	00	02	ff	ff	06	00	
fd	ff	ff	ff	00	00	01	00	e8	00	
36	00	36	00	43	00	28	00	28	00	
02	54	00	01	00	00	00	73	45	a7	
3e	00	00	c1	41	4f	71	87	16	d9	
3d	01	00	00	00	00	00	0f	04	00	
cc	cc	4c	3c	b8	1e	05	bd	b8	1e	
05	3d	03	03	03	03	03	03	