55	45	4c	59	53	59	53	08	1a	c1	
64	00	c9	00	0f	74	e0	41	97	04	
00	54	02	00	00	21	01	01	01	01	
01	e2	00	01	00	00	00	52	01	02	
00	00	00	64	00	4f	00	01	01	00	
00	00	00	24	01	29	01	03	77	ff	
28	7c	07	00	00	04	00	c8	1a	01	
00	0f	01	00	00	20	00	8e	fe	58	
01	01	00	00	00	01	00	03	00	04	
00	02	00	55	01	02	00	02	00	01	
00	01	00	00	00	00	00	00	01	00	
00	03	00	02	00	ff	ff	06	00	08	
00	03	00	f5	00	43	00	43	00	35	
00	28	00	43	00	02	ff	ff	06	00	
fd	ff	ff	ff	00	00	01	00	07	01	
5e	00	51	00	6c	00	51	00	44	00	
02	54	00	01	00	00	00	8d	85	39	
3f	00	00	e4	41	16	7c	c5	20	30	
bd	01	00	00	00	00	00	0f	04	00	
8f	c2	f5	3b	b8	1e	05	bd	8f	c2	
f5	3c	03	03	03	03	03	03	