55	45	4c	59	53	59	53	08	1a	c4	
1d	00	c9	00	0f	c1	78	16	9c	01	
00	2a	06	00	00	21	01	01	01	01	
01	e2	00	01	00	00	00	3e	01	02	
00	00	00	64	00	4f	00	01	01	00	
00	00	00	10	01	13	01	03	95	ff	
db	71	07	00	00	04	00	59	8d	01	
00	0f	01	00	00	1e	00	8e	fe	78	
01	01	00	00	00	01	00	03	00	04	
00	02	00	05	00	02	00	02	00	01	
00	01	00	00	00	00	00	00	00	00	
00	02	00	02	00	ff	ff	06	00	08	
00	03	00	f5	00	36	00	43	00	43	
00	36	00	43	00	02	ff	ff	06	00	
fd	ff	ff	ff	00	00	01	00	e8	00	
51	00	36	00	51	00	36	00	36	00	
02	54	00	01	00	00	00	e6	63	b3	
3e	00	00	ce	41	de	71	87	16	d9	
3d	01	00	00	00	00	00	0f	04	00	
cc	cc	4c	3c	8f	c2	f5	bc	29	5c	
0f	3d	03	03	03	03	03	03	