55	45	4c	59	53	59	53	08	1a	c0	
13	00	c9	00	0f	b5	c3	7a	6a	05	
00	93	05	00	00	21	01	01	01	01	
01	e3	00	00	01	00	00	52	01	02	
00	00	00	64	00	4f	00	01	01	00	
00	00	00	24	01	28	01	03	87	ff	
e4	78	07	00	00	04	00	cb	d9	00	
00	0f	01	00	00	1f	00	20	00	9a	
01	01	00	00	00	01	00	03	00	04	
00	02	00	05	00	02	00	02	00	01	
01	01	00	00	00	00	00	00	00	00	
00	03	00	02	00	ff	ff	06	00	08	
00	03	00	04	01	43	00	43	00	43	
00	36	00	51	00	02	ff	ff	06	00	
fd	ff	ff	ff	00	00	01	00	e8	00	
51	00	44	00	5e	00	36	00	36	00	
02	54	00	01	00	00	00	09	7d	06	
3f	00	00	ec	41	a5	78	f8	53	a3	
bf	01	00	00	00	00	00	0b	04	00	
0a	d7	23	3b	99	99	19	bd	99	99	
19	3d	03	03	03	03	03	03	