55	45	4c	59	53	59	53	08	1a	c0	
aa	00	c9	00	0f	59	fe	02	8c	01	
00	fd	00	00	00	21	01	01	01	01	
01	e2	00	01	00	00	00	6a	01	02	
00	00	00	64	00	4f	00	01	01	00	
00	00	00	27	01	2a	01	03	98	ff	
ba	74	07	00	00	04	00	1d	69	02	
00	0f	01	00	00	1c	00	8e	fe	5a	
01	01	00	00	00	01	00	03	00	04	
00	02	00	05	00	02	00	02	00	01	
00	01	00	00	00	00	00	00	00	00	
00	03	00	02	00	fe	ff	06	00	08	
00	03	00	04	01	43	00	43	00	43	
00	36	00	43	00	02	fe	ff	06	00	
fd	ff	ff	ff	00	00	01	00	f7	00	
51	00	36	00	5e	00	36	00	44	00	
02	54	00	01	00	00	00	36	12	f8	
3e	00	00	de	41	a6	74	f8	53	e3	
3d	01	00	00	00	00	00	0b	04	00	
8f	c2	75	3c	29	5c	0f	bd	0a	d7	
23	3d	03	03	03	03	03	03	