55	45	4c	59	53	59	53	08	1a	c2	
5d	00	c9	00	0f	d5	83	b9	e1	03	
00	29	07	00	00	21	01	01	01	01	
01	ed	00	01	00	00	00	21	01	02	
00	00	00	64	00	4f	00	01	01	00	
00	00	00	ff	00	02	01	03	99	ff	
51	76	07	00	00	04	00	79	12	00	
00	0f	01	00	00	20	00	8e	fe	63	
01	01	00	00	00	01	00	03	00	04	
00	02	00	05	00	02	00	02	00	01	
00	01	00	00	00	00	00	00	00	00	
00	02	00	02	00	ff	ff	06	00	08	
00	03	00	14	01	28	00	28	00	43	
00	43	00	28	00	02	fe	ff	06	00	
fd	ff	ff	ff	00	00	01	00	e8	00	
36	00	36	00	43	00	28	00	36	00	
02	54	00	01	00	00	00	f7	86	c9	
3e	00	00	d0	41	f8	75	f8	53	f3	
bf	01	00	00	00	00	00	0f	04	00	
0a	d7	a3	3b	29	5c	0f	bd	29	5c	
0f	3d	03	03	03	03	03	03	