55	45	4c	59	53	59	53	08	1a	c0	
48	00	c9	00	0f	4e	82	14	8e	01	
00	6a	00	00	00	21	01	01	01	01	
01	e2	00	01	00	00	00	49	01	02	
00	00	00	64	00	4f	00	01	01	00	
00	00	00	1f	01	22	01	03	78	ff	
8d	7b	07	00	00	04	00	9c	3d	02	
00	2c	01	00	00	1e	00	8f	fe	51	
01	01	00	00	00	01	00	03	00	04	
00	56	01	05	00	02	00	02	00	01	
00	01	00	00	00	00	00	01	00	00	
00	03	00	02	00	fe	ff	06	00	08	
00	03	00	04	01	43	00	43	00	43	
00	36	00	43	00	02	fe	ff	06	00	
fd	ff	ff	ff	00	00	01	00	e8	00	
5e	00	36	00	5e	00	44	00	44	00	
02	54	00	01	00	00	00	b8	13	2a	
3f	00	00	f0	41	6d	7b	a0	1a	af	
be	01	00	00	00	00	00	0f	04	00	
0a	d7	23	3c	b8	1e	05	bd	8f	c2	
f5	3c	03	03	03	03	03	03	