55	45	4c	59	53	59	53	08	1a	c3	
78	00	c9	00	0f	ae	22	18	8b	01	
00	32	05	00	00	21	01	01	01	01	
01	e2	00	01	00	00	00	3d	01	02	
00	00	00	64	00	4f	00	01	01	00	
00	00	00	10	01	13	01	03	96	ff	
2e	73	07	00	00	04	00	b1	a0	01	
00	2c	01	00	00	1c	00	8e	fe	59	
01	01	00	00	00	01	00	03	00	04	
00	02	00	05	00	02	00	02	00	01	
00	01	00	00	00	00	00	00	00	00	
00	02	00	02	00	ff	ff	06	00	07	
00	03	00	f5	00	43	00	43	00	35	
00	36	00	43	00	02	ff	ff	06	00	
fd	ff	ff	ff	00	00	01	00	e8	00	
51	00	36	00	51	00	36	00	36	00	
02	54	00	01	00	00	00	18	de	d3	
3e	00	00	ce	41	15	73	f8	53	e3	
3d	01	00	00	00	00	00	0f	04	00	
8f	c2	f5	3b	0a	d7	23	bd	29	5c	
0f	3d	03	03	03	03	03	03	