55	45	4c	59	53	59	53	08	1a	c2	
0c	00	c9	00	0f	cc	05	b7	d2	03	
00	af	06	00	00	21	01	01	01	01	
01	ed	00	01	00	00	00	1f	01	02	
00	00	00	64	00	4f	00	01	01	00	
00	00	00	fa	00	fd	00	03	95	ff	
91	71	07	00	00	04	00	f8	1b	00	
00	2c	01	00	00	20	00	8e	fe	6f	
01	01	00	00	00	01	00	03	00	04	
00	02	00	05	00	02	00	02	00	01	
00	01	00	00	00	00	00	00	00	00	
00	02	00	02	00	ff	ff	06	00	08	
00	03	00	14	01	28	00	28	00	43	
00	43	00	28	00	02	ff	ff	06	00	
fd	ff	ff	ff	00	00	01	00	e8	00	
36	00	36	00	43	00	28	00	36	00	
02	54	00	01	00	00	00	87	e0	ac	
3e	00	00	c0	41	96	71	f8	53	e3	
3d	01	00	00	00	00	00	0f	04	00	
0a	d7	a3	3b	cc	cc	cc	bc	b8	1e	
05	3d	03	03	03	03	03	03	