55	45	4c	59	53	59	53	08	1a	c0	
3b	00	c9	00	0f	4c	fc	16	7d	01	
00	57	00	00	00	21	01	01	01	01	
01	e2	00	01	00	00	00	5b	01	02	
00	00	00	64	00	4f	00	01	01	00	
00	00	00	1f	01	22	01	03	9d	ff	
ce	7b	07	00	00	04	00	e3	01	02	
00	0f	01	00	00	1b	00	8f	fe	5f	
01	01	00	00	00	01	00	03	00	04	
00	02	00	05	00	02	00	02	00	01	
00	01	00	00	00	00	00	00	00	00	
00	03	00	02	00	fe	ff	06	00	08	
00	03	00	f5	00	43	00	43	00	43	
00	36	00	51	00	02	fe	ff	06	00	
fd	ff	ff	ff	00	00	01	00	e8	00	
5e	00	36	00	5e	00	44	00	36	00	
02	54	00	01	00	00	00	0a	51	3a	
3f	00	00	dd	41	bd	7b	17	d9	ce	
3d	01	00	00	00	00	00	0f	04	00	
8f	c2	75	3c	8f	c2	f5	bc	ad	47	
e1	3c	03	03	03	03	03	03	