55	45	4c	59	53	59	53	08	1a	c0	
8f	00	c9	00	0f	56	d4	16	8f	01	
00	d5	00	00	00	21	01	01	01	01	
01	e2	00	01	00	00	00	48	01	02	
00	00	00	64	00	4f	00	01	01	00	
00	00	00	1d	01	20	01	03	79	ff	
38	7c	07	00	00	04	00	49	35	02	
00	2c	01	00	00	1b	00	8e	fe	63	
01	01	00	00	00	01	00	03	00	04	
00	44	01	05	00	02	00	02	00	01	
00	01	00	00	00	00	00	01	00	00	
00	03	00	02	00	ff	ff	06	00	08	
00	03	00	04	01	51	00	51	00	50	
00	43	00	5f	00	02	fe	ff	06	00	
fc	ff	ff	ff	00	00	01	00	f7	00	
5e	00	51	00	6c	00	51	00	44	00	
02	54	00	01	00	00	00	7c	07	36	
3f	00	00	e6	41	1f	7c	35	5e	ba	
bd	01	00	00	00	00	00	0f	04	00	
8f	c2	75	3c	b8	1e	05	bd	b8	1e	
05	3d	03	03	03	03	03	03	