55	45	4c	59	53	59	53	08	1a	c1	
69	00	c9	00	0f	b8	eb	b7	d3	03	
00	bb	05	00	00	21	01	01	01	01	
01	ed	00	01	00	00	00	1c	01	02	
00	00	00	64	00	4f	00	01	01	00	
00	00	00	f7	00	fa	00	03	97	ff	
cb	72	07	00	00	04	00	14	2f	00	
00	0f	01	00	00	1e	00	8e	fe	53	
01	01	00	00	00	01	00	03	00	04	
00	02	00	05	00	02	00	02	00	01	
00	01	00	00	00	00	00	00	00	00	
00	02	00	02	00	ff	ff	06	00	08	
00	03	00	14	01	28	00	28	00	43	
00	43	00	1b	00	02	fe	ff	06	00	
fd	ff	ff	ff	00	00	01	00	d8	00	
36	00	36	00	43	00	28	00	36	00	
02	54	00	01	00	00	00	a1	93	ca	
3e	00	00	bc	41	ce	72	87	16	d9	
3d	01	00	00	00	00	00	0f	04	00	
0a	d7	23	3c	b8	1e	05	bd	8f	c2	
f5	3c	03	03	03	03	03	03	