55	45	4c	59	53	59	53	08	1a	c1	
ad	00	c9	00	0f	78	58	14	8b	01	
00	82	02	00	00	21	01	01	01	01	
01	e2	00	01	00	00	00	4b	01	02	
00	00	00	64	00	4f	00	01	01	00	
00	00	00	1a	01	1d	01	03	6b	ff	
2b	7c	07	00	00	04	00	c1	13	02	
00	0f	01	00	00	1b	00	21	00	52	
01	01	00	00	00	01	00	03	00	04	
00	02	00	59	01	02	00	02	00	01	
01	01	00	00	00	00	00	00	01	00	
00	02	00	02	00	ff	ff	06	00	08	
00	03	00	04	01	43	00	43	00	43	
00	28	00	43	00	02	fe	ff	06	00	
fd	ff	ff	ff	00	00	01	00	07	01	
5e	00	44	00	5e	00	51	00	44	00	
02	54	00	01	00	00	00	5f	a5	38	
3f	00	00	dc	41	16	7c	a6	9b	c4	
bd	01	00	00	00	00	00	0b	04	00	
8f	c2	75	3c	b8	1e	05	bd	0a	d7	
23	3d	03	03	03	03	03	03	