55	45	4c	59	53	59	53	08	1a	c0	
03	00	c9	00	0f	e4	fa	66	c7	0c	
00	ec	07	00	00	21	01	01	01	01	
01	e8	00	01	00	00	00	30	01	02	
00	00	00	64	00	4f	00	01	01	00	
00	00	00	04	01	08	01	03	af	ff	
b0	75	07	00	00	04	00	7d	a9	00	
00	0f	01	00	00	91	00	5a	ff	52	
01	01	00	00	00	01	00	03	00	04	
00	02	00	05	00	02	00	02	00	00	
00	01	00	00	00	00	00	00	00	00	
00	03	00	02	00	fe	ff	06	00	08	
00	03	00	f5	00	36	00	43	00	35	
00	28	00	43	00	02	fe	ff	06	00	
fc	ff	ff	ff	00	00	01	00	e8	00	
51	00	36	00	51	00	36	00	36	00	
02	54	00	01	00	00	00	dd	e4	02	
3f	00	00	cc	41	96	75	7b	14	ae	
3d	01	00	00	00	00	00	0f	00	00	
00	00	00	00	00	00	00	00	00	00	
00	00	00	00	00	00	00	00	