55	45	4c	59	53	59	53	08	1a	c2	
94	00	c9	00	0f	98	80	3f	a9	04	
00	1c	04	00	00	21	01	01	01	01	
01	e2	00	01	00	00	00	59	01	02	
00	00	00	64	00	4f	00	01	01	00	
00	00	00	2c	01	2f	01	03	98	ff	
bf	76	07	00	00	04	00	24	f7	00	
00	2c	01	00	00	20	00	8e	fe	5a	
01	01	00	00	00	01	00	03	00	04	
00	02	00	05	00	02	00	02	00	01	
00	01	00	00	00	00	00	00	00	00	
00	03	00	02	00	ff	ff	06	00	08	
00	03	00	04	01	43	00	43	00	43	
00	36	00	51	00	02	fe	ff	06	00	
fd	ff	ff	ff	00	00	01	00	f7	00	
51	00	44	00	5e	00	44	00	44	00	
02	54	00	01	00	00	00	2c	b3	0d	
3f	00	00	ee	41	b3	76	87	16	d9	
3d	01	00	00	00	00	00	0f	04	00	
cc	cc	4c	3c	29	5c	0f	bd	99	99	
19	3d	03	03	03	03	03	03	