55	45	4c	59	53	59	53	08	1a	c2	
0f	00	c9	00	0f	88	ea	3f	97	04	
00	55	03	00	00	21	01	01	01	01	
01	e2	00	01	00	00	00	63	01	02	
00	00	00	64	00	4f	00	01	01	00	
00	00	00	42	01	44	01	03	78	fe	
4f	76	07	00	00	04	00	bc	06	01	
00	0f	01	00	00	1c	00	8e	fe	58	
01	01	00	00	00	01	00	cc	04	b9	
00	02	00	53	01	02	00	02	00	01	
00	01	00	00	00	01	01	00	01	00	
00	02	00	02	00	ff	ff	06	00	08	
00	03	00	14	01	43	00	51	00	43	
00	36	00	51	00	02	fe	ff	06	00	
fd	ff	ff	ff	00	00	01	00	f7	00	
5e	00	44	00	5e	00	44	00	44	00	
02	54	00	01	00	00	00	e4	d2	0f	
3f	00	00	f2	41	48	76	df	4f	cd	
3e	01	00	00	00	00	00	0f	04	00	
cc	cc	4c	3c	29	5c	0f	bd	0a	d7	
23	3d	03	03	03	03	03	03	