55	45	4c	59	53	59	53	08	1a	c0	
95	00	c9	00	0f	d0	a4	26	cd	07	
00	ea	06	00	00	21	01	01	01	01	
01	e3	00	00	01	00	00	3c	01	02	
00	00	00	64	00	4f	00	01	01	00	
00	00	00	0b	01	0f	01	03	52	ff	
84	78	07	00	00	04	00	c2	be	00	
00	2c	01	00	00	1f	00	20	00	67	
01	01	00	b1	00	01	00	03	00	04	
00	02	00	5a	01	02	00	02	00	01	
01	01	00	01	00	00	00	00	01	00	
00	02	00	02	00	ff	ff	06	00	08	
00	03	00	f5	00	36	00	43	00	35	
00	36	00	43	00	02	fe	ff	06	00	
fd	ff	ff	ff	00	00	01	00	e8	00	
51	00	44	00	28	00	44	00	36	00	
02	54	00	01	00	00	00	42	cc	1a	
3f	00	00	d4	41	6f	78	10	58	39	
3e	01	00	00	00	00	00	0b	04	00	
cc	cc	4c	3c	0a	d7	23	bd	cc	cc	
cc	3c	03	03	03	03	03	03	