55	45	4c	59	53	59	53	08	1a	c0	
20	00	c9	00	0f	eb	98	a4	6b	11	
00	3e	08	00	00	21	01	01	01	01	
01	ec	00	00	01	00	00	31	01	02	
00	00	00	64	00	4f	00	01	01	00	
00	00	00	04	01	08	01	03	99	ff	
ff	74	07	00	00	04	00	46	a2	00	
00	2c	01	00	00	22	00	8f	fe	52	
01	01	00	00	00	01	00	03	00	04	
00	02	00	05	00	02	00	02	00	01	
00	01	00	00	00	00	00	00	00	00	
00	02	00	02	00	fe	ff	06	00	08	
00	03	00	f5	00	36	00	43	00	35	
00	28	00	43	00	02	ff	ff	06	00	
fd	ff	ff	ff	00	00	01	00	e8	00	
51	00	36	00	51	00	36	00	36	00	
02	54	00	01	00	00	00	93	d6	f8	
3e	00	00	c8	41	ff	74	87	16	d9	
3d	01	00	00	00	00	00	0f	04	00	
8f	c2	75	3c	29	5c	0f	bd	8f	c2	
f5	3c	03	03	03	03	03	03	