55	45	4c	59	53	59	53	08	1a	c0	
7f	00	c9	00	0f	5a	0a	3f	98	04	
00	fd	00	00	00	21	01	01	01	01	
01	e2	00	01	00	00	00	4f	01	02	
00	00	00	64	00	4f	00	01	01	00	
00	00	00	1f	01	24	01	03	76	ff	
81	7b	07	00	00	04	00	a1	35	01	
00	2c	01	00	00	21	00	8e	fe	66	
01	01	00	00	00	01	00	03	00	04	
00	02	00	57	01	02	00	02	00	01	
00	01	00	00	00	00	00	00	01	00	
00	03	00	02	00	ff	ff	06	00	08	
00	03	00	04	01	43	00	43	00	43	
00	36	00	51	00	02	ff	ff	06	00	
fc	ff	ff	ff	00	00	01	00	f7	00	
5e	00	44	00	5e	00	36	00	36	00	
02	54	00	01	00	00	00	11	fc	34	
3f	00	00	de	41	75	7b	bc	74	13	
3e	01	00	00	00	00	00	0f	04	00	
8f	c2	f5	3b	99	99	19	bd	0a	d7	
23	3d	03	03	03	03	03	03	