55	45	4c	59	53	59	53	08	1a	c0	
af	00	c9	00	0f	5a	94	18	99	01	
00	05	01	00	00	21	01	01	01	01	
01	e2	00	01	00	00	00	46	01	02	
00	00	00	64	00	4f	00	01	01	00	
00	00	00	18	01	1a	01	03	9c	ff	
a9	7a	07	00	00	04	00	49	f4	01	
00	2c	01	00	00	1b	00	8e	fe	59	
01	01	00	00	00	01	00	03	00	04	
00	02	00	05	00	02	00	02	00	01	
00	01	00	00	00	00	00	00	00	00	
00	03	00	02	00	ff	ff	06	00	07	
00	03	00	04	01	36	00	43	00	43	
00	36	00	43	00	02	fe	ff	06	00	
fc	ff	ff	ff	00	00	01	00	e8	00	
51	00	36	00	5e	00	44	00	36	00	
02	54	00	01	00	00	00	0f	79	30	
3f	00	00	d6	41	97	7a	87	16	d9	
3d	01	00	00	00	00	00	0f	04	00	
8f	c2	f5	3b	29	5c	0f	bd	99	99	
19	3d	03	03	03	03	03	03	