55	45	4c	59	53	59	53	08	1a	c3	
38	00	c9	00	0f	ab	b8	3f	a7	04	
00	12	05	00	00	21	01	01	01	01	
01	e2	00	01	00	00	00	4c	01	02	
00	00	00	64	00	4f	00	01	01	00	
00	00	00	1f	01	24	01	03	6e	ff	
de	74	07	00	00	04	00	ea	e3	00	
00	0f	01	00	00	1c	00	8e	fe	59	
01	01	00	00	00	01	00	03	00	04	
00	02	00	05	00	ca	00	02	00	01	
00	01	00	00	00	00	00	00	00	01	
00	03	00	02	00	ff	ff	06	00	08	
00	03	00	f5	00	43	00	43	00	43	
00	36	00	51	00	02	fe	ff	06	00	
fd	ff	ff	ff	00	00	01	00	e8	00	
5e	00	44	00	5e	00	36	00	36	00	
02	54	00	01	00	00	00	02	32	f7	
3e	00	00	de	41	c9	74	75	93	18	
3e	01	00	00	00	00	00	0f	04	00	
0a	d7	23	3c	7b	14	2e	bd	8f	c2	
f5	3c	03	03	03	03	03	03	