55	45	4c	59	53	59	53	08	1a	c0	
50	00	c9	00	0f	f1	36	8f	f5	04	
00	8b	08	00	00	21	01	01	01	01	
01	ee	00	01	00	00	00	2c	01	04	
00	00	00	02	00	50	00	01	01	00	
00	00	00	06	01	09	01	03	79	ff	
95	7a	07	00	00	05	00	a9	99	02	
00	00	00	00	00	1d	00	8e	fe	52	
01	01	00	00	00	01	00	03	00	04	
00	58	01	05	00	02	00	02	00	01	
00	01	00	00	00	00	00	01	00	00	
00	03	00	02	00	ff	ff	06	00	08	
00	03	00	f5	00	28	00	28	00	50	
00	28	00	28	00	02	fe	ff	06	00	
fd	ff	ff	ff	00	00	01	00	f7	00	
51	00	51	00	51	00	36	00	36	00	
02	55	00	01	00	00	00	c2	f9	30	
3f	00	00	cc	41	85	7a	75	93	18	
3e	01	00	00	00	00	00	0f	04	00	
0a	d7	23	3c	8f	c2	f5	bc	8f	c2	
f5	3c	03	03	03	03	03	03	