55	45	4c	59	53	59	53	08	1a	c5	
64	00	c9	00	0f	e7	ca	16	7a	01	
00	14	08	00	00	21	01	01	01	01	
01	e2	00	01	00	00	00	40	01	02	
00	00	00	64	00	4f	00	01	01	00	
00	00	00	13	01	15	01	03	92	ff	
8c	6e	07	00	00	04	00	02	67	01	
00	0f	01	00	00	1d	00	8e	fe	5b	
01	01	00	00	00	01	00	03	00	04	
00	02	00	05	00	02	00	02	00	01	
00	01	00	00	00	00	00	00	00	00	
00	02	00	02	00	fe	ff	06	00	08	
00	03	00	f5	00	43	00	36	00	35	
00	28	00	43	00	02	fe	ff	06	00	
fd	ff	ff	ff	00	00	01	00	e8	00	
51	00	36	00	5e	00	36	00	36	00	
02	54	00	01	00	00	00	4d	60	69	
3e	00	00	d4	41	76	6e	87	16	d9	
3d	01	00	00	00	00	00	0f	04	00	
cc	cc	4c	3c	b8	1e	05	bd	8f	c2	
f5	3c	03	03	03	03	03	03	