55	45	4c	59	53	59	53	08	1a	c1	
54	00	c9	00	0f	6d	ea	18	93	01	
00	fc	01	00	00	21	01	01	01	01	
01	e2	00	01	00	00	00	3f	01	02	
00	00	00	64	00	4f	00	01	01	00	
00	00	00	10	01	15	01	03	9a	ff	
25	79	07	00	00	04	00	f1	e0	01	
00	2c	01	00	00	1c	00	8e	fe	59	
01	01	00	00	00	01	00	03	00	04	
00	02	00	05	00	02	00	02	00	01	
00	01	00	00	00	00	00	00	00	00	
00	02	00	02	00	ff	ff	06	00	08	
00	03	00	f5	00	36	00	36	00	35	
00	36	00	51	00	02	fe	ff	06	00	
fc	ff	ff	ff	00	00	01	00	e8	00	
51	00	36	00	51	00	36	00	36	00	
02	54	00	01	00	00	00	c9	1d	22	
3f	00	00	d4	41	2c	79	17	d9	ce	
3d	01	00	00	00	00	00	0f	04	00	
0a	d7	23	3c	b8	1e	05	bd	ad	47	
e1	3c	03	03	03	03	03	03	