55	45	4c	59	53	59	53	08	1a	c1	
1e	00	c9	00	0f	6d	56	d5	e4	02	
00	f4	01	00	00	21	01	01	01	01	
01	ec	00	00	01	00	00	27	01	02	
00	00	00	64	00	4f	00	01	01	00	
00	00	00	ff	00	03	01	03	76	ff	
dc	79	07	00	00	04	00	d9	7a	00	
00	2c	01	00	00	20	00	8e	fe	57	
01	01	00	00	00	01	00	03	00	04	
00	02	00	5f	01	02	00	02	00	01	
00	01	00	00	00	00	00	00	01	00	
00	02	00	02	00	fe	ff	06	00	08	
00	03	00	f5	00	36	00	36	00	35	
00	28	00	43	00	02	fe	ff	06	00	
fc	ff	ff	ff	00	00	01	00	e8	00	
51	00	36	00	51	00	36	00	36	00	
02	54	00	01	00	00	00	c7	57	25	
3f	00	00	c8	41	de	79	bc	74	13	
3e	01	00	00	00	00	00	0f	04	00	
8f	c2	f5	3b	99	99	19	bd	29	5c	
0f	3d	03	03	03	03	03	03	