55	45	4c	59	53	59	53	08	1a	c1	
13	00	c9	00	0f	66	4c	04	b4	01	
00	9b	01	00	00	21	01	01	01	01	
01	e2	00	01	00	00	00	4b	01	02	
00	00	00	64	00	4f	00	01	01	00	
00	00	00	1d	01	21	01	03	96	ff	
c3	73	07	00	00	04	00	cd	5c	02	
00	0f	01	00	00	1c	00	8e	fe	63	
01	01	00	00	00	01	00	03	00	04	
00	02	00	05	00	02	00	02	00	01	
00	01	00	00	00	00	00	00	00	00	
00	03	00	02	00	ff	ff	06	00	08	
00	03	00	f5	00	43	00	43	00	43	
00	36	00	51	00	02	fe	ff	06	00	
fc	ff	ff	ff	00	00	01	00	f7	00	
5e	00	36	00	51	00	36	00	36	00	
02	54	00	01	00	00	00	4e	af	e1	
3e	00	00	dd	41	ad	73	87	16	d9	
3d	01	00	00	00	00	00	0b	04	00	
8f	c2	75	3c	29	5c	0f	bd	99	99	
19	3d	03	03	03	03	03	03	