55	45	4c	59	53	59	53	08	1a	c0	
bc	00	c9	00	0f	5c	1a	14	9a	01	
00	18	01	00	00	21	01	01	01	01	
01	e2	00	01	00	00	00	49	01	02	
00	00	00	64	00	4f	00	01	01	00	
00	00	00	1d	01	20	01	03	79	ff	
5b	7c	07	00	00	04	00	03	30	02	
00	0f	01	00	00	1f	00	8e	fe	51	
01	01	00	00	00	01	00	03	00	04	
00	58	01	05	00	02	00	02	00	01	
00	01	00	00	00	00	00	01	00	00	
00	03	00	02	00	fe	ff	06	00	08	
00	03	00	14	01	51	00	51	00	43	
00	43	00	5f	00	02	fe	ff	06	00	
fc	ff	ff	ff	00	00	01	00	f7	00	
6c	00	44	00	6c	00	51	00	44	00	
02	54	00	01	00	00	00	3f	e1	38	
3f	00	00	e2	41	42	7c	c5	20	30	
bd	01	00	00	00	00	00	0f	04	00	
8f	c2	75	3c	99	99	19	bd	8f	c2	
f5	3c	03	03	03	03	03	03	