55	45	4c	59	53	59	53	08	1a	c3	
35	00	c9	00	0f	ab	5e	3f	99	04	
00	0e	05	00	00	21	01	01	01	01	
01	e2	00	01	00	00	00	4c	01	02	
00	00	00	64	00	4f	00	01	01	00	
00	00	00	1f	01	23	01	03	6d	ff	
ea	74	07	00	00	04	00	44	e4	00	
00	0f	01	00	00	1e	00	8e	fe	59	
01	01	00	00	00	01	00	03	00	04	
00	02	00	05	00	ca	00	02	00	01	
00	01	00	00	00	00	00	00	00	01	
00	03	00	02	00	fe	ff	06	00	08	
00	03	00	04	01	43	00	43	00	43	
00	36	00	43	00	02	ff	ff	06	00	
fd	ff	ff	ff	00	00	01	00	f7	00	
51	00	36	00	5e	00	36	00	36	00	
02	54	00	01	00	00	00	aa	05	f8	
3e	00	00	de	41	db	74	75	93	18	
3e	01	00	00	00	00	00	0f	04	00	
8f	c2	f5	3b	0a	d7	23	bd	29	5c	
0f	3d	03	03	03	03	03	03	