55	45	4c	59	53	59	53	08	1a	c0	
7e	00	c9	00	0f	9d	61	b9	c2	03	
00	5a	04	00	00	21	01	01	01	01	
01	ed	00	01	00	00	00	1c	01	02	
00	00	00	64	00	4f	00	01	01	00	
00	00	00	f5	00	f9	00	03	99	ff	
e1	74	07	00	00	04	00	a2	4a	00	
00	0f	01	00	00	24	00	8e	fe	5c	
01	01	00	00	00	01	00	03	00	04	
00	02	00	05	00	02	00	02	00	01	
00	01	00	00	00	00	00	00	00	00	
00	03	00	02	00	ff	ff	06	00	08	
00	03	00	14	01	28	00	28	00	43	
00	43	00	28	00	02	ff	ff	06	00	
fc	ff	ff	ff	00	00	01	00	e8	00	
36	00	36	00	43	00	28	00	36	00	
02	54	00	01	00	00	00	d7	06	f8	
3e	00	00	bc	41	e4	74	87	16	d9	
3d	01	00	00	00	00	00	0f	04	00	
cc	cc	4c	3c	8f	c2	f5	bc	8f	c2	
f5	3c	03	03	03	03	03	03	