55	45	4c	59	53	59	53	08	1a	c0	
65	00	c9	00	0f	9a	73	b7	d1	03	
00	35	04	00	00	21	01	01	01	01	
01	ed	00	01	00	00	00	1c	01	02	
00	00	00	64	00	4f	00	01	01	00	
00	00	00	f5	00	fa	00	03	99	ff	
1d	75	07	00	00	04	00	90	4d	00	
00	0f	01	00	00	28	00	8e	fe	5e	
01	01	00	00	00	01	00	03	00	04	
00	02	00	05	00	02	00	02	00	01	
00	01	00	00	00	00	00	00	00	00	
00	02	00	02	00	ff	ff	06	00	08	
00	03	00	14	01	28	00	28	00	43	
00	51	00	28	00	02	fe	ff	06	00	
fd	ff	ff	ff	00	00	01	00	e8	00	
36	00	36	00	43	00	28	00	36	00	
02	54	00	01	00	00	00	b0	d7	fc	
3e	00	00	bc	41	23	75	f8	53	e3	
3d	01	00	00	00	00	00	0f	04	00	
00	00	00	00	8f	c2	f5	bc	eb	51	
b8	3c	03	03	03	03	03	03	