55	45	4c	59	53	59	53	08	1a	c1	
2e	00	c9	00	0f	69	76	16	8e	01	
00	c3	01	00	00	21	01	01	01	01	
01	e2	00	01	00	00	00	40	01	02	
00	00	00	64	00	4f	00	01	01	00	
00	00	00	13	01	16	01	03	9c	ff	
91	79	07	00	00	04	00	66	e5	01	
00	0f	01	00	00	1b	00	8e	fe	6e	
01	01	00	00	00	01	00	03	00	04	
00	02	00	05	00	02	00	02	00	01	
00	01	00	00	00	00	00	00	00	00	
00	02	00	02	00	ff	ff	06	00	08	
00	03	00	04	01	43	00	43	00	43	
00	36	00	43	00	02	fe	ff	06	00	
fd	ff	ff	ff	00	00	01	00	e8	00	
51	00	36	00	5e	00	36	00	36	00	
02	54	00	01	00	00	00	18	7e	25	
3f	00	00	d4	41	7a	79	17	d9	ce	
3d	01	00	00	00	00	00	0f	04	00	
8f	c2	f5	3b	29	5c	0f	bd	b8	1e	
05	3d	03	03	03	03	03	03	