08	1a	c0	82	00	c9	00	0f	55	4e	
0e	a1	55	45	4c	59	53	59	53	01	
00	c1	00	00	00	21	01	01	01	01	
01	e2	00	01	00	00	00	48	01	02	
00	00	00	64	00	4f	00	01	01	00	
00	00	00	1a	01	1f	01	03	9c	ff	
09	79	07	00	00	04	00	63	82	02	
00	0f	01	00	00	1e	00	8e	fe	53	
01	01	00	00	00	01	00	03	00	04	
00	02	00	05	00	02	00	02	00	01	
00	01	00	00	00	00	00	00	00	00	
00	03	00	02	00	ff	ff	06	00	08	
00	03	00	04	01	43	00	43	00	35	
00	36	00	51	00	02	fe	ff	06	00	
fc	ff	ff	ff	00	00	01	00	e8	00	
51	00	36	00	51	00	44	00	36	00	
02	54	00	01	00	00	00	5f	3e	22	
3f	00	00	dc	41	f5	78	17	d9	ce	
3d	01	00	00	00	00	00	0f	04	00	
8f	c2	75	3c	0a	d7	23	bd	ad	47	
e1	3c	03	03	03	03	03	03	