55	45	4c	59	53	59	53	08	1a	c0	
1b	00	c9	00	0f	c2	58	26	ac	07	
00	33	06	00	00	21	01	01	01	01	
01	e3	00	00	01	00	00	4d	01	02	
00	00	00	64	00	4f	00	01	01	00	
00	00	00	1d	01	20	01	03	56	ff	
a5	7a	07	00	00	04	00	10	cd	00	
00	0f	01	00	00	1c	00	1d	00	58	
01	01	00	b1	00	01	00	03	00	04	
00	02	00	58	01	02	00	02	00	01	
01	01	00	01	00	00	00	00	01	00	
00	03	00	02	00	ff	ff	06	00	08	
00	03	00	04	01	43	00	43	00	43	
00	36	00	51	00	02	ff	ff	06	00	
fd	ff	ff	ff	00	00	01	00	f7	00	
51	00	44	00	5e	00	44	00	36	00	
02	54	00	01	00	00	00	40	db	2a	
3f	00	00	e8	41	97	7a	58	39	34	
3e	01	00	00	00	00	00	0b	04	00	
8f	c2	f5	3b	29	5c	0f	bd	99	99	
19	3d	03	03	03	03	03	03	