55	45	4c	59	53	59	53	08	1a	c2	
23	00	c9	00	0f	8b	ec	d5	eb	02	
00	7c	03	00	00	21	01	01	01	01	
01	ec	00	00	01	00	00	1e	01	02	
00	00	00	64	00	4f	00	01	01	00	
00	00	00	f7	00	fb	00	03	99	ff	
4c	76	07	00	00	04	00	3f	5c	00	
00	0f	01	00	00	21	00	8e	fe	53	
01	01	00	00	00	01	00	03	00	04	
00	02	00	05	00	02	00	02	00	01	
00	01	00	00	00	00	00	00	00	00	
00	03	00	02	00	fe	ff	06	00	08	
00	03	00	e6	00	36	00	36	00	35	
00	28	00	51	00	02	fe	ff	06	00	
fd	ff	ff	ff	00	00	01	00	e8	00	
51	00	36	00	51	00	28	00	36	00	
02	54	00	01	00	00	00	6f	a7	0a	
3f	00	00	c0	41	51	76	17	d9	ce	
3d	01	00	00	00	00	00	0f	04	00	
8f	c2	f5	3b	29	5c	0f	bd	cc	cc	
cc	3c	03	03	03	03	03	03	