55	45	4c	59	53	59	53	08	1a	c0	
08	00	c9	00	0f	b4	79	7c	69	05	
00	82	05	00	00	21	01	01	01	01	
01	e2	00	01	00	00	00	52	01	02	
00	00	00	64	00	4f	00	01	01	00	
00	00	00	22	01	27	01	03	8c	ff	
b6	77	07	00	00	04	00	15	db	00	
00	0f	01	00	00	1d	00	20	00	59	
01	01	00	00	00	01	00	03	00	04	
00	02	00	05	00	02	00	02	00	01	
01	01	00	00	00	00	00	00	00	00	
00	03	00	02	00	ff	ff	06	00	08	
00	03	00	04	01	51	00	43	00	43	
00	36	00	51	00	02	ff	ff	06	00	
fd	ff	ff	ff	00	00	01	00	f7	00	
5e	00	36	00	5e	00	36	00	36	00	
02	54	00	01	00	00	00	f8	1f	f3	
3e	00	00	ea	41	6d	77	f6	28	dc	
bf	01	00	00	00	00	00	0b	04	00	
8f	c2	f5	3b	b8	1e	05	bd	b8	1e	
05	3d	03	03	03	03	03	03	