55	45	4c	59	53	59	53	08	1a	c0	
89	00	c9	00	0f	5b	36	3f	9a	04	
00	0c	01	00	00	21	01	01	01	01	
01	e2	00	01	00	00	00	4d	01	02	
00	00	00	64	00	4f	00	01	01	00	
00	00	00	1f	01	24	01	03	76	ff	
5c	7b	07	00	00	04	00	75	34	01	
00	0f	01	00	00	21	00	8e	fe	5b	
01	01	00	00	00	01	00	03	00	04	
00	02	00	57	01	02	00	02	00	01	
00	01	00	00	00	00	00	00	01	00	
00	03	00	02	00	ff	ff	06	00	08	
00	03	00	f5	00	43	00	43	00	43	
00	36	00	51	00	02	ff	ff	06	00	
fd	ff	ff	ff	00	00	01	00	f7	00	
5e	00	44	00	5e	00	44	00	44	00	
02	54	00	01	00	00	00	7d	f3	33	
3f	00	00	de	41	49	7b	df	4f	0d	
3e	01	00	00	00	00	00	0f	04	00	
0a	d7	23	3c	cc	cc	cc	bc	8f	c2	
f5	3c	03	03	03	03	03	03	