55	45	4c	59	53	59	53	08	1a	c3	
6a	00	c9	00	0f	b1	94	3f	98	04	
00	5d	05	00	00	21	01	01	01	01	
01	e2	00	01	00	00	00	55	01	02	
00	00	00	64	00	4f	00	01	01	00	
00	00	00	1f	01	23	01	03	8a	ff	
56	74	07	00	00	04	00	0d	de	00	
00	2c	01	00	00	1e	00	8e	fe	75	
01	01	00	00	00	01	00	03	00	04	
00	02	00	05	00	02	00	02	00	01	
00	01	00	00	00	00	00	00	00	00	
00	03	00	02	00	ff	ff	06	00	08	
00	03	00	04	01	43	00	43	00	43	
00	36	00	51	00	02	ff	ff	06	00	
fd	ff	ff	ff	00	00	01	00	f7	00	
51	00	36	00	5e	00	44	00	36	00	
02	54	00	01	00	00	00	1c	56	eb	
3e	00	00	de	41	44	74	23	db	f9	
3d	01	00	00	00	00	00	0e	04	00	
cc	cc	4c	3c	29	5c	0f	bd	8f	c2	
f5	3c	03	03	03	03	03	03	