55	45	4c	59	53	59	53	08	1a	c0	
6f	00	c9	00	0f	53	14	14	8c	01	
00	a5	00	00	00	21	01	01	01	01	
01	e2	00	01	00	00	00	49	01	02	
00	00	00	64	00	4f	00	01	01	00	
00	00	00	1d	01	21	01	03	77	ff	
06	7c	07	00	00	04	00	0a	39	02	
00	2c	01	00	00	1b	00	8f	fe	52	
01	01	00	00	00	01	00	03	00	04	
00	42	01	05	00	02	00	02	00	01	
00	01	00	00	00	00	00	01	00	00	
00	02	00	02	00	ff	ff	06	00	08	
00	03	00	04	01	43	00	43	00	43	
00	36	00	51	00	02	fe	ff	06	00	
fd	ff	ff	ff	00	00	01	00	f7	00	
5e	00	44	00	6c	00	51	00	44	00	
02	54	00	01	00	00	00	ae	56	32	
3f	00	00	e9	41	e9	7b	c3	f5	28	
be	01	00	00	00	00	00	0f	04	00	
0a	d7	23	3c	99	99	19	bd	8f	c2	
f5	3c	03	03	03	03	03	03	