55	45	4c	59	53	59	53	08	1a	c2	
8a	00	c9	00	0f	da	c9	b7	d2	03	
00	6c	07	00	00	21	01	01	01	01	
01	ed	00	01	00	00	00	23	01	02	
00	00	00	64	00	4f	00	01	01	00	
00	00	00	01	01	05	01	03	9b	ff	
2d	7a	07	00	00	04	00	32	0d	00	
00	0f	01	00	00	21	00	8e	fe	53	
01	01	00	00	00	01	00	03	00	04	
00	02	00	05	00	02	00	02	00	01	
00	01	00	00	00	00	00	00	00	00	
00	02	00	02	00	ff	ff	06	00	08	
00	03	00	14	01	28	00	28	00	43	
00	43	00	28	00	02	fe	ff	06	00	
fc	ff	ff	ff	00	00	01	00	e8	00	
36	00	36	00	43	00	28	00	36	00	
02	54	00	01	00	00	00	17	dc	13	
3f	00	00	de	41	00	7a	04	56	4e	
bf	01	00	00	00	00	00	0f	04	00	
8f	c2	75	3c	29	5c	0f	bd	b8	1e	
05	3d	03	03	03	03	03	03	