55	45	4c	59	53	59	53	08	1a	c5	
6c	00	c9	00	0f	e8	ba	18	8d	01	
00	20	08	00	00	21	01	01	01	01	
01	e2	00	01	00	00	00	40	01	02	
00	00	00	64	00	4f	00	01	01	00	
00	00	00	13	01	15	01	03	92	ff	
6e	6e	07	00	00	04	00	12	66	01	
00	0f	01	00	00	1d	00	8e	fe	59	
01	01	00	00	00	01	00	03	00	04	
00	02	00	05	00	02	00	02	00	01	
00	01	00	00	00	00	00	00	00	00	
00	03	00	02	00	ff	ff	06	00	08	
00	03	00	f5	00	36	00	43	00	35	
00	36	00	51	00	02	ff	ff	06	00	
fd	ff	ff	ff	00	00	01	00	f7	00	
51	00	36	00	5e	00	28	00	28	00	
02	54	00	01	00	00	00	84	f8	65	
3e	00	00	d4	41	5b	6e	f8	53	e3	
3d	01	00	00	00	00	00	0f	04	00	
8f	c2	75	3c	29	5c	0f	bd	ad	47	
e1	3c	03	03	03	03	03	03	