55	45	4c	59	53	59	53	08	1a	c1	
1e	00	c9	00	0f	e0	b2	26	ab	07	
00	b7	07	00	00	21	01	01	01	01	
01	e3	00	00	01	00	00	34	01	02	
00	00	00	64	00	4f	00	01	01	00	
00	00	00	06	01	0b	01	03	ae	ff	
04	76	07	00	00	04	00	b2	ae	00	
00	0f	01	00	00	8b	00	50	ff	5b	
01	01	00	00	00	01	00	03	00	04	
00	02	00	05	00	02	00	02	00	00	
00	01	00	00	00	00	00	00	00	00	
00	02	00	02	00	ff	ff	06	00	08	
00	03	00	f5	00	36	00	36	00	35	
00	28	00	43	00	02	ff	ff	06	00	
fc	ff	ff	ff	00	00	01	00	e8	00	
51	00	36	00	51	00	36	00	36	00	
02	54	00	01	00	00	00	8e	6b	06	
3f	00	00	cc	41	0a	76	7b	14	ae	
3d	01	00	00	00	00	00	0b	00	00	
00	00	00	00	00	00	00	00	00	00	
00	00	00	00	00	00	00	00	