55	45	4c	59	53	59	53	08	1a	c0	
c2	00	c9	00	0f	5c	ce	16	9b	01	
00	21	01	00	00	21	01	01	01	01	
01	e2	00	01	00	00	00	45	01	02	
00	00	00	64	00	4f	00	01	01	00	
00	00	00	15	01	19	01	03	9c	ff	
7e	7a	07	00	00	04	00	0f	f2	01	
00	0f	01	00	00	1b	00	8e	fe	59	
01	01	00	00	00	01	00	03	00	04	
00	02	00	05	00	02	00	02	00	01	
00	01	00	00	00	00	00	00	00	00	
00	02	00	02	00	ff	ff	06	00	08	
00	03	00	04	01	43	00	43	00	43	
00	36	00	51	00	02	ff	ff	06	00	
fd	ff	ff	ff	00	00	01	00	f7	00	
51	00	44	00	5e	00	36	00	36	00	
02	54	00	01	00	00	00	21	cd	2e	
3f	00	00	d6	41	6b	7a	87	16	d9	
3d	01	00	00	00	00	00	0f	04	00	
8f	c2	75	3c	7b	14	2e	bd	ad	47	
e1	3c	03	03	03	03	03	03	