55	45	4c	59	53	59	53	08	1a	c3	
96	00	c9	00	0f	b1	a6	18	9a	01	
00	5f	05	00	00	21	01	01	01	01	
01	e2	00	01	00	00	00	3d	01	02	
00	00	00	64	00	4f	00	01	01	00	
00	00	00	10	01	13	01	03	96	ff	
ee	72	07	00	00	04	00	2d	9d	01	
00	0f	01	00	00	1c	00	8e	fe	5a	
01	01	00	00	00	01	00	03	00	04	
00	02	00	05	00	02	00	02	00	01	
00	01	00	00	00	00	00	00	00	00	
00	02	00	02	00	ff	ff	06	00	08	
00	03	00	04	01	36	00	36	00	43	
00	28	00	43	00	02	ff	ff	06	00	
fd	ff	ff	ff	00	00	01	00	e8	00	
51	00	36	00	51	00	36	00	36	00	
02	54	00	01	00	00	00	66	db	cd	
3e	00	00	ce	41	f2	72	f8	53	e3	
3d	01	00	00	00	00	00	0f	04	00	
8f	c2	75	3c	99	99	19	bd	b8	1e	
05	3d	03	03	03	03	03	03	