55	45	4c	59	53	59	53	08	1a	c0	
5e	00	c9	00	0f	51	16	02	8d	01	
00	8b	00	00	00	21	01	01	01	01	
01	e2	00	01	00	00	00	67	01	02	
00	00	00	64	00	4f	00	01	01	00	
00	00	00	24	01	28	01	03	60	ff	
fa	75	07	00	00	04	00	06	72	02	
00	0f	01	00	00	1b	00	20	00	75	
01	01	00	00	00	01	00	03	00	04	
00	02	00	05	00	cb	00	02	00	01	
01	01	00	00	00	00	00	00	00	01	
00	02	00	02	00	ff	ff	06	00	08	
00	03	00	04	01	43	00	43	00	43	
00	36	00	51	00	02	fe	ff	06	00	
fc	ff	ff	ff	00	00	01	00	f7	00	
5e	00	36	00	5e	00	36	00	44	00	
02	54	00	01	00	00	00	39	5f	0a	
3f	00	00	dd	41	e6	75	0a	d7	23	
3e	01	00	00	00	00	00	0b	04	00	
cc	cc	4c	3c	b8	1e	05	bd	b8	1e	
05	3d	03	03	03	03	03	03	