55	45	4c	59	53	59	53	08	1a	c0	
61	00	c9	00	d2	a0	fa	78	3e	01	
00	90	00	00	00	21	01	01	01	01	
01	e2	00	01	00	00	00	56	01	02	
00	00	00	64	00	4f	00	01	01	00	
00	00	00	22	01	24	01	03	6e	ff	
72	72	07	00	00	04	00	31	51	02	
00	0f	01	00	00	1d	00	8e	fe	5c	
01	01	00	00	00	01	00	03	00	04	
00	5b	01	05	00	02	00	02	00	01	
00	01	00	00	00	00	00	01	00	00	
00	03	00	02	00	ff	ff	06	00	08	
00	03	00	f5	00	43	00	43	00	43	
00	36	00	43	00	02	ff	ff	06	00	
fd	ff	ff	ff	00	00	01	00	e8	00	
51	00	44	00	5e	00	36	00	36	00	
02	54	00	01	00	00	00	db	0e	c4	
3e	00	00	dd	41	63	72	2d	b2	1d	
3e	01	00	00	00	00	00	0b	04	00	
8f	c2	75	3c	29	5c	0f	bd	8f	c2	
f5	3c	03	03	03	03	03	03	