55	45	4c	59	53	59	53	08	1a	c0	
2a	00	c9	00	0f	ec	c2	8f	d7	04	
00	52	08	00	00	21	01	01	01	01	
01	ee	00	01	00	00	00	2a	01	04	
00	00	00	02	00	50	00	01	01	00	
00	00	00	04	01	07	01	03	77	ff	
1b	7b	07	00	00	05	00	1d	9e	02	
00	00	00	00	00	21	00	8e	fe	59	
01	01	00	00	00	01	00	03	00	04	
00	4e	01	05	00	02	00	02	00	01	
00	01	00	00	00	00	00	01	00	00	
00	03	00	02	00	ff	ff	06	00	08	
00	03	00	f5	00	36	00	36	00	50	
00	28	00	36	00	02	ff	ff	06	00	
fd	ff	ff	ff	00	00	01	00	f7	00	
51	00	51	00	51	00	36	00	36	00	
02	55	00	01	00	00	00	04	36	36	
3f	00	00	cc	41	0b	7b	bc	74	13	
3e	01	00	00	00	00	00	0f	04	00	
8f	c2	f5	3b	eb	51	b8	bc	b8	1e	
05	3d	03	03	03	03	03	03	