55	45	4c	59	53	59	53	08	1a	c1	
8d	00	c9	00	0f	bd	23	b9	c3	03	
00	f1	05	00	00	21	01	01	01	01	
01	ed	00	01	00	00	00	1d	01	02	
00	00	00	64	00	4f	00	01	01	00	
00	00	00	f7	00	fa	00	03	96	ff	
86	72	07	00	00	04	00	dc	2a	00	
00	0f	01	00	00	22	00	8e	fe	53	
01	01	00	00	00	01	00	03	00	04	
00	02	00	05	00	02	00	02	00	01	
00	01	00	00	00	00	00	00	00	00	
00	03	00	02	00	fe	ff	06	00	08	
00	03	00	14	01	28	00	28	00	43	
00	43	00	1b	00	02	fe	ff	06	00	
fd	ff	ff	ff	00	00	01	00	d8	00	
36	00	36	00	43	00	1b	00	28	00	
02	54	00	01	00	00	00	91	dc	c3	
3e	00	00	bc	41	87	72	87	16	d9	
3d	01	00	00	00	00	00	0f	04	00	
8f	c2	f5	3b	29	5c	0f	bd	29	5c	
0f	3d	03	03	03	03	03	03	