55	45	4c	59	53	59	53	08	1a	c0	
19	00	c9	00	0f	4a	77	62	b3	03	
00	36	00	00	00	11	01	01	01	01	
01	e2	00	01	00	00	00	4b	01	02	
00	00	00	64	00	4f	00	01	01	00	
00	00	00	1f	01	23	01	03	74	ff	
36	7b	07	00	00	04	00	3a	45	01	
00	2c	01	00	00	1c	00	8e	fe	5b	
01	01	00	00	00	01	00	03	00	04	
00	02	00	63	01	02	00	02	00	01	
00	01	00	00	00	00	00	00	01	00	
00	02	00	02	00	ff	ff	06	00	08	
00	03	00	04	01	43	00	43	00	43	
00	36	00	51	00	02	fe	ff	06	00	
fd	ff	ff	ff	00	00	01	00	f7	00	
51	00	36	00	5e	00	44	00	44	00	
02	54	00	01	00	00	00	8b	45	30	
3f	00	00	e4	41	25	7b	bc	74	13	
3e	01	00	00	00	00	00	0f	04	00	
8f	c2	75	3c	b8	1e	05	bd	ad	47	
e1	3c	03	03	03	03	03	03	