55	45	4c	59	53	59	53	08	1a	c1	
24	00	c9	00	0f	e1	66	26	9e	07	
00	c0	07	00	00	21	01	01	01	01	
01	e3	00	00	01	00	00	33	01	02	
00	00	00	64	00	4f	00	01	01	00	
00	00	00	06	01	0a	01	03	ad	ff	
fa	75	07	00	00	04	00	fe	ad	00	
00	0f	01	00	00	8d	00	54	ff	5e	
01	01	00	00	00	01	00	03	00	04	
00	02	00	05	00	02	00	02	00	00	
00	01	00	00	00	00	00	00	00	00	
00	02	00	02	00	fe	ff	06	00	08	
00	03	00	f5	00	43	00	36	00	35	
00	36	00	43	00	02	fe	ff	06	00	
fc	ff	ff	ff	00	00	01	00	f7	00	
51	00	36	00	51	00	28	00	1b	00	
02	54	00	01	00	00	00	96	ef	05	
3f	00	00	cc	41	01	76	7b	14	ae	
3d	01	00	00	00	00	00	0b	00	00	
00	00	00	00	00	00	00	00	00	00	
00	00	00	00	00	00	00	00	