55	45	4c	59	53	59	53	08	1a	c1	
c6	00	c9	00	0f	7b	46	14	9d	01	
00	a7	02	00	00	21	01	01	01	01	
01	e2	00	01	00	00	00	49	01	02	
00	00	00	64	00	4f	00	01	01	00	
00	00	00	1a	01	1d	01	03	6b	ff	
47	7c	07	00	00	04	00	d3	10	02	
00	0f	01	00	00	1f	00	1f	00	52	
01	01	00	00	00	01	00	03	00	04	
00	02	00	59	01	02	00	02	00	01	
01	01	00	00	00	00	00	00	01	00	
00	03	00	02	00	fe	ff	06	00	08	
00	02	00	04	01	51	00	51	00	50	
00	43	00	5f	00	02	fe	ff	06	00	
fc	ff	ff	ff	00	00	01	00	f7	00	
5e	00	44	00	5e	00	51	00	44	00	
02	54	00	01	00	00	00	a1	64	3a	
3f	00	00	dc	41	30	7c	fc	a9	71	
bd	01	00	00	00	00	00	0b	04	00	
cc	cc	4c	3c	b8	1e	05	bd	8f	c2	
f5	3c	03	03	03	03	03	03	