55	45	4c	59	53	59	53	08	1a	c0	
54	00	c9	00	0f	55	00	3f	a4	04	
00	bc	00	00	00	21	01	01	01	01	
01	e2	00	01	00	00	00	4e	01	02	
00	00	00	64	00	4f	00	01	01	00	
00	00	00	22	01	25	01	03	77	ff	
35	7c	07	00	00	04	00	ac	3a	01	
00	0f	01	00	00	1c	00	8f	fe	63	
01	01	00	00	00	01	00	03	00	04	
00	02	00	57	01	02	00	02	00	01	
00	01	00	00	00	00	00	00	01	00	
00	03	00	02	00	fe	ff	06	00	08	
00	03	00	04	01	51	00	51	00	50	
00	43	00	5f	00	02	ff	ff	06	00	
fd	ff	ff	ff	00	00	01	00	07	01	
5e	00	51	00	6c	00	44	00	51	00	
02	54	00	01	00	00	00	fd	27	36	
3f	00	00	e2	41	1f	7c	b2	9d	ef	
bd	01	00	00	00	00	00	0f	04	00	
0a	d7	a3	3b	99	99	19	bd	b8	1e	
05	3d	03	03	03	03	03	03	