55	45	4c	59	53	59	53	08	1a	c3	
da	00	c9	00	0f	b9	9e	18	90	01	
00	c5	05	00	00	21	01	01	01	01	
01	e2	00	01	00	00	00	3d	01	02	
00	00	00	64	00	4f	00	01	01	00	
00	00	00	10	01	13	01	03	95	ff	
63	72	07	00	00	04	00	34	95	01	
00	0f	01	00	00	1b	00	8e	fe	72	
01	01	00	00	00	01	00	03	00	04	
00	02	00	05	00	02	00	02	00	01	
00	01	00	00	00	00	00	00	00	00	
00	02	00	02	00	ff	ff	06	00	08	
00	03	00	f5	00	43	00	36	00	43	
00	28	00	43	00	02	fe	ff	06	00	
fd	ff	ff	ff	00	00	01	00	e8	00	
51	00	36	00	51	00	36	00	36	00	
02	54	00	01	00	00	00	f1	66	c0	
3e	00	00	ce	41	6c	72	f8	53	e3	
3d	01	00	00	00	00	00	0f	04	00	
0a	d7	23	3c	7b	14	2e	bd	8f	c2	
f5	3c	03	03	03	03	03	03	