55	45	4c	59	53	59	53	08	1a	c0	
16	00	c9	00	0f	ea	6a	91	d4	04	
00	34	08	00	00	21	01	01	01	01	
01	ee	00	01	00	00	00	32	01	04	
00	00	00	02	00	50	00	01	01	00	
00	00	00	04	01	06	01	03	9d	ff	
6d	7b	07	00	00	05	00	75	a0	02	
00	00	00	00	00	1d	00	8e	fe	53	
01	01	00	00	00	01	00	03	00	04	
00	02	00	05	00	02	00	02	00	01	
00	01	00	00	00	00	00	00	00	00	
00	02	00	02	00	ff	ff	06	00	08	
00	03	00	f5	00	28	00	28	00	50	
00	28	00	36	00	02	ff	ff	06	00	
fd	ff	ff	ff	00	00	01	00	f7	00	
51	00	5f	00	51	00	36	00	36	00	
02	55	00	01	00	00	00	dc	c3	38	
3f	00	00	cc	41	48	7b	f8	53	e3	
3d	01	00	00	00	00	00	0f	04	00	
cc	cc	4c	3c	8f	c2	f5	bc	29	5c	
0f	3d	03	03	03	03	03	03	