55	45	4c	59	53	59	53	08	1a	c1	
15	00	c9	00	0f	66	88	02	8c	01	
00	9e	01	00	00	21	01	01	01	01	
01	e2	00	01	00	00	00	4b	01	02	
00	00	00	64	00	4f	00	01	01	00	
00	00	00	1d	01	21	01	03	97	ff	
be	73	07	00	00	04	00	91	5c	02	
00	0f	01	00	00	1b	00	8e	fe	59	
01	01	00	00	00	01	00	03	00	04	
00	02	00	05	00	02	00	02	00	01	
00	01	00	00	00	00	00	00	00	00	
00	02	00	02	00	fe	ff	06	00	08	
00	03	00	04	01	43	00	43	00	35	
00	36	00	51	00	02	fe	ff	06	00	
fc	ff	ff	ff	00	00	01	00	e8	00	
51	00	44	00	5e	00	36	00	44	00	
02	54	00	01	00	00	00	d7	45	e1	
3e	00	00	dd	41	ad	73	f8	53	e3	
3d	01	00	00	00	00	00	0b	04	00	
29	5c	8f	3c	8f	c2	f5	bc	b8	1e	
05	3d	03	03	03	03	03	03	