55	45	4c	59	53	59	53	08	1a	c0	
51	00	c9	00	0f	4f	90	14	8c	01	
00	78	00	00	00	21	01	01	01	01	
01	e2	00	01	00	00	00	49	01	02	
00	00	00	64	00	4f	00	01	01	00	
00	00	00	1d	01	22	01	03	78	ff	
b0	7b	07	00	00	04	00	8e	3c	02	
00	0f	01	00	00	1e	00	8e	fe	52	
01	01	00	00	00	01	00	03	00	04	
00	54	01	05	00	02	00	02	00	01	
00	01	00	00	00	00	00	01	00	00	
00	03	00	02	00	ff	ff	06	00	08	
00	03	00	04	01	43	00	43	00	43	
00	36	00	51	00	02	fe	ff	06	00	
fc	ff	ff	ff	00	00	01	00	e8	00	
51	00	44	00	5e	00	44	00	36	00	
02	54	00	01	00	00	00	ed	7c	2c	
3f	00	00	ee	41	90	7b	2b	87	96	
be	01	00	00	00	00	00	0f	04	00	
0a	d7	23	3c	7b	14	2e	bd	b8	1e	
05	3d	03	03	03	03	03	03	