55	45	4c	59	53	59	53	08	1a	c0	
10	00	c9	00	0f	47	f2	04	bc	01	
00	16	00	00	00	21	01	01	01	01	
01	ec	00	00	01	00	00	30	01	02	
00	00	00	64	00	4f	00	01	01	00	
00	00	00	04	01	08	01	03	96	ff	
d7	74	07	00	00	04	00	55	a0	00	
00	0f	01	00	00	1f	00	8e	fe	53	
01	01	00	00	00	01	00	03	00	04	
00	02	00	05	00	02	00	02	00	01	
00	01	00	00	00	00	00	00	00	00	
00	02	00	02	00	ff	ff	06	00	08	
00	03	00	f5	00	36	00	36	00	35	
00	28	00	43	00	02	fe	ff	06	00	
fd	ff	ff	ff	00	00	01	00	e8	00	
51	00	36	00	51	00	36	00	28	00	
02	54	00	01	00	00	00	ec	a2	f5	
3e	00	00	c8	41	db	74	87	16	d9	
3d	01	00	00	00	00	00	0f	04	00	
8f	c2	f5	3b	29	5c	0f	bd	8f	c2	
f5	3c	03	03	03	03	03	03	