55	45	4c	59	53	59	53	08	1a	c0	
07	00	c9	00	0f	e7	2d	c1	bb	10	
00	06	08	00	00	21	01	01	01	01	
01	ec	00	00	01	00	00	2f	01	02	
00	00	00	64	00	4f	00	01	01	00	
00	00	00	04	01	07	01	03	ad	ff	
81	75	07	00	00	04	00	c4	a6	00	
00	0f	01	00	00	90	00	5b	ff	5d	
01	01	00	00	00	01	00	03	00	04	
00	02	00	05	00	02	00	02	00	00	
00	01	00	00	00	00	00	00	00	00	
00	02	00	02	00	ff	ff	06	00	08	
00	03	00	f5	00	36	00	36	00	35	
00	28	00	43	00	02	ff	ff	06	00	
fc	ff	ff	ff	00	00	01	00	e8	00	
51	00	36	00	51	00	36	00	36	00	
02	54	00	01	00	00	00	ca	0b	01	
3f	00	00	cc	41	85	75	7b	14	ae	
3d	01	00	00	00	00	00	0f	00	00	
00	00	00	00	00	00	00	00	00	00	
00	00	00	00	00	00	00	00	