55	45	4c	59	53	59	53	08	1a	c0	
45	00	c9	00	0f	c7	44	26	d1	07	
00	72	06	00	00	21	01	01	01	01	
01	e3	00	00	01	00	00	45	01	02	
00	00	00	64	00	4f	00	01	01	00	
00	00	00	13	01	17	01	03	54	ff	
06	7a	07	00	00	04	00	24	c8	00	
00	0f	01	00	00	22	00	1f	00	74	
01	01	00	b2	00	01	00	03	00	04	
00	02	00	59	01	02	00	02	00	01	
01	01	00	01	00	00	00	00	01	00	
00	03	00	02	00	ff	ff	06	00	08	
00	03	00	f5	00	43	00	43	00	35	
00	36	00	51	00	02	fe	ff	06	00	
fd	ff	ff	ff	00	00	01	00	e8	00	
51	00	36	00	5e	00	36	00	36	00	
02	54	00	01	00	00	00	df	80	25	
3f	00	00	de	41	f7	79	58	39	34	
3e	01	00	00	00	00	00	0b	04	00	
0a	d7	23	3c	8f	c2	f5	bc	cc	cc	
cc	3c	03	03	03	03	03	03	