55	45	4c	59	53	59	53	08	1a	c0	
d8	00	c9	00	0f	5f	62	02	b6	01	
00	42	01	00	00	21	01	01	01	01	
01	e2	00	01	00	00	00	56	01	02	
00	00	00	64	00	4f	00	01	01	00	
00	00	00	22	01	25	01	03	97	ff	
4c	74	07	00	00	04	00	b8	63	02	
00	0f	01	00	00	1c	00	8f	fe	59	
01	01	00	00	00	01	00	03	00	04	
00	02	00	05	00	02	00	02	00	01	
00	01	00	00	00	00	00	00	00	00	
00	02	00	02	00	ff	ff	06	00	08	
00	03	00	04	01	43	00	43	00	43	
00	36	00	51	00	02	fe	ff	06	00	
fd	ff	ff	ff	00	00	01	00	f7	00	
51	00	44	00	5e	00	36	00	44	00	
02	54	00	01	00	00	00	f2	1d	ee	
3e	00	00	de	41	3b	74	87	16	d9	
3d	01	00	00	00	00	00	0b	04	00	
cc	cc	4c	3c	b8	1e	05	bd	b8	1e	
05	3d	03	03	03	03	03	03	