55	45	4c	59	53	59	53	08	1a	c0	
78	00	c9	00	0f	54	22	04	7b	01	
00	b2	00	00	00	21	01	01	01	01	
01	e2	00	01	00	00	00	63	01	02	
00	00	00	64	00	4f	00	01	01	00	
00	00	00	24	01	29	01	03	2c	ff	
95	75	07	00	00	04	00	f9	6e	02	
00	2c	01	00	00	1d	00	1d	00	6d	
01	01	00	00	00	01	00	03	00	04	
00	02	00	05	00	4b	01	02	00	01	
01	01	00	00	00	00	00	00	00	01	
00	03	00	02	00	fe	ff	06	00	08	
00	03	00	04	01	43	00	43	00	43	
00	36	00	43	00	02	fe	ff	06	00	
fd	ff	ff	ff	00	00	01	00	f7	00	
5e	00	44	00	5e	00	36	00	44	00	
02	54	00	01	00	00	00	73	94	06	
3f	00	00	de	41	8d	75	f4	fd	54	
3e	01	00	00	00	00	00	0b	04	00	
8f	c2	75	3c	29	5c	0f	bd	29	5c	
0f	3d	03	03	03	03	03	03	