55	45	4c	59	53	59	53	08	1a	c0	
7f	00	c9	00	0f	54	f4	02	8d	01	
00	bd	00	00	00	21	01	01	01	01	
01	e2	00	01	00	00	00	61	01	02	
00	00	00	64	00	4f	00	01	01	00	
00	00	00	27	01	29	01	03	61	ff	
89	75	07	00	00	04	00	27	6e	02	
00	0f	01	00	00	1a	00	1c	00	5a	
01	01	00	00	00	01	00	03	00	04	
00	02	00	05	00	ca	00	02	00	01	
01	01	00	00	00	00	00	00	00	01	
00	03	00	02	00	ff	ff	06	00	08	
00	03	00	04	01	43	00	43	00	43	
00	36	00	51	00	02	fe	ff	06	00	
fc	ff	ff	ff	00	00	01	00	e8	00	
5e	00	44	00	5e	00	36	00	36	00	
02	54	00	01	00	00	00	33	6e	05	
3f	00	00	de	41	96	75	0a	d7	23	
3e	01	00	00	00	00	00	0b	04	00	
0a	d7	23	3c	99	99	19	bd	8f	c2	
f5	3c	03	03	03	03	03	03	