55	45	4c	59	53	59	53	08	1a	c2	
75	00	c9	00	0f	8f	c8	16	8d	01	
00	ae	03	00	00	21	01	01	01	01	
01	e2	00	01	00	00	00	3d	01	02	
00	00	00	64	00	4f	00	01	01	00	
00	00	00	0e	01	12	01	03	97	ff	
a1	75	07	00	00	04	00	0f	bf	01	
00	0f	01	00	00	1b	00	8f	fe	5a	
01	01	00	00	00	01	00	03	00	04	
00	02	00	05	00	02	00	02	00	01	
00	01	00	00	00	00	00	00	00	00	
00	02	00	02	00	ff	ff	06	00	08	
00	03	00	f5	00	43	00	43	00	35	
00	28	00	51	00	02	ff	ff	06	00	
fd	ff	ff	ff	00	00	01	00	e8	00	
51	00	36	00	51	00	36	00	36	00	
02	54	00	01	00	00	00	05	ac	04	
3f	00	00	ce	41	a8	75	87	16	d9	
3d	01	00	00	00	00	00	0f	04	00	
cc	cc	4c	3c	29	5c	0f	bd	8f	c2	
f5	3c	03	03	03	03	03	03	