55	45	4c	59	53	59	53	08	1a	c0	
fc	00	c9	00	0f	68	b0	3f	98	04	
00	b8	01	00	00	21	01	01	01	01	
01	e2	00	01	00	00	00	5a	01	02	
00	00	00	64	00	4f	00	01	01	00	
00	00	00	27	01	2a	01	03	bc	fe	
51	7b	07	00	00	04	00	fa	26	01	
00	0f	01	00	00	1d	00	d3	01	60	
01	01	00	00	00	01	00	03	00	04	
00	02	00	56	01	02	00	02	00	01	
01	01	00	00	00	00	00	00	01	00	
00	03	00	02	00	ff	ff	06	00	08	
00	03	00	f5	00	36	00	43	00	43	
00	36	00	51	00	02	ff	ff	06	00	
fd	ff	ff	ff	00	00	01	00	f7	00	
5e	00	44	00	5e	00	44	00	36	00	
02	54	00	01	00	00	00	08	0c	31	
3f	00	00	e2	41	37	7b	31	08	ac	
bc	01	00	00	00	00	00	0b	04	00	
cc	cc	4c	3c	8f	c2	f5	bc	0a	d7	
23	3d	03	03	03	03	03	03	