55	45	4c	59	53	59	53	08	1a	c0	
10	00	c9	00	0f	4d	b2	d5	f2	02	
00	5f	00	00	00	21	01	01	01	01	
01	ec	00	00	01	00	00	2d	01	02	
00	00	00	64	00	4f	00	01	01	00	
00	00	00	04	01	08	01	03	59	ff	
07	74	07	00	00	04	00	81	9a	00	
00	0f	01	00	00	20	00	8f	fe	54	
01	01	00	b1	00	01	00	03	00	04	
00	02	00	5f	01	02	00	02	00	01	
00	01	00	01	00	00	00	00	01	00	
00	02	00	02	00	ff	ff	06	00	08	
00	03	00	f5	00	36	00	36	00	35	
00	28	00	43	00	02	ff	ff	06	00	
fd	ff	ff	ff	00	00	01	00	e8	00	
51	00	36	00	51	00	36	00	36	00	
02	54	00	01	00	00	00	6c	d1	e7	
3e	00	00	c8	41	0f	74	a0	1a	2f	
3e	01	00	00	00	00	00	0f	04	00	
0a	d7	a3	3b	29	5c	0f	bd	8f	c2	
f5	3c	03	03	03	03	03	03	