55	45	4c	59	53	59	53	08	1a	c0	
16	00	c9	00	0f	c1	c2	26	ac	07	
00	2b	06	00	00	21	01	01	01	01	
01	e3	00	00	01	00	00	4f	01	02	
00	00	00	64	00	4f	00	01	01	00	
00	00	00	1d	01	22	01	03	54	ff	
bb	7a	07	00	00	04	00	a6	cd	00	
00	0f	01	00	00	20	00	20	00	58	
01	01	00	b1	00	01	00	03	00	04	
00	02	00	59	01	02	00	02	00	01	
01	01	00	01	00	00	00	00	01	00	
00	02	00	02	00	ff	ff	06	00	08	
00	03	00	04	01	43	00	43	00	43	
00	36	00	51	00	02	fe	ff	06	00	
fd	ff	ff	ff	00	00	01	00	e8	00	
51	00	44	00	5e	00	44	00	44	00	
02	54	00	01	00	00	00	08	7c	2b	
3f	00	00	e8	41	a9	7a	10	58	39	
3e	01	00	00	00	00	00	0b	04	00	
8f	c2	75	3c	99	99	19	bd	eb	51	
b8	3c	03	03	03	03	03	03	