55	45	4c	59	53	59	53	08	1a	c3	
6f	00	c9	00	0f	b2	2a	41	96	04	
00	65	05	00	00	21	01	01	01	01	
01	e2	00	01	00	00	00	53	01	02	
00	00	00	64	00	4f	00	01	01	00	
00	00	00	1f	01	23	01	03	8a	ff	
47	74	07	00	00	04	00	77	dd	00	
00	0f	01	00	00	1f	00	8e	fe	58	
01	01	00	00	00	01	00	03	00	04	
00	02	00	05	00	02	00	02	00	01	
00	01	00	00	00	00	00	00	00	00	
00	03	00	02	00	ff	ff	06	00	08	
00	03	00	04	01	43	00	43	00	43	
00	36	00	51	00	02	ff	ff	06	00	
fd	ff	ff	ff	00	00	01	00	e8	00	
5e	00	36	00	5e	00	36	00	36	00	
02	54	00	01	00	00	00	72	31	ea	
3e	00	00	de	41	32	74	23	db	f9	
3d	01	00	00	00	00	00	0e	04	00	
0a	d7	23	3c	99	99	19	bd	8f	c2	
f5	3c	03	03	03	03	03	03	