55	45	4c	59	53	59	53	08	1a	c3	
eb	00	c9	00	0f	bb	9c	18	9d	01	
00	df	05	00	00	21	01	01	01	01	
01	e2	00	01	00	00	00	3e	01	02	
00	00	00	64	00	4f	00	01	01	00	
00	00	00	10	01	13	01	03	95	ff	
42	72	07	00	00	04	00	35	93	01	
00	0f	01	00	00	1d	00	8e	fe	62	
01	01	00	00	00	01	00	03	00	04	
00	02	00	05	00	02	00	02	00	01	
00	01	00	00	00	00	00	00	00	00	
00	03	00	02	00	ff	ff	06	00	08	
00	03	00	f5	00	36	00	43	00	35	
00	28	00	43	00	02	fe	ff	06	00	
fd	ff	ff	ff	00	00	01	00	e8	00	
51	00	36	00	51	00	36	00	36	00	
02	54	00	01	00	00	00	a0	28	bd	
3e	00	00	ce	41	49	72	f8	53	e3	
3d	01	00	00	00	00	00	0f	04	00	
0a	d7	a3	3b	8f	c2	f5	bc	29	5c	
0f	3d	03	03	03	03	03	03	