55	45	4c	59	53	59	53	08	1a	c1	
78	00	c9	00	0f	77	e2	d5	d3	02	
00	7b	02	00	00	21	01	01	01	01	
01	ec	00	00	01	00	00	24	01	02	
00	00	00	64	00	4f	00	01	01	00	
00	00	00	fc	00	00	01	03	74	ff	
65	78	07	00	00	04	00	4c	70	00	
00	0f	01	00	00	21	00	8e	fe	52	
01	01	00	00	00	01	00	03	00	04	
00	02	00	60	01	02	00	02	00	01	
00	01	00	00	00	00	00	00	01	00	
00	03	00	02	00	ff	ff	06	00	08	
00	03	00	f5	00	36	00	36	00	35	
00	28	00	43	00	02	fe	ff	06	00	
fd	ff	ff	ff	00	00	01	00	e8	00	
51	00	36	00	51	00	36	00	36	00	
02	54	00	01	00	00	00	60	b1	1b	
3f	00	00	c2	41	68	78	bc	74	13	
3e	01	00	00	00	00	00	0f	04	00	
0a	d7	23	3b	8f	c2	f5	bc	b8	1e	
05	3d	03	03	03	03	03	03	