55	45	4c	59	53	59	53	08	1a	c0	
bd	00	c9	00	0f	5c	38	16	8d	01	
00	1a	01	00	00	21	01	01	01	01	
01	e2	00	01	00	00	00	4a	01	02	
00	00	00	64	00	4f	00	01	01	00	
00	00	00	1d	01	20	01	03	9d	ff	
64	7c	07	00	00	04	00	e5	2f	02	
00	0f	01	00	00	1c	00	8e	fe	53	
01	01	00	00	00	01	00	03	00	04	
00	02	00	05	00	02	00	02	00	01	
00	01	00	00	00	00	00	00	00	00	
00	03	00	02	00	ff	ff	06	00	08	
00	03	00	04	01	51	00	51	00	50	
00	43	00	5f	00	02	ff	ff	06	00	
fd	ff	ff	ff	00	00	01	00	f7	00	
5e	00	51	00	5e	00	44	00	44	00	
02	54	00	01	00	00	00	fa	ec	38	
3f	00	00	e2	41	4b	7c	df	4f	8d	
bd	01	00	00	00	00	00	0f	04	00	
8f	c2	f5	3b	b8	1e	05	bd	ad	47	
e1	3c	03	03	03	03	03	03	