55	45	4c	59	53	59	53	08	1a	c3	
4c	00	c9	00	0f	ae	10	41	98	04	
00	30	05	00	00	21	01	01	01	01	
01	e2	00	01	00	00	00	4d	01	02	
00	00	00	64	00	4f	00	01	01	00	
00	00	00	1f	01	24	01	03	8a	ff	
ab	74	07	00	00	04	00	91	e1	00	
00	0f	01	00	00	1f	00	22	00	5a	
01	01	00	00	00	01	00	03	00	04	
00	02	00	05	00	02	00	02	00	01	
01	01	00	00	00	00	00	00	00	00	
00	03	00	02	00	ff	ff	06	00	08	
00	03	00	04	01	43	00	43	00	43	
00	36	00	51	00	02	ff	ff	06	00	
fd	ff	ff	ff	00	00	01	00	f7	00	
5e	00	36	00	5e	00	36	00	36	00	
02	54	00	01	00	00	00	ff	2d	f2	
3e	00	00	de	41	9d	74	23	db	f9	
3d	01	00	00	00	00	00	0b	04	00	
8f	c2	f5	3b	29	5c	0f	bd	8f	c2	
f5	3c	03	03	03	03	03	03	