55	45	4c	59	53	59	53	08	1a	c0	
16	00	c9	00	0f	48	a6	14	7d	01	
00	1f	00	00	00	21	01	01	01	01	
01	e2	00	01	00	00	00	4a	01	02	
00	00	00	64	00	4f	00	01	01	00	
00	00	00	1f	01	22	01	03	76	ff	
1a	7a	07	00	00	04	00	79	43	02	
00	0f	01	00	00	1c	00	8f	fe	51	
01	01	00	00	00	01	00	03	00	04	
00	44	01	05	00	02	00	02	00	01	
00	01	00	00	00	00	00	01	00	00	
00	03	00	02	00	ff	ff	06	00	08	
00	03	00	04	01	43	00	43	00	43	
00	36	00	43	00	02	fe	ff	06	00	
fc	ff	ff	ff	00	00	01	00	e8	00	
51	00	36	00	5e	00	36	00	44	00	
02	54	00	01	00	00	00	ae	38	13	
3f	00	00	f6	41	ee	79	37	89	61	
bf	01	00	00	00	00	00	0f	04	00	
cc	cc	4c	3c	8f	c2	f5	bc	8f	c2	
f5	3c	03	03	03	03	03	03	