55	45	4c	59	53	59	53	08	1a	c0	
ee	00	c9	00	0f	61	f6	02	b6	01	
00	63	01	00	00	21	01	01	01	01	
01	e2	00	01	00	00	00	50	01	02	
00	00	00	64	00	4f	00	01	01	00	
00	00	00	1f	01	23	01	03	96	ff	
18	74	07	00	00	04	00	24	61	02	
00	0f	01	00	00	1e	00	8e	fe	5a	
01	01	00	00	00	01	00	03	00	04	
00	02	00	05	00	02	00	02	00	01	
00	01	00	00	00	00	00	00	00	00	
00	02	00	02	00	ff	ff	06	00	08	
00	03	00	f5	00	43	00	43	00	43	
00	28	00	51	00	02	fe	ff	06	00	
fc	ff	ff	ff	00	00	01	00	f7	00	
51	00	36	00	5e	00	44	00	36	00	
02	54	00	01	00	00	00	26	81	e9	
3e	00	00	dd	41	06	74	87	16	d9	
3d	01	00	00	00	00	00	0b	04	00	
0a	d7	23	3c	29	5c	0f	bd	99	99	
19	3d	03	03	03	03	03	03	