55	45	4c	59	53	59	53	08	1a	c0	
0c	00	c9	00	0f	47	7a	00	7c	01	
00	10	00	00	00	21	01	01	01	01	
01	e2	00	01	00	00	00	51	01	02	
00	00	00	64	00	4f	00	01	01	00	
00	00	00	1d	01	20	01	03	43	ff	
48	7c	07	00	00	04	00	00	0b	02	
00	2c	01	00	00	1c	00	1e	00	52	
01	01	00	00	00	01	00	03	00	04	
00	02	00	56	01	cc	00	02	00	01	
01	01	00	00	00	00	00	00	01	01	
00	03	00	02	00	ff	ff	06	00	08	
00	03	00	04	01	51	00	51	00	50	
00	36	00	5f	00	02	fe	ff	06	00	
fd	ff	ff	ff	00	00	01	00	f7	00	
5e	00	44	00	5e	00	51	00	44	00	
02	54	00	01	00	00	00	2f	b4	3b	
3f	00	00	dc	41	4d	7c	6f	12	83	
bc	01	00	00	00	00	00	0b	04	00	
cc	cc	4c	3c	b8	1e	05	bd	cc	cc	
cc	3c	03	03	03	03	03	03	