55	45	4c	59	53	59	53	08	1a	c0	
91	00	c9	00	0f	5c	26	3f	97	04	
00	18	01	00	00	21	01	01	01	01	
01	e2	00	01	00	00	00	4d	01	02	
00	00	00	64	00	4f	00	01	01	00	
00	00	00	22	01	24	01	03	76	ff	
41	7b	07	00	00	04	00	85	33	01	
00	0f	01	00	00	1c	00	8e	fe	58	
01	01	00	00	00	01	00	03	00	04	
00	02	00	55	01	02	00	02	00	01	
00	01	00	00	00	00	00	00	01	00	
00	03	00	02	00	ff	ff	06	00	08	
00	03	00	04	01	43	00	43	00	43	
00	36	00	51	00	02	fe	ff	06	00	
fd	ff	ff	ff	00	00	01	00	e8	00	
5e	00	44	00	5e	00	44	00	44	00	
02	54	00	01	00	00	00	9a	20	33	
3f	00	00	de	41	2e	7b	bc	74	13	
3e	01	00	00	00	00	00	0f	04	00	
cc	cc	4c	3c	7b	14	2e	bd	29	5c	
0f	3d	03	03	03	03	03	03	