55	45	4c	59	53	59	53	08	1a	c0	
59	00	c9	00	d2	a0	0a	7a	50	01	
00	84	00	00	00	21	01	01	01	01	
01	e2	00	01	00	00	00	58	01	02	
00	00	00	64	00	4f	00	01	01	00	
00	00	00	22	01	24	01	03	6f	ff	
88	72	07	00	00	04	00	21	52	02	
00	0f	01	00	00	1d	00	8e	fe	58	
01	01	00	00	00	01	00	03	00	04	
00	5c	01	05	00	02	00	02	00	01	
00	01	00	00	00	00	00	01	00	00	
00	03	00	02	00	ff	ff	06	00	08	
00	03	00	04	01	43	00	43	00	43	
00	36	00	51	00	02	fe	ff	06	00	
fc	ff	ff	ff	00	00	01	00	f7	00	
51	00	36	00	36	00	51	00	36	00	
02	54	00	01	00	00	00	34	3c	c6	
3e	00	00	dd	41	90	72	2d	b2	1d	
3e	01	00	00	00	00	00	0b	04	00	
cc	cc	4c	3c	7b	14	2e	bd	29	5c	
0f	3d	03	03	03	03	03	03	