08	1a	c0	3a	00	c9	00	0f	4c	de	
0c	8f	55	45	4c	59	53	59	53	01	
00	55	00	00	00	21	01	01	01	01	
01	e2	00	01	00	00	00	49	01	02	
00	00	00	64	00	4f	00	01	01	00	
00	00	00	1d	01	20	01	03	9d	ff	
c9	79	07	00	00	04	00	d4	8a	02	
00	0f	01	00	00	1c	00	8f	fe	53	
01	01	00	00	00	01	00	03	00	04	
00	02	00	05	00	02	00	02	00	01	
00	01	00	00	00	00	00	00	00	00	
00	03	00	02	00	fe	ff	06	00	07	
00	03	00	04	01	43	00	43	00	43	
00	28	00	51	00	02	fe	ff	06	00	
fd	ff	ff	ff	00	00	01	00	e8	00	
51	00	36	00	5e	00	44	00	36	00	
02	54	00	01	00	00	00	75	c7	28	
3f	00	00	dc	41	b9	79	17	d9	ce	
3d	01	00	00	00	00	00	0f	04	00	
8f	c2	f5	3b	b8	1e	05	bd	ad	47	
e1	3c	03	03	03	03	03	03	