55	45	4c	59	53	59	53	08	1a	c5	
cb	00	c9	00	0f	f3	dc	18	98	01	
00	af	08	00	00	21	01	01	01	01	
01	e2	00	01	00	00	00	42	01	02	
00	00	00	64	00	4f	00	01	01	00	
00	00	00	18	01	1c	01	03	99	ff	
76	77	07	00	00	04	00	ee	5a	01	
00	0f	01	00	00	20	00	8e	fe	59	
01	01	00	00	00	01	00	03	00	04	
00	02	00	05	00	02	00	02	00	01	
00	01	00	00	00	00	00	00	00	00	
00	02	00	02	00	fe	ff	06	00	08	
00	03	00	f5	00	43	00	43	00	35	
00	28	00	43	00	02	ff	ff	06	00	
fd	ff	ff	ff	00	00	01	00	e8	00	
51	00	44	00	5e	00	36	00	36	00	
02	54	00	01	00	00	00	d6	db	d9	
3e	00	00	f0	41	26	77	21	b0	f2	
bf	01	00	00	00	00	00	0f	04	00	
0a	d7	23	3c	7b	14	2e	bd	ad	47	
e1	3c	03	03	03	03	03	03	