55	45	4c	59	53	59	53	08	1a	c2	
76	00	c9	00	0f	94	fc	3f	a6	04	
00	ef	03	00	00	21	01	01	01	01	
01	e2	00	01	00	00	00	5f	01	02	
00	00	00	64	00	4f	00	01	01	00	
00	00	00	31	01	35	01	03	9a	ff	
0f	77	07	00	00	04	00	a8	fa	00	
00	2c	01	00	00	1e	00	8f	fe	59	
01	01	00	00	00	01	00	03	00	04	
00	02	00	05	00	02	00	02	00	01	
00	01	00	00	00	00	00	00	00	00	
00	03	00	02	00	ff	ff	06	00	08	
00	03	00	04	01	43	00	43	00	43	
00	36	00	51	00	02	ff	ff	06	00	
fd	ff	ff	ff	00	00	01	00	f7	00	
5e	00	44	00	5e	00	36	00	44	00	
02	54	00	01	00	00	00	3d	9f	10	
3f	00	00	f4	41	03	77	f8	53	e3	
3d	01	00	00	00	00	00	0f	04	00	
8f	c2	f5	3b	29	5c	0f	bd	8f	c2	
f5	3c	03	03	03	03	03	03	