55	45	4c	59	53	59	53	08	1a	c0	
59	00	c9	00	0f	50	80	02	8d	01	
00	84	00	00	00	21	01	01	01	01	
01	e2	00	01	00	00	00	67	01	02	
00	00	00	64	00	4f	00	01	01	00	
00	00	00	24	01	27	01	03	5f	ff	
ff	75	07	00	00	04	00	9c	72	02	
00	2c	01	00	00	1e	00	1e	00	5a	
01	01	00	00	00	01	00	03	00	04	
00	02	00	05	00	cb	00	02	00	01	
01	01	00	00	00	00	00	00	00	01	
00	03	00	02	00	fe	ff	06	00	08	
00	03	00	04	01	43	00	43	00	43	
00	36	00	51	00	02	fe	ff	06	00	
fc	ff	ff	ff	00	00	01	00	f7	00	
5e	00	44	00	5e	00	36	00	44	00	
02	54	00	01	00	00	00	26	28	0b	
3f	00	00	dd	41	0a	76	c3	f5	28	
3e	01	00	00	00	00	00	0b	04	00	
8f	c2	75	3c	b8	1e	05	bd	29	5c	
0f	3d	03	03	03	03	03	03	