55	45	4c	59	53	59	53	08	1a	c4	
9f	00	c9	00	0f	d0	b4	16	9a	01	
00	ed	06	00	00	21	01	01	01	01	
01	e2	00	01	00	00	00	3e	01	02	
00	00	00	64	00	4f	00	01	01	00	
00	00	00	10	01	14	01	03	95	ff	
bc	70	07	00	00	04	00	1b	7e	01	
00	0f	01	00	00	1f	00	8e	fe	5b	
01	01	00	00	00	01	00	03	00	04	
00	02	00	05	00	02	00	02	00	01	
00	01	00	00	00	00	00	00	00	00	
00	03	00	02	00	ff	ff	06	00	08	
00	03	00	f5	00	36	00	43	00	35	
00	36	00	43	00	02	fe	ff	06	00	
fd	ff	ff	ff	00	00	01	00	e8	00	
51	00	36	00	5e	00	36	00	36	00	
02	54	00	01	00	00	00	fc	d9	9a	
3e	00	00	d4	41	a7	70	f8	53	e3	
3d	01	00	00	00	00	00	0f	04	00	
cc	cc	4c	3c	8f	c2	f5	bc	ad	47	
e1	3c	03	03	03	03	03	03	