55	45	4c	59	53	59	53	08	1a	c0	
dd	00	c9	00	0f	d9	14	26	93	07	
00	56	07	00	00	21	01	01	01	01	
01	e3	00	00	01	00	00	3b	01	02	
00	00	00	64	00	4f	00	01	01	00	
00	00	00	0b	01	0e	01	03	50	ff	
c6	76	07	00	00	04	00	51	b6	00	
00	0f	01	00	00	20	00	24	00	57	
01	01	00	b1	00	01	00	03	00	04	
00	02	00	5a	01	02	00	02	00	01	
01	01	00	01	00	00	00	00	01	00	
00	02	00	02	00	ff	ff	06	00	08	
00	03	00	f5	00	43	00	36	00	35	
00	28	00	43	00	02	fe	ff	06	00	
fd	ff	ff	ff	00	00	01	00	e8	00	
51	00	36	00	51	00	36	00	36	00	
02	54	00	01	00	00	00	09	6d	0f	
3f	00	00	ce	41	ce	76	58	39	34	
3e	01	00	00	00	00	00	0b	04	00	
0a	d7	a3	3b	8f	c2	f5	bc	b8	1e	
05	3d	03	03	03	03	03	03	