55	45	4c	59	53	59	53	08	1a	c0	
1e	00	c9	00	0f	49	96	0e	86	01	
00	2b	00	00	00	21	01	01	01	01	
01	e2	00	01	00	00	00	52	01	02	
00	00	00	64	00	4f	00	01	01	00	
00	00	00	1d	01	20	01	03	63	ff	
5f	73	07	00	00	04	00	0c	59	02	
00	0f	01	00	00	1e	00	1c	00	5f	
01	01	00	00	00	01	00	03	00	04	
00	4a	01	05	00	02	00	02	00	01	
01	01	00	00	00	00	00	01	00	00	
00	03	00	02	00	ff	ff	06	00	08	
00	03	00	04	01	43	00	43	00	35	
00	28	00	51	00	02	fe	ff	06	00	
fd	ff	ff	ff	00	00	01	00	f7	00	
51	00	36	00	51	00	36	00	36	00	
02	54	00	01	00	00	00	f6	96	da	
3e	00	00	dc	41	4b	73	c3	f5	28	
3e	01	00	00	00	00	00	0b	04	00	
0a	d7	23	3c	8f	c2	f5	bc	29	5c	
0f	3d	03	03	03	03	03	03	