55	45	4c	59	53	59	53	08	1a	c2	
3c	00	c9	00	0f	8e	30	3f	97	04	
00	98	03	00	00	21	01	01	01	01	
01	e2	00	01	00	00	00	68	01	02	
00	00	00	64	00	4f	00	01	01	00	
00	00	00	47	01	49	01	03	74	ff	
24	78	07	00	00	04	00	75	01	01	
00	0f	01	00	00	1b	00	8f	fe	58	
01	01	00	00	00	01	00	03	00	04	
00	02	00	50	01	02	00	02	00	01	
00	01	00	00	00	00	00	00	01	00	
00	02	00	02	00	ff	ff	06	00	08	
00	03	00	04	01	51	00	51	00	50	
00	43	00	5f	00	02	ff	ff	06	00	
fc	ff	ff	ff	00	00	01	00	f7	00	
6c	00	44	00	6c	00	44	00	44	00	
02	54	00	01	00	00	00	53	36	16	
3f	00	00	fb	41	16	78	df	4f	0d	
3e	01	00	00	00	00	00	0f	04	00	
0a	d7	23	3c	29	5c	0f	bd	8f	c2	
f5	3c	03	03	03	03	03	03	