55	45	4c	59	53	59	53	08	1a	c0	
0c	00	c9	00	0f	90	05	b9	e9	03	
00	af	03	00	00	21	01	01	01	01	
01	ed	00	01	00	00	00	1d	01	02	
00	00	00	64	00	4f	00	01	01	00	
00	00	00	f7	00	fa	00	03	99	ff	
f6	75	07	00	00	04	00	ff	57	00	
00	0f	01	00	00	1e	00	8e	fe	6a	
01	01	00	00	00	01	00	03	00	04	
00	02	00	05	00	02	00	02	00	01	
00	01	00	00	00	00	00	00	00	00	
00	03	00	02	00	fe	ff	06	00	08	
00	03	00	14	01	1b	00	28	00	43	
00	43	00	28	00	02	fe	ff	06	00	
fc	ff	ff	ff	00	00	01	00	e8	00	
36	00	36	00	43	00	28	00	36	00	
02	54	00	01	00	00	00	e6	1b	07	
3f	00	00	c0	41	f8	75	87	16	d9	
3d	01	00	00	00	00	00	0f	04	00	
8f	c2	f5	3b	8f	c2	f5	bc	8f	c2	
f5	3c	03	03	03	03	03	03	