55	45	4c	59	53	59	53	08	1a	c1	
e8	00	c9	00	0f	7f	42	18	8b	01	
00	da	02	00	00	21	01	01	01	01	
01	e2	00	01	00	00	00	3d	01	02	
00	00	00	64	00	4f	00	01	01	00	
00	00	00	10	01	13	01	03	99	ff	
0a	77	07	00	00	04	00	97	cf	01	
00	0f	01	00	00	1f	00	8e	fe	59	
01	01	00	00	00	01	00	03	00	04	
00	02	00	05	00	02	00	02	00	01	
00	01	00	00	00	00	00	00	00	00	
00	03	00	02	00	ff	ff	06	00	08	
00	03	00	04	01	36	00	43	00	35	
00	28	00	43	00	02	fe	ff	06	00	
fc	ff	ff	ff	00	00	01	00	e8	00	
51	00	36	00	51	00	36	00	36	00	
02	54	00	01	00	00	00	c6	6d	13	
3f	00	00	d4	41	0c	77	87	16	d9	
3d	01	00	00	00	00	00	0f	04	00	
0a	d7	23	3c	8f	c2	f5	bc	8f	c2	
f5	3c	03	03	03	03	03	03	