55	45	4c	59	53	59	53	08	1a	c0	
c7	00	c9	00	0f	5d	64	04	7b	01	
00	29	01	00	00	21	01	01	01	01	
01	e2	00	01	00	00	00	5c	01	02	
00	00	00	64	00	4f	00	01	01	00	
00	00	00	24	01	27	01	03	97	ff	
74	74	07	00	00	04	00	b6	65	02	
00	0f	01	00	00	1c	00	8e	fe	5b	
01	01	00	00	00	01	00	03	00	04	
00	02	00	05	00	02	00	02	00	01	
00	01	00	00	00	00	00	00	00	00	
00	02	00	02	00	ff	ff	06	00	08	
00	03	00	04	01	43	00	43	00	43	
00	36	00	51	00	02	fe	ff	06	00	
fd	ff	ff	ff	00	00	01	00	f7	00	
51	00	36	00	5e	00	44	00	36	00	
02	54	00	01	00	00	00	63	bb	f1	
3e	00	00	de	41	5e	74	87	16	d9	
3d	01	00	00	00	00	00	0b	04	00	
0a	d7	23	3c	29	5c	0f	bd	b8	1e	
05	3d	03	03	03	03	03	03	