55	45	4c	59	53	59	53	08	1a	c0	
74	00	c9	00	0f	53	aa	18	8c	01	
00	ac	00	00	00	21	01	01	01	01	
01	e2	00	01	00	00	00	4c	01	02	
00	00	00	64	00	4f	00	01	01	00	
00	00	00	1a	01	1d	01	03	9d	ff	
33	7b	07	00	00	04	00	34	fb	01	
00	0f	01	00	00	1f	00	8f	fe	5a	
01	01	00	00	00	01	00	03	00	04	
00	02	00	05	00	02	00	02	00	01	
00	01	00	00	00	00	00	00	00	00	
00	03	00	02	00	fe	ff	06	00	08	
00	03	00	04	01	43	00	43	00	43	
00	36	00	43	00	02	fe	ff	06	00	
fd	ff	ff	ff	00	00	01	00	f7	00	
51	00	36	00	5e	00	36	00	44	00	
02	54	00	01	00	00	00	82	8b	35	
3f	00	00	dc	41	25	7b	87	16	d9	
3d	01	00	00	00	00	00	0f	04	00	
8f	c2	75	3c	99	99	19	bd	29	5c	
0f	3d	03	03	03	03	03	03	