55	45	4c	59	53	59	53	08	1a	c2	
8f	00	c9	00	0f	db	5f	b9	c3	03	
00	74	07	00	00	21	01	01	01	01	
01	ed	00	01	00	00	00	23	01	02	
00	00	00	64	00	4f	00	01	01	00	
00	00	00	01	01	05	01	03	9c	ff	
6d	7a	07	00	00	04	00	9c	0c	00	
00	2c	01	00	00	20	00	8e	fe	52	
01	01	00	00	00	01	00	03	00	04	
00	02	00	05	00	02	00	02	00	01	
00	01	00	00	00	00	00	00	00	00	
00	03	00	02	00	ff	ff	06	00	08	
00	03	00	14	01	28	00	28	00	43	
00	43	00	1b	00	02	ff	ff	06	00	
fd	ff	ff	ff	00	00	01	00	e8	00	
36	00	36	00	43	00	28	00	36	00	
02	54	00	01	00	00	00	fa	f9	16	
3f	00	00	de	41	3e	7a	75	93	38	
bf	01	00	00	00	00	00	0f	04	00	
0a	d7	23	3c	cc	cc	cc	bc	8f	c2	
f5	3c	03	03	03	03	03	03	