55	45	4c	59	53	59	53	08	1a	c5	
aa	00	c9	00	0f	ef	fe	18	92	01	
00	7d	08	00	00	21	01	01	01	01	
01	e2	00	01	00	00	00	40	01	02	
00	00	00	64	00	4f	00	01	01	00	
00	00	00	13	01	18	01	03	95	ff	
45	72	07	00	00	04	00	cd	5e	01	
00	0f	01	00	00	1e	00	8e	fe	5c	
01	01	00	00	00	01	00	03	00	04	
00	02	00	05	00	02	00	02	00	01	
00	01	00	00	00	00	00	00	00	00	
00	02	00	02	00	ff	ff	06	00	08	
00	03	00	f5	00	43	00	43	00	43	
00	28	00	51	00	02	fe	ff	06	00	
fc	ff	ff	ff	00	00	01	00	e8	00	
51	00	36	00	51	00	36	00	36	00	
02	54	00	01	00	00	00	f5	96	6c	
3e	00	00	de	41	f0	71	21	b0	f2	
bf	01	00	00	00	00	00	0f	04	00	
0a	d7	23	3c	0a	d7	23	bd	b8	1e	
05	3d	03	03	03	03	03	03	