55	45	4c	59	53	59	53	08	1a	c0	
21	00	c9	00	0f	49	f0	14	7e	01	
00	30	00	00	00	21	01	01	01	01	
01	e2	00	01	00	00	00	4c	01	02	
00	00	00	64	00	4f	00	01	01	00	
00	00	00	1f	01	23	01	03	77	ff	
a1	7a	07	00	00	04	00	2f	42	02	
00	2c	01	00	00	1b	00	8f	fe	51	
01	01	00	00	00	01	00	03	00	04	
00	49	01	05	00	02	00	02	00	01	
00	01	00	00	00	00	00	01	00	00	
00	03	00	02	00	ff	ff	06	00	08	
00	03	00	04	01	43	00	43	00	43	
00	36	00	51	00	02	fe	ff	06	00	
fd	ff	ff	ff	00	00	01	00	f7	00	
5e	00	44	00	5e	00	44	00	44	00	
02	54	00	01	00	00	00	dd	2c	1a	
3f	00	00	f6	41	7c	7a	68	91	2d	
bf	01	00	00	00	00	00	0f	04	00	
cc	cc	4c	3c	29	5c	0f	bd	ad	47	
e1	3c	03	03	03	03	03	03	