55	45	4c	59	53	59	53	08	1a	c2	
e7	00	c9	00	0f	a2	3a	3f	99	04	
00	99	04	00	00	21	01	01	01	01	
01	e2	00	01	00	00	00	4e	01	02	
00	00	00	64	00	4f	00	01	01	00	
00	00	00	22	01	25	01	03	77	ff	
dc	75	07	00	00	04	00	69	ed	00	
00	0f	01	00	00	20	00	8e	fe	58	
01	01	00	00	00	01	00	03	00	04	
00	02	00	05	00	02	00	93	00	01	
00	01	00	00	00	00	00	00	00	00	
01	03	00	02	00	ff	ff	06	00	08	
00	03	00	04	01	43	00	43	00	43	
00	36	00	43	00	02	fe	ff	06	00	
fd	ff	ff	ff	00	00	01	00	f7	00	
51	00	36	00	5e	00	44	00	36	00	
02	54	00	01	00	00	00	82	5f	05	
3f	00	00	e4	41	cb	75	df	4f	0d	
3e	01	00	00	00	00	00	0f	04	00	
8f	c2	f5	3b	b8	1e	05	bd	b8	1e	
05	3d	03	03	03	03	03	03	