55	45	4c	59	53	59	53	08	1a	c1	
29	00	c9	00	0f	6d	f6	3f	a6	04	
00	fc	01	00	00	21	01	01	01	01	
01	e2	00	01	00	00	00	5a	01	02	
00	00	00	64	00	4f	00	01	01	00	
00	00	00	27	01	2a	01	03	77	ff	
e9	7b	07	00	00	04	00	b3	21	01	
00	0f	01	00	00	1e	00	8f	fe	75	
01	01	00	00	00	01	00	03	00	04	
00	02	00	55	01	02	00	02	00	01	
00	01	00	00	00	00	00	00	01	00	
00	03	00	02	00	ff	ff	06	00	08	
00	03	00	04	01	43	00	43	00	43	
00	36	00	51	00	02	ff	ff	06	00	
fd	ff	ff	ff	00	00	01	00	f7	00	
5e	00	51	00	6c	00	51	00	51	00	
02	54	00	01	00	00	00	47	f1	35	
3f	00	00	e4	41	ce	7b	17	d9	ce	
bd	01	00	00	00	00	00	0f	04	00	
cc	cc	4c	3c	0a	d7	23	bd	29	5c	
0f	3d	03	03	03	03	03	03	