55	45	4c	59	53	59	53	08	1a	c0	
19	00	c9	00	0f	49	00	18	95	01	
00	24	00	00	00	21	01	01	01	01	
01	e2	00	01	00	00	00	60	01	02	
00	00	00	64	00	4f	00	01	01	00	
00	00	00	1f	01	23	01	03	42	ff	
32	7c	07	00	00	04	00	e0	05	02	
00	0f	01	00	00	1b	00	19	00	58	
01	01	00	00	00	01	00	03	00	04	
00	02	00	57	01	cc	00	02	00	01	
01	01	00	00	00	00	00	00	01	01	
00	03	00	02	00	fe	ff	06	00	08	
00	03	00	14	01	51	00	51	00	50	
00	43	00	5f	00	02	fe	ff	06	00	
fc	ff	ff	ff	00	00	01	00	07	01	
5e	00	51	00	5e	00	51	00	51	00	
02	54	00	01	00	00	00	89	62	3b	
3f	00	00	dd	41	1f	7c	a6	9b	44	
bd	01	00	00	00	00	00	0b	04	00	
0a	d7	23	3c	29	5c	0f	bd	29	5c	
0f	3d	03	03	03	03	03	03	