55	45	4c	59	53	59	53	08	1a	c0	
8f	00	c9	00	d2	a6	5e	7a	3f	01	
00	d5	00	00	00	21	01	01	01	01	
01	e2	00	01	00	00	00	4f	01	02	
00	00	00	64	00	4f	00	01	01	00	
00	00	00	1d	01	20	01	03	95	ff	
29	72	07	00	00	04	00	cc	4b	02	
00	2c	01	00	00	1e	00	8f	fe	59	
01	01	00	00	00	01	00	03	00	04	
00	02	00	05	00	02	00	02	00	01	
00	01	00	00	00	00	00	00	00	00	
00	03	00	02	00	ff	ff	06	00	08	
00	03	00	f5	00	43	00	43	00	43	
00	36	00	43	00	02	fe	ff	06	00	
fc	ff	ff	ff	00	00	01	00	f7	00	
51	00	36	00	5e	00	36	00	36	00	
02	54	00	01	00	00	00	96	8d	ba	
3e	00	00	dc	41	13	72	f8	53	e3	
3d	01	00	00	00	00	00	0b	04	00	
0a	d7	a3	3b	99	99	19	bd	8f	c2	
f5	3c	03	03	03	03	03	03	