55	45	4c	59	53	59	53	08	1a	c1	
3e	00	c9	00	0f	71	16	d5	d2	02	
00	24	02	00	00	21	01	01	01	01	
01	ec	00	00	01	00	00	25	01	02	
00	00	00	64	00	4f	00	01	01	00	
00	00	00	ff	00	01	01	03	75	ff	
7a	79	07	00	00	04	00	18	77	00	
00	2c	01	00	00	1f	00	8e	fe	52	
01	01	00	00	00	01	00	03	00	04	
00	02	00	5c	01	02	00	02	00	01	
00	01	00	00	00	00	00	00	01	00	
00	02	00	02	00	ff	ff	06	00	08	
00	03	00	f5	00	36	00	36	00	35	
00	28	00	43	00	02	fe	ff	06	00	
fd	ff	ff	ff	00	00	01	00	e8	00	
51	00	36	00	51	00	36	00	36	00	
02	54	00	01	00	00	00	60	09	22	
3f	00	00	c6	41	7c	79	df	4f	0d	
3e	01	00	00	00	00	00	0f	04	00	
0a	d7	a3	3b	b8	1e	05	bd	8f	c2	
f5	3c	03	03	03	03	03	03	