55	45	4c	59	53	59	53	08	1a	c1	
08	00	c9	00	0f	6a	18	3f	97	04	
00	ca	01	00	00	21	01	01	01	01	
01	e2	00	01	00	00	00	60	01	02	
00	00	00	64	00	4f	00	01	01	00	
00	00	00	27	01	2b	01	03	77	ff	
a2	7b	07	00	00	04	00	92	25	01	
00	0f	01	00	00	1f	00	8e	fe	67	
01	01	00	00	00	01	00	03	00	04	
00	02	00	55	01	02	00	02	00	01	
00	01	00	00	00	00	00	00	01	00	
00	03	00	02	00	ff	ff	06	00	08	
00	03	00	04	01	43	00	43	00	43	
00	36	00	51	00	02	ff	ff	06	00	
fd	ff	ff	ff	00	00	01	00	f7	00	
5e	00	36	00	5e	00	44	00	44	00	
02	54	00	01	00	00	00	3e	4d	32	
3f	00	00	e2	41	87	7b	52	b8	1e	
be	01	00	00	00	00	00	0f	04	00	
0a	d7	a3	3b	b8	1e	05	bd	b8	1e	
05	3d	03	03	03	03	03	03	