55	45	4c	59	53	59	53	08	1a	c0	
75	00	c9	00	0f	58	de	3f	a8	04	
00	ee	00	00	00	21	01	01	01	01	
01	e2	00	01	00	00	00	4e	01	02	
00	00	00	64	00	4f	00	01	01	00	
00	00	00	22	01	24	01	03	76	ff	
aa	7b	07	00	00	04	00	ce	36	01	
00	0f	01	00	00	1e	00	8e	fe	6d	
01	01	00	00	00	01	00	03	00	04	
00	02	00	57	01	02	00	02	00	01	
00	01	00	00	00	00	00	00	01	00	
00	03	00	02	00	ff	ff	06	00	08	
00	03	00	04	01	51	00	43	00	43	
00	36	00	51	00	02	ff	ff	06	00	
fd	ff	ff	ff	00	00	01	00	f7	00	
5e	00	44	00	5e	00	44	00	36	00	
02	54	00	01	00	00	00	60	02	36	
3f	00	00	e2	41	99	7b	df	4f	0d	
3e	01	00	00	00	00	00	0f	04	00	
0a	d7	23	3c	0a	d7	23	bd	b8	1e	
05	3d	03	03	03	03	03	03	