55	45	4c	59	53	59	53	08	1a	c0	
be	00	c9	00	0f	d5	72	26	bc	07	
00	27	07	00	00	21	01	01	01	01	
01	e3	00	00	01	00	00	39	01	02	
00	00	00	64	00	4f	00	01	01	00	
00	00	00	0b	01	0e	01	03	51	ff	
6a	77	07	00	00	04	00	f4	b9	00	
00	0f	01	00	00	1f	00	1e	00	57	
01	01	00	b1	00	01	00	03	00	04	
00	02	00	58	01	02	00	02	00	01	
01	01	00	01	00	00	00	00	01	00	
00	03	00	02	00	ff	ff	06	00	08	
00	03	00	f5	00	43	00	36	00	35	
00	28	00	43	00	02	fe	ff	06	00	
fd	ff	ff	ff	00	00	01	00	e8	00	
51	00	36	00	5e	00	36	00	36	00	
02	54	00	01	00	00	00	4a	ac	14	
3f	00	00	d4	41	53	77	10	58	39	
3e	01	00	00	00	00	00	0b	04	00	
cc	cc	4c	3c	0a	d7	23	bd	ad	47	
e1	3c	03	03	03	03	03	03	