55	45	4c	59	53	59	53	08	1a	c0	
cb	00	c9	00	0f	62	f2	3f	a6	04	
00	6f	01	00	00	21	01	01	01	01	
01	e2	00	01	00	00	00	53	01	02	
00	00	00	64	00	4f	00	01	01	00	
00	00	00	22	01	26	01	03	69	ff	
7c	7a	07	00	00	04	00	b8	2c	01	
00	2c	01	00	00	1c	00	1c	00	58	
01	01	00	00	00	01	00	03	00	04	
00	02	00	55	01	02	00	02	00	01	
01	01	00	00	00	00	00	00	01	00	
00	03	00	02	00	ff	ff	06	00	08	
00	03	00	04	01	43	00	43	00	43	
00	36	00	51	00	02	ff	ff	06	00	
fd	ff	ff	ff	00	00	01	00	e8	00	
51	00	44	00	5e	00	36	00	44	00	
02	54	00	01	00	00	00	bf	86	2c	
3f	00	00	de	41	6b	7a	2d	b2	1d	
3e	01	00	00	00	00	00	0b	04	00	
8f	c2	f5	3b	99	99	19	bd	29	5c	
0f	3d	03	03	03	03	03	03	