55	45	4c	59	53	59	53	08	1a	c5	
33	00	c9	00	0f	e2	0c	18	8c	01	
00	cb	07	00	00	21	01	01	01	01	
01	e2	00	01	00	00	00	3f	01	02	
00	00	00	64	00	4f	00	01	01	00	
00	00	00	13	01	15	01	03	93	ff	
41	6f	07	00	00	04	00	c0	6c	01	
00	2c	01	00	00	1c	00	8e	fe	7b	
01	01	00	00	00	01	00	03	00	04	
00	02	00	05	00	02	00	02	00	01	
00	01	00	00	00	00	00	00	00	00	
00	02	00	02	00	fe	ff	06	00	07	
00	03	00	f5	00	43	00	43	00	43	
00	36	00	43	00	02	ff	ff	06	00	
fd	ff	ff	ff	00	00	01	00	f7	00	
51	00	36	00	51	00	36	00	36	00	
02	54	00	01	00	00	00	2d	53	7d	
3e	00	00	d4	41	28	6f	f8	53	e3	
3d	01	00	00	00	00	00	0f	04	00	
0a	d7	23	3c	b8	1e	05	bd	b8	1e	
05	3d	03	03	03	03	03	03	