55	45	4c	59	53	59	53	08	1a	c1	
76	00	c9	00	0f	ba	71	b7	d2	03	
00	ce	05	00	00	21	01	01	01	01	
01	ed	00	01	00	00	00	1c	01	02	
00	00	00	64	00	4f	00	01	01	00	
00	00	00	f7	00	fa	00	03	97	ff	
b3	72	07	00	00	04	00	8e	2d	00	
00	0f	01	00	00	22	00	8e	fe	55	
01	01	00	00	00	01	00	03	00	04	
00	02	00	05	00	02	00	02	00	01	
00	01	00	00	00	00	00	00	00	00	
00	03	00	02	00	ff	ff	06	00	08	
00	03	00	14	01	28	00	28	00	35	
00	43	00	1b	00	02	ff	ff	06	00	
fd	ff	ff	ff	00	00	01	00	e8	00	
36	00	36	00	43	00	28	00	36	00	
02	54	00	01	00	00	00	32	1d	c8	
3e	00	00	bc	41	b3	72	87	16	d9	
3d	01	00	00	00	00	00	0f	04	00	
0a	d7	23	3c	8f	c2	f5	bc	29	5c	
0f	3d	03	03	03	03	03	03	