55	45	4c	59	53	59	53	08	1a	c1	
aa	00	c9	00	0f	77	fe	18	8a	01	
00	7d	02	00	00	21	01	01	01	01	
01	e2	00	01	00	00	00	3e	01	02	
00	00	00	64	00	4f	00	01	01	00	
00	00	00	10	01	14	01	03	99	ff	
cf	77	07	00	00	04	00	dc	d6	01	
00	0f	01	00	00	1c	00	8e	fe	59	
01	01	00	00	00	01	00	03	00	04	
00	02	00	05	00	02	00	02	00	01	
00	01	00	00	00	00	00	00	00	00	
00	02	00	02	00	ff	ff	06	00	08	
00	03	00	f5	00	43	00	43	00	43	
00	36	00	43	00	02	fe	ff	06	00	
fc	ff	ff	ff	00	00	01	00	16	01	
36	00	44	00	28	00	28	00	44	00	
02	54	00	01	00	00	00	fe	e8	19	
3f	00	00	d4	41	d9	77	87	16	d9	
3d	01	00	00	00	00	00	0f	04	00	
0a	d7	23	3c	29	5c	0f	bd	0a	d7	
23	3d	03	03	03	03	03	03	