55	45	4c	59	53	59	53	08	1a	c0	
5e	00	c9	00	d2	a0	a0	7a	3e	01	
00	8b	00	00	00	21	01	01	01	01	
01	e2	00	01	00	00	00	57	01	02	
00	00	00	64	00	4f	00	01	01	00	
00	00	00	1f	01	24	01	03	6d	ff	
7a	72	07	00	00	04	00	8b	51	02	
00	0f	01	00	00	1e	00	8e	fe	5b	
01	01	00	00	00	01	00	03	00	04	
00	5b	01	05	00	02	00	02	00	01	
00	01	00	00	00	00	00	01	00	00	
00	03	00	02	00	ff	ff	06	00	08	
00	03	00	04	01	43	00	43	00	35	
00	36	00	51	00	02	fe	ff	06	00	
fd	ff	ff	ff	00	00	01	00	e8	00	
51	00	36	00	5e	00	36	00	36	00	
02	54	00	01	00	00	00	eb	d6	c4	
3e	00	00	dd	41	6c	72	75	93	18	
3e	01	00	00	00	00	00	0b	04	00	
cc	cc	4c	3c	99	99	19	bd	99	99	
19	3d	03	03	03	03	03	03	