55	45	4c	59	53	59	53	08	1a	c0	
e0	00	c9	00	0f	a8	dd	b7	d2	03	
00	ed	04	00	00	21	01	01	01	01	
01	ed	00	01	00	00	00	1b	01	02	
00	00	00	64	00	4f	00	01	01	00	
00	00	00	f5	00	f9	00	03	97	ff	
f4	73	07	00	00	04	00	24	3f	00	
00	0f	01	00	00	1f	00	8e	fe	56	
01	01	00	00	00	01	00	03	00	04	
00	02	00	05	00	02	00	02	00	01	
00	01	00	00	00	00	00	00	00	00	
00	03	00	02	00	ff	ff	06	00	08	
00	03	00	14	01	28	00	1b	00	43	
00	43	00	1b	00	02	fe	ff	06	00	
fc	ff	ff	ff	00	00	01	00	d8	00	
36	00	36	00	43	00	1b	00	36	00	
02	54	00	01	00	00	00	90	f6	e4	
3e	00	00	bc	41	f4	73	87	16	d9	
3d	01	00	00	00	00	00	0f	04	00	
0a	d7	23	3c	8f	c2	f5	bc	8f	c2	
f5	3c	03	03	03	03	03	03	