08	1a	c0	aa	00	c9	00	0f	59	fe	
0e	9e	55	45	4c	59	53	59	53	01	
00	fd	00	00	00	21	01	01	01	01	
01	e2	00	01	00	00	00	48	01	02	
00	00	00	64	00	4f	00	01	01	00	
00	00	00	1a	01	1e	01	03	9c	ff	
6c	78	07	00	00	04	00	b2	7d	02	
00	0f	01	00	00	1f	00	8e	fe	5b	
01	01	00	00	00	01	00	03	00	04	
00	02	00	05	00	02	00	02	00	01	
00	01	00	00	00	00	00	00	00	00	
00	02	00	02	00	fe	ff	06	00	08	
00	03	00	04	01	43	00	43	00	43	
00	36	00	51	00	02	ff	ff	06	00	
fc	ff	ff	ff	00	00	01	00	f7	00	
5e	00	36	00	51	00	44	00	36	00	
02	54	00	01	00	00	00	33	54	1e	
3f	00	00	dc	41	71	78	87	16	d9	
3d	01	00	00	00	00	00	0f	04	00	
29	5c	8f	3c	29	5c	0f	bd	8f	c2	
f5	3c	03	03	03	03	03	03	