55	45	4c	59	53	59	53	08	1a	c1	
5a	00	c9	00	0f	73	b4	3f	9f	04	
00	45	02	00	00	21	01	01	01	01	
01	e2	00	01	00	00	00	52	01	02	
00	00	00	64	00	4f	00	01	01	00	
00	00	00	27	01	29	01	03	78	ff	
20	7c	07	00	00	04	00	f4	1b	01	
00	0f	01	00	00	1c	00	8f	fe	58	
01	01	00	00	00	01	00	03	00	04	
00	02	00	54	01	02	00	02	00	01	
00	01	00	00	00	00	00	00	01	00	
00	03	00	02	00	ff	ff	06	00	08	
00	03	00	04	01	51	00	51	00	43	
00	36	00	51	00	02	fe	ff	06	00	
fd	ff	ff	ff	00	00	01	00	07	01	
5e	00	44	00	5e	00	51	00	44	00	
02	54	00	01	00	00	00	dd	12	39	
3f	00	00	e4	41	0d	7c	a6	9b	44	
bd	01	00	00	00	00	00	0f	04	00	
cc	cc	4c	3c	99	99	19	bd	8f	c2	
f5	3c	03	03	03	03	03	03	