55	45	4c	59	53	59	53	08	1a	c2	
ef	00	c9	00	0f	e6	9f	b9	e0	03	
00	04	08	00	00	21	01	01	01	01	
01	ed	00	01	00	00	00	25	01	02	
00	00	00	64	00	4f	00	01	01	00	
00	00	00	01	01	05	01	03	9d	ff	
28	7c	07	00	00	04	00	5b	01	00	
00	0f	01	00	00	1f	00	8e	fe	59	
01	01	00	00	00	01	00	03	00	04	
00	02	00	05	00	02	00	02	00	01	
00	01	00	00	00	00	00	00	00	00	
00	03	00	02	00	ff	ff	06	00	08	
00	03	00	23	01	36	00	43	00	50	
00	5e	00	36	00	02	ff	ff	06	00	
fd	ff	ff	ff	00	00	01	00	f7	00	
51	00	51	00	51	00	36	00	44	00	
02	54	00	01	00	00	00	9b	d0	33	
3f	00	00	d4	41	04	7c	27	31	08	
be	01	00	00	00	00	00	0f	04	00	
cc	cc	4c	3c	b8	1e	05	bd	8f	c2	
f5	3c	03	03	03	03	03	03	