55	45	4c	59	53	59	53	08	1a	c2	
a3	00	c9	00	0f	9a	42	41	95	04	
00	33	04	00	00	21	01	01	01	01	
01	e2	00	01	00	00	00	56	01	02	
00	00	00	64	00	4f	00	01	01	00	
00	00	00	29	01	2c	01	03	9a	ff	
98	76	07	00	00	04	00	62	f5	00	
00	0f	01	00	00	21	00	8e	fe	59	
01	01	00	00	00	01	00	03	00	04	
00	02	00	05	00	02	00	02	00	01	
00	01	00	00	00	00	00	00	00	00	
00	03	00	02	00	ff	ff	06	00	08	
00	03	00	04	01	43	00	43	00	43	
00	36	00	51	00	02	fe	ff	06	00	
fd	ff	ff	ff	00	00	01	00	f7	00	
51	00	44	00	5e	00	44	00	44	00	
02	54	00	01	00	00	00	68	34	0c	
3f	00	00	ee	41	86	76	87	16	d9	
3d	01	00	00	00	00	00	0f	04	00	
0a	d7	23	3c	29	5c	0f	bd	b8	1e	
05	3d	03	03	03	03	03	03	