55	45	4c	59	53	59	53	08	1a	c2	
f9	00	c9	00	0f	e7	cb	b7	d3	03	
00	13	08	00	00	21	01	01	01	01	
01	ed	00	01	00	00	00	26	01	02	
00	00	00	64	00	4f	00	01	01	00	
00	00	00	01	01	05	01	03	76	ff	
ca	7b	07	00	00	04	00	2e	00	00	
00	2c	01	00	00	1f	00	8e	fe	61	
01	01	00	00	00	01	00	03	00	04	
00	02	00	67	01	02	00	02	00	01	
00	01	00	00	00	00	00	00	01	00	
00	03	00	02	00	ff	ff	06	00	08	
00	03	00	14	01	28	00	36	00	43	
00	51	00	28	00	02	fe	ff	06	00	
fc	ff	ff	ff	00	00	01	00	e8	00	
36	00	36	00	43	00	28	00	36	00	
02	54	00	01	00	00	00	3f	a4	34	
3f	00	00	d0	41	b4	7b	df	4f	0d	
3e	01	00	00	00	00	00	0f	04	00	
8f	c2	75	3c	29	5c	0f	bd	8f	c2	
f5	3c	03	03	03	03	03	03	