55	45	4c	59	53	59	53	08	1a	c0	
da	00	c9	00	0f	64	b4	3f	a7	04	
00	85	01	00	00	21	01	01	01	01	
01	e2	00	01	00	00	00	52	01	02	
00	00	00	64	00	4f	00	01	01	00	
00	00	00	24	01	27	01	03	6a	ff	
24	7b	07	00	00	04	00	f6	2a	01	
00	0f	01	00	00	20	00	1d	00	58	
01	01	00	00	00	01	00	03	00	04	
00	02	00	54	01	02	00	02	00	01	
01	01	00	00	00	00	00	00	01	00	
00	03	00	02	00	ff	ff	06	00	08	
00	03	00	04	01	43	00	43	00	43	
00	36	00	51	00	02	fe	ff	06	00	
fd	ff	ff	ff	00	00	01	00	f7	00	
5e	00	44	00	5e	00	36	00	44	00	
02	54	00	01	00	00	00	02	03	2d	
3f	00	00	de	41	0b	7b	d1	22	5b	
be	01	00	00	00	00	00	0b	04	00	
8f	c2	75	3c	99	99	19	bd	8f	c2	
f5	3c	03	03	03	03	03	03	