55	45	4c	59	53	59	53	08	1a	c0	
13	00	c9	00	0f	49	b1	8a	f9	02	
00	2c	00	00	00	14	01	01	01	01	
01	e2	00	01	00	00	00	4d	01	02	
00	00	00	64	00	4f	00	01	01	00	
00	00	00	1d	01	20	01	03	9c	ff	
35	7c	07	00	00	04	00	1e	4c	01	
00	2c	01	00	00	1a	00	8f	fe	74	
01	01	00	00	00	01	00	03	00	04	
00	02	00	05	00	02	00	02	00	01	
00	01	00	00	00	00	00	00	00	00	
00	03	00	02	00	ff	ff	06	00	08	
00	03	00	04	01	51	00	51	00	43	
00	43	00	5f	00	02	ff	ff	06	00	
fd	ff	ff	ff	00	00	01	00	f7	00	
5e	00	51	00	5e	00	51	00	44	00	
02	54	00	01	00	00	00	ea	42	33	
3f	00	00	ea	41	1f	7c	52	b8	1e	
be	01	00	00	00	00	00	0f	04	00	
8f	c2	f5	3b	0a	d7	23	bd	ad	47	
e1	3c	03	03	03	03	03	03	