55	45	4c	59	53	59	53	08	1a	c5	
96	00	c9	00	0f	ed	a6	18	86	01	
00	5f	08	00	00	21	01	01	01	01	
01	e2	00	01	00	00	00	40	01	02	
00	00	00	64	00	4f	00	01	01	00	
00	00	00	13	01	16	01	03	91	ff	
c8	6d	07	00	00	04	00	25	61	01	
00	0f	01	00	00	1d	00	8e	fe	61	
01	01	00	00	00	01	00	03	00	04	
00	02	00	05	00	02	00	02	00	01	
00	01	00	00	00	00	00	00	00	00	
00	02	00	02	00	ff	ff	06	00	08	
00	03	00	f5	00	43	00	43	00	35	
00	28	00	43	00	02	ff	ff	06	00	
fc	ff	ff	ff	00	00	01	00	e8	00	
51	00	36	00	51	00	36	00	36	00	
02	54	00	01	00	00	00	18	ff	53	
3e	00	00	d4	41	b2	6d	b2	9d	ef	
3d	01	00	00	00	00	00	0f	04	00	
8f	c2	75	3c	29	5c	0f	bd	29	5c	
0f	3d	03	03	03	03	03	03	