55	45	4c	59	53	59	53	08	1a	c1	
45	00	c9	00	0f	71	e8	d5	e4	02	
00	2f	02	00	00	21	01	01	01	01	
01	ec	00	00	01	00	00	25	01	02	
00	00	00	64	00	4f	00	01	01	00	
00	00	00	fc	00	01	01	03	74	ff	
5f	79	07	00	00	04	00	46	76	00	
00	2c	01	00	00	1e	00	8e	fe	52	
01	01	00	00	00	01	00	03	00	04	
00	02	00	5c	01	02	00	02	00	01	
00	01	00	00	00	00	00	00	01	00	
00	02	00	02	00	ff	ff	06	00	08	
00	03	00	f5	00	36	00	43	00	35	
00	28	00	51	00	02	ff	ff	06	00	
fc	ff	ff	ff	00	00	01	00	e8	00	
51	00	36	00	51	00	36	00	36	00	
02	54	00	01	00	00	00	8a	4b	21	
3f	00	00	c6	41	6a	79	bc	74	13	
3e	01	00	00	00	00	00	0f	04	00	
8f	c2	f5	3b	8f	c2	f5	bc	b8	1e	
05	3d	03	03	03	03	03	03	