55	45	4c	59	53	59	53	08	1a	c2	
9e	00	c9	00	0f	99	ac	3f	88	04	
00	2b	04	00	00	21	01	01	01	01	
01	e2	00	01	00	00	00	57	01	02	
00	00	00	64	00	4f	00	01	01	00	
00	00	00	29	01	2d	01	03	99	ff	
a6	76	07	00	00	04	00	f8	f5	00	
00	0f	01	00	00	20	00	8e	fe	5b	
01	01	00	00	00	01	00	03	00	04	
00	02	00	05	00	02	00	02	00	01	
00	01	00	00	00	00	00	00	00	00	
00	03	00	02	00	ff	ff	06	00	08	
00	03	00	04	01	43	00	43	00	43	
00	36	00	43	00	02	ff	ff	06	00	
fd	ff	ff	ff	00	00	01	00	f7	00	
51	00	44	00	5e	00	44	00	36	00	
02	54	00	01	00	00	00	6d	b4	0c	
3f	00	00	ee	41	98	76	87	16	d9	
3d	01	00	00	00	00	00	0f	04	00	
0a	d7	23	3c	99	99	19	bd	29	5c	
0f	3d	03	03	03	03	03	03	