55	45	4c	59	53	59	53	08	1a	c5	
d8	00	c9	00	0f	f5	62	18	98	01	
00	c2	08	00	00	21	01	01	01	01	
01	e2	00	01	00	00	00	42	01	02	
00	00	00	64	00	4f	00	01	01	00	
00	00	00	1a	01	1d	01	03	9a	ff	
df	78	07	00	00	04	00	68	59	01	
00	0f	01	00	00	1d	00	8e	fe	68	
01	01	00	00	00	01	00	03	00	04	
00	02	00	05	00	02	00	02	00	01	
00	01	00	00	00	00	00	00	00	00	
00	02	00	02	00	ff	ff	06	00	08	
00	03	00	04	01	43	00	43	00	43	
00	36	00	51	00	02	fe	ff	06	00	
fc	ff	ff	ff	00	00	01	00	e8	00	
51	00	44	00	5e	00	44	00	44	00	
02	54	00	01	00	00	00	f7	e3	fc	
3e	00	00	f8	41	9c	78	df	4f	bd	
bf	01	00	00	00	00	00	0f	04	00	
cc	cc	4c	3c	0a	d7	23	bd	8f	c2	
f5	3c	03	03	03	03	03	03	