55	45	4c	59	53	59	53	08	1a	c0	
5a	00	c9	00	0f	50	9e	04	b4	01	
00	85	00	00	00	21	01	01	01	01	
01	e2	00	01	00	00	00	67	01	02	
00	00	00	64	00	4f	00	01	01	00	
00	00	00	24	01	27	01	03	5e	ff	
02	76	07	00	00	04	00	7e	72	02	
00	2c	01	00	00	1c	00	20	00	5a	
01	01	00	00	00	01	00	03	00	04	
00	02	00	05	00	cb	00	02	00	01	
01	01	00	00	00	00	00	00	00	01	
00	03	00	02	00	ff	ff	06	00	08	
00	03	00	04	01	43	00	43	00	43	
00	36	00	51	00	02	fe	ff	06	00	
fd	ff	ff	ff	00	00	01	00	f7	00	
51	00	44	00	5e	00	44	00	36	00	
02	54	00	01	00	00	00	01	00	0b	
3f	00	00	dd	41	0a	76	a0	1a	2f	
3e	01	00	00	00	00	00	0b	04	00	
cc	cc	4c	3c	99	99	19	bd	cc	cc	
cc	3c	03	03	03	03	03	03	