55	45	4c	59	53	59	53	08	1a	c0	
51	00	c9	00	0f	54	a6	3f	a7	04	
00	b8	00	00	00	21	01	01	01	01	
01	e2	00	01	00	00	00	4e	01	02	
00	00	00	64	00	4f	00	01	01	00	
00	00	00	22	01	25	01	03	76	ff	
30	7c	07	00	00	04	00	06	3b	01	
00	0f	01	00	00	1e	00	8f	fe	59	
01	01	00	00	00	01	00	03	00	04	
00	02	00	57	01	02	00	02	00	01	
00	01	00	00	00	00	00	00	01	00	
00	03	00	02	00	ff	ff	06	00	08	
00	03	00	04	01	51	00	51	00	50	
00	36	00	51	00	02	ff	ff	06	00	
fd	ff	ff	ff	00	00	01	00	f7	00	
5e	00	44	00	43	00	51	00	51	00	
02	54	00	01	00	00	00	41	d6	35	
3f	00	00	e2	41	16	7c	6f	12	03	
be	01	00	00	00	00	00	0f	04	00	
8f	c2	f5	3b	99	99	19	bd	29	5c	
0f	3d	03	03	03	03	03	03	