55	45	4c	59	53	59	53	08	1a	c0	
3e	00	c9	00	0f	4d	56	16	8b	01	
00	5b	00	00	00	21	01	01	01	01	
01	e2	00	01	00	00	00	59	01	02	
00	00	00	64	00	4f	00	01	01	00	
00	00	00	1d	01	22	01	03	9d	ff	
c5	7b	07	00	00	04	00	89	01	02	
00	0f	01	00	00	19	00	8e	fe	59	
01	01	00	00	00	01	00	03	00	04	
00	02	00	05	00	02	00	02	00	01	
00	01	00	00	00	00	00	00	00	00	
00	02	00	02	00	ff	ff	06	00	08	
00	03	00	04	01	43	00	43	00	43	
00	36	00	51	00	02	fe	ff	06	00	
fc	ff	ff	ff	00	00	01	00	e8	00	
5e	00	44	00	5e	00	44	00	36	00	
02	54	00	01	00	00	00	50	10	3a	
3f	00	00	dd	41	b4	7b	17	d9	ce	
3d	01	00	00	00	00	00	0f	04	00	
0a	d7	a3	3b	b8	1e	05	bd	8f	c2	
f5	3c	03	03	03	03	03	03	