55	45	4c	59	53	59	53	08	1a	c5	
b6	00	c9	00	0f	f1	66	16	80	01	
00	8f	08	00	00	21	01	01	01	01	
01	e2	00	01	00	00	00	41	01	02	
00	00	00	64	00	4f	00	01	01	00	
00	00	00	15	01	19	01	03	97	ff	
8f	74	07	00	00	04	00	65	5d	01	
00	0f	01	00	00	20	00	8e	fe	76	
01	01	00	00	00	01	00	03	00	04	
00	02	00	05	00	02	00	02	00	01	
00	01	00	00	00	00	00	00	00	00	
00	02	00	02	00	ff	ff	06	00	08	
00	03	00	f5	00	43	00	43	00	43	
00	28	00	43	00	02	fe	ff	06	00	
fc	ff	ff	ff	00	00	01	00	e8	00	
5e	00	36	00	51	00	36	00	36	00	
02	54	00	01	00	00	00	3e	9c	9a	
3e	00	00	e4	41	3b	74	21	b0	f2	
bf	01	00	00	00	00	00	0f	04	00	
8f	c2	f5	3b	b8	1e	05	bd	29	5c	
0f	3d	03	03	03	03	03	03	