55	45	4c	59	53	59	53	08	1a	c0	
54	00	c9	00	0f	bd	61	7a	6d	05	
00	f4	05	00	00	21	01	01	01	01	
01	e3	00	00	01	00	00	51	01	02	
00	00	00	64	00	4f	00	01	01	00	
00	00	00	24	01	29	01	03	57	ff	
52	7b	07	00	00	04	00	2c	d2	00	
00	0f	01	00	00	1e	00	21	00	5a	
01	01	00	b2	00	01	00	03	00	04	
00	02	00	57	01	02	00	02	00	01	
01	01	00	01	00	00	00	00	01	00	
00	03	00	02	00	ff	ff	06	00	08	
00	03	00	04	01	43	00	43	00	43	
00	28	00	51	00	02	fe	ff	06	00	
fd	ff	ff	ff	00	00	01	00	f7	00	
51	00	44	00	5e	00	44	00	36	00	
02	54	00	01	00	00	00	43	4a	28	
3f	00	00	ee	41	37	7b	79	e9	a6	
be	01	00	00	00	00	00	0b	04	00	
8f	c2	f5	3b	8f	c2	f5	bc	99	99	
19	3d	03	03	03	03	03	03	