55	45	4c	59	53	59	53	08	1a	c0	
65	00	c9	00	0f	56	fe	3f	a4	04	
00	d6	00	00	00	21	01	01	01	01	
01	e2	00	01	00	00	00	4e	01	02	
00	00	00	64	00	4f	00	01	01	00	
00	00	00	22	01	24	01	03	77	ff	
1b	7c	07	00	00	04	00	ae	38	01	
00	0f	01	00	00	1d	00	8e	fe	58	
01	01	00	00	00	01	00	03	00	04	
00	02	00	56	01	02	00	02	00	01	
00	01	00	00	00	00	00	00	01	00	
00	03	00	02	00	ff	ff	06	00	08	
00	03	00	04	01	43	00	43	00	43	
00	36	00	51	00	02	ff	ff	06	00	
fc	ff	ff	ff	00	00	01	00	f7	00	
5e	00	44	00	5e	00	51	00	44	00	
02	54	00	01	00	00	00	cb	a1	37	
3f	00	00	e2	41	04	7c	96	43	8b	
3d	01	00	00	00	00	00	0f	04	00	
cc	cc	4c	3c	7b	14	2e	bd	29	5c	
0f	3d	03	03	03	03	03	03	