55	45	4c	59	53	59	53	08	1a	c0	
18	00	c9	00	0f	48	e2	02	b7	01	
00	22	00	00	00	21	01	01	01	01	
01	e2	00	01	00	00	00	48	01	02	
00	00	00	64	00	4f	00	01	01	00	
00	00	00	1a	01	1f	01	03	61	ff	
b6	77	07	00	00	04	00	3b	7a	02	
00	2c	01	00	00	1d	00	1d	00	5b	
01	01	00	00	00	01	00	03	00	04	
00	02	00	05	00	d1	00	02	00	01	
01	01	00	00	00	00	00	00	00	01	
00	03	00	02	00	ff	ff	06	00	07	
00	03	00	f5	00	43	00	43	00	43	
00	28	00	43	00	02	fe	ff	06	00	
fc	ff	ff	ff	00	00	01	00	f7	00	
51	00	36	00	5e	00	36	00	36	00	
02	54	00	01	00	00	00	ac	72	1a	
3f	00	00	dc	41	a3	77	c3	f5	28	
3e	01	00	00	00	00	00	0b	04	00	
0a	d7	a3	3c	0a	d7	23	bb	29	5c	
0f	3d	03	03	03	03	03	03	