55	45	4c	59	53	59	53	08	1a	c2	
6c	00	c9	00	0f	d7	45	b9	d0	03	
00	3f	07	00	00	21	01	01	01	01	
01	ed	00	01	00	00	00	22	01	02	
00	00	00	64	00	4f	00	01	01	00	
00	00	00	ff	00	03	01	03	9a	ff	
0d	78	07	00	00	04	00	b7	10	00	
00	0f	01	00	00	20	00	8e	fe	55	
01	01	00	00	00	01	00	03	00	04	
00	02	00	05	00	02	00	02	00	01	
00	01	00	00	00	00	00	00	00	00	
00	03	00	02	00	ff	ff	06	00	08	
00	03	00	14	01	28	00	28	00	43	
00	43	00	28	00	02	fe	ff	06	00	
fd	ff	ff	ff	00	00	01	00	e8	00	
36	00	36	00	43	00	28	00	36	00	
02	54	00	01	00	00	00	91	ff	f1	
3e	00	00	da	41	c6	77	08	ac	bc	
bf	01	00	00	00	00	00	0f	04	00	
cc	cc	4c	3c	b8	1e	05	bd	8f	c2	
f5	3c	03	03	03	03	03	03	