55	45	4c	59	53	59	53	08	1a	c1	
09	00	c9	00	0f	6a	36	3f	99	04	
00	cc	01	00	00	21	01	01	01	01	
01	e2	00	01	00	00	00	61	01	02	
00	00	00	64	00	4f	00	01	01	00	
00	00	00	27	01	2a	01	03	77	ff	
a3	7b	07	00	00	04	00	74	25	01	
00	0f	01	00	00	1c	00	8e	fe	58	
01	01	00	00	00	01	00	03	00	04	
00	02	00	54	01	02	00	02	00	01	
00	01	00	00	00	00	00	00	01	00	
00	03	00	02	00	fe	ff	06	00	08	
00	03	00	f5	00	43	00	43	00	43	
00	28	00	51	00	02	ff	ff	06	00	
fd	ff	ff	ff	00	00	01	00	f7	00	
5e	00	44	00	5e	00	44	00	44	00	
02	54	00	01	00	00	00	cf	6e	32	
3f	00	00	e2	41	87	7b	52	b8	1e	
be	01	00	00	00	00	00	0f	04	00	
8f	c2	f5	3b	0a	d7	23	bd	b8	1e	
05	3d	03	03	03	03	03	03	