55	45	4c	59	53	59	53	08	1a	c0	
ab	00	c9	00	0f	5f	dc	d5	d5	02	
00	48	01	00	00	21	01	01	01	01	
01	ec	00	00	01	00	00	2c	01	02	
00	00	00	64	00	4f	00	01	01	00	
00	00	00	04	01	09	01	03	63	ff	
5e	7b	07	00	00	04	00	55	88	00	
00	0f	01	00	00	1e	00	8e	fe	5d	
01	01	00	b1	00	01	00	03	00	04	
00	02	00	5c	01	02	00	02	00	01	
00	01	00	01	00	00	00	00	01	00	
00	02	00	02	00	ff	ff	06	00	08	
00	03	00	f5	00	43	00	36	00	35	
00	36	00	43	00	02	ff	ff	06	00	
fc	ff	ff	ff	00	00	01	00	e8	00	
51	00	36	00	51	00	36	00	36	00	
02	54	00	01	00	00	00	c4	7d	31	
3f	00	00	ce	41	49	7b	0a	d7	23	
3e	01	00	00	00	00	00	0f	04	00	
0a	d7	23	3c	8f	c2	f5	bc	8f	c2	
f5	3c	03	03	03	03	03	03	