55	45	4c	59	53	59	53	08	1a	c1	
6b	00	c9	00	0f	75	b2	41	96	04	
00	5f	02	00	00	21	01	01	01	01	
01	e2	00	01	00	00	00	51	01	02	
00	00	00	64	00	4f	00	01	01	00	
00	00	00	24	01	29	01	03	77	ff	
2b	7c	07	00	00	04	00	f6	19	01	
00	0f	01	00	00	1b	00	8e	fe	5a	
01	01	00	00	00	01	00	03	00	04	
00	02	00	54	01	02	00	02	00	01	
00	01	00	00	00	00	00	00	01	00	
00	03	00	02	00	fe	ff	06	00	08	
00	03	00	14	01	43	00	51	00	50	
00	36	00	5f	00	02	fe	ff	06	00	
fd	ff	ff	ff	00	00	01	00	f7	00	
5e	00	44	00	6c	00	44	00	44	00	
02	54	00	01	00	00	00	79	cd	39	
3f	00	00	e4	41	16	7c	50	8d	17	
bd	01	00	00	00	00	00	0f	04	00	
0a	d7	23	3c	29	5c	0f	bd	b8	1e	
05	3d	03	03	03	03	03	03	