55	45	4c	59	53	59	53	08	1a	c1	
92	00	c9	00	0f	75	2e	18	8a	01	
00	59	02	00	00	21	01	01	01	01	
01	e2	00	01	00	00	00	3e	01	02	
00	00	00	64	00	4f	00	01	01	00	
00	00	00	10	01	14	01	03	9a	ff	
2e	78	07	00	00	04	00	ac	d9	01	
00	0f	01	00	00	1e	00	8e	fe	5c	
01	01	00	00	00	01	00	03	00	04	
00	02	00	05	00	02	00	02	00	01	
00	01	00	00	00	00	00	00	00	00	
00	03	00	02	00	ff	ff	06	00	08	
00	03	00	04	01	43	00	43	00	43	
00	36	00	51	00	02	fe	ff	06	00	
fc	ff	ff	ff	00	00	01	00	f7	00	
51	00	36	00	51	00	36	00	36	00	
02	54	00	01	00	00	00	d1	52	1c	
3f	00	00	d4	41	1f	78	87	16	d9	
3d	01	00	00	00	00	00	0f	04	00	
8f	c2	f5	3b	29	5c	0f	bd	8f	c2	
f5	3c	03	03	03	03	03	03	