55	45	4c	59	53	59	53	08	1a	c0	
cc	00	c9	00	0f	5d	fa	02	b8	01	
00	30	01	00	00	21	01	01	01	01	
01	e2	00	01	00	00	00	5a	01	02	
00	00	00	64	00	4f	00	01	01	00	
00	00	00	22	01	26	01	03	97	ff	
69	74	07	00	00	04	00	20	65	02	
00	0f	01	00	00	1e	00	8e	fe	5a	
01	01	00	00	00	01	00	03	00	04	
00	02	00	05	00	02	00	02	00	01	
00	01	00	00	00	00	00	00	00	00	
00	03	00	02	00	ff	ff	06	00	08	
00	03	00	04	01	43	00	43	00	43	
00	28	00	51	00	02	fe	ff	06	00	
fd	ff	ff	ff	00	00	01	00	07	01	
5e	00	36	00	5e	00	28	00	28	00	
02	54	00	01	00	00	00	99	a5	f0	
3e	00	00	de	41	5e	74	b2	9d	ef	
3d	01	00	00	00	00	00	0b	04	00	
0a	d7	23	3c	8f	c2	f5	bc	b8	1e	
05	3d	03	03	03	03	03	03	