55	45	4c	59	53	59	53	08	1a	c0	
6e	00	c9	00	0f	58	b6	d5	f9	02	
00	ec	00	00	00	21	01	01	01	01	
01	ec	00	00	01	00	00	2c	01	02	
00	00	00	64	00	4f	00	01	01	00	
00	00	00	06	01	0a	01	03	63	ff	
2e	7b	07	00	00	04	00	7c	8f	00	
00	0f	01	00	00	20	00	8e	fe	5d	
01	01	00	b1	00	01	00	03	00	04	
00	02	00	5c	01	02	00	02	00	01	
00	01	00	01	00	00	00	00	01	00	
00	02	00	02	00	ff	ff	06	00	08	
00	03	00	f5	00	36	00	36	00	35	
00	36	00	43	00	02	fe	ff	06	00	
fd	ff	ff	ff	00	00	01	00	e8	00	
51	00	36	00	51	00	36	00	36	00	
02	54	00	01	00	00	00	be	1c	27	
3f	00	00	d4	41	0b	7b	e3	a5	9b	
be	01	00	00	00	00	00	0f	04	00	
0a	d7	a3	3b	8f	c2	f5	bc	8f	c2	
f5	3c	03	03	03	03	03	03	