55	45	4c	59	53	59	53	08	1a	c4	
b2	00	c9	00	0f	d2	ee	16	9c	01	
00	09	07	00	00	21	01	01	01	01	
01	e2	00	01	00	00	00	3e	01	02	
00	00	00	64	00	4f	00	01	01	00	
00	00	00	10	01	14	01	03	93	ff	
8e	70	07	00	00	04	00	e0	7b	01	
00	0f	01	00	00	1e	00	8e	fe	5a	
01	01	00	00	00	01	00	03	00	04	
00	02	00	05	00	02	00	02	00	01	
00	01	00	00	00	00	00	00	00	00	
00	02	00	02	00	fe	ff	06	00	08	
00	03	00	f5	00	36	00	43	00	43	
00	36	00	43	00	02	fe	ff	06	00	
fd	ff	ff	ff	00	00	01	00	e8	00	
5e	00	36	00	51	00	36	00	36	00	
02	54	00	01	00	00	00	d6	61	97	
3e	00	00	d4	41	94	70	f8	53	e3	
3d	01	00	00	00	00	00	0f	04	00	
8f	c2	75	3c	29	5c	0f	bd	29	5c	
0f	3d	03	03	03	03	03	03	