55	45	4c	59	53	59	53	08	1a	c2	
88	00	c9	00	0f	97	18	3f	98	04	
00	0a	04	00	00	21	01	01	01	01	
01	e2	00	01	00	00	00	5b	01	02	
00	00	00	64	00	4f	00	01	01	00	
00	00	00	2e	01	31	01	03	99	ff	
de	76	07	00	00	04	00	8c	f8	00	
00	0f	01	00	00	20	00	8f	fe	59	
01	01	00	00	00	01	00	03	00	04	
00	02	00	05	00	02	00	02	00	01	
00	01	00	00	00	00	00	00	00	00	
00	03	00	02	00	ff	ff	06	00	08	
00	03	00	04	01	43	00	43	00	43	
00	36	00	51	00	02	ff	ff	06	00	
fd	ff	ff	ff	00	00	01	00	f7	00	
5e	00	44	00	5e	00	44	00	44	00	
02	54	00	01	00	00	00	e9	dc	0e	
3f	00	00	f2	41	cd	76	87	16	d9	
3d	01	00	00	00	00	00	0f	04	00	
00	00	00	00	b8	1e	05	bd	29	5c	
0f	3d	03	03	03	03	03	03	