55	45	4c	59	53	59	53	08	1a	c1	
4f	00	c9	00	0f	72	6a	3f	87	04	
00	35	02	00	00	21	01	01	01	01	
01	e2	00	01	00	00	00	53	01	02	
00	00	00	64	00	4f	00	01	01	00	
00	00	00	27	01	29	01	03	77	ff	
19	7c	07	00	00	04	00	3f	1d	01	
00	2c	01	00	00	1e	00	8e	fe	58	
01	01	00	00	00	01	00	03	00	04	
00	02	00	54	01	02	00	02	00	01	
00	01	00	00	00	00	00	00	01	00	
00	03	00	02	00	ff	ff	06	00	08	
00	03	00	04	01	43	00	51	00	43	
00	36	00	51	00	02	ff	ff	06	00	
fd	ff	ff	ff	00	00	01	00	f7	00	
5e	00	51	00	5e	00	51	00	51	00	
02	54	00	01	00	00	00	c4	85	38	
3f	00	00	e4	41	04	7c	87	16	59	
bd	01	00	00	00	00	00	0f	04	00	
0a	d7	23	3b	29	5c	0f	bd	29	5c	
0f	3d	03	03	03	03	03	03	