55	45	4c	59	53	59	53	08	1a	c1	
21	00	c9	00	0f	6d	b0	d5	f6	02	
00	f9	01	00	00	21	01	01	01	01	
01	ec	00	00	01	00	00	27	01	02	
00	00	00	64	00	4f	00	01	01	00	
00	00	00	ff	00	03	01	03	75	ff	
d2	79	07	00	00	04	00	7f	7a	00	
00	2c	01	00	00	21	00	8e	fe	52	
01	01	00	00	00	01	00	03	00	04	
00	02	00	5f	01	02	00	02	00	01	
00	01	00	00	00	00	00	00	01	00	
00	02	00	02	00	fe	ff	06	00	07	
00	03	00	f5	00	36	00	36	00	35	
00	28	00	51	00	02	fe	ff	06	00	
fd	ff	ff	ff	00	00	01	00	f7	00	
51	00	36	00	51	00	36	00	36	00	
02	54	00	01	00	00	00	d6	09	25	
3f	00	00	c8	41	d5	79	df	4f	0d	
3e	01	00	00	00	00	00	0f	04	00	
0a	d7	23	3c	29	5c	0f	bd	ad	47	
e1	3c	03	03	03	03	03	03	