55	45	4c	59	53	59	53	08	1a	c0	
20	00	c9	00	0f	b7	49	7c	63	05	
00	a6	05	00	00	21	01	01	01	01	
01	e3	00	00	01	00	00	4f	01	02	
00	00	00	64	00	4f	00	01	01	00	
00	00	00	27	01	29	01	03	8f	ff	
c4	79	07	00	00	04	00	45	d8	00	
00	0f	01	00	00	1c	00	1d	00	5b	
01	01	00	00	00	01	00	03	00	04	
00	02	00	05	00	02	00	02	00	01	
01	01	00	00	00	00	00	00	00	00	
00	03	00	02	00	ff	ff	06	00	08	
00	03	00	04	01	43	00	43	00	43	
00	36	00	51	00	02	ff	ff	06	00	
fd	ff	ff	ff	00	00	01	00	f7	00	
51	00	44	00	5e	00	44	00	36	00	
02	54	00	01	00	00	00	01	b3	11	
3f	00	00	f2	41	95	79	cb	a1	65	
bf	01	00	00	00	00	00	0b	04	00	
0a	d7	23	3c	29	5c	0f	bd	b8	1e	
05	3d	03	03	03	03	03	03	