55	45	4c	59	53	59	53	08	1a	c0	
9d	00	c9	00	0f	d1	94	24	ad	07	
00	f6	06	00	00	21	01	01	01	01	
01	e3	00	00	01	00	00	39	01	02	
00	00	00	64	00	4f	00	01	01	00	
00	00	00	0b	01	0f	01	03	f9	fe	
2f	78	07	00	00	04	00	d2	bd	00	
00	0f	01	00	00	20	00	21	00	5e	
04	01	00	b0	00	01	00	03	00	04	
00	02	00	5d	01	02	00	02	00	01	
01	01	00	01	00	00	00	00	01	00	
00	02	00	02	00	fe	ff	06	00	08	
00	02	00	f5	00	43	00	43	00	35	
00	28	00	51	00	02	fe	ff	06	00	
fd	ff	ff	ff	00	00	01	00	e8	00	
5e	00	44	00	51	00	36	00	36	00	
02	54	00	01	00	00	00	48	a7	19	
3f	00	00	d4	41	31	78	58	39	34	
3e	01	00	00	00	00	00	0b	04	00	
0a	d7	23	3b	29	5c	0f	bd	29	5c	
0f	3d	03	03	03	03	03	03	