55	45	4c	59	53	59	53	08	1a	c0	
ec	00	c9	00	0f	66	d0	3f	a7	04	
00	a0	01	00	00	21	01	01	01	01	
01	e2	00	01	00	00	00	55	01	02	
00	00	00	64	00	4f	00	01	01	00	
00	00	00	24	01	29	01	03	6a	ff	
6d	7b	07	00	00	04	00	da	28	01	
00	2c	01	00	00	1d	00	1b	00	5f	
01	01	00	00	00	01	00	03	00	04	
00	02	00	56	01	02	00	02	00	01	
01	01	00	00	00	00	00	00	01	00	
00	02	00	02	00	ff	ff	06	00	08	
00	03	00	f5	00	43	00	43	00	43	
00	36	00	51	00	02	fe	ff	06	00	
fd	ff	ff	ff	00	00	01	00	f7	00	
51	00	36	00	5e	00	36	00	36	00	
02	54	00	01	00	00	00	40	ec	2f	
3f	00	00	e2	41	52	7b	10	58	39	
be	01	00	00	00	00	00	0b	04	00	
8f	c2	75	3c	99	99	19	bd	b8	1e	
05	3d	03	03	03	03	03	03	