55	45	4c	59	53	59	53	08	1a	c0	
37	00	c9	00	0f	ee	48	91	fd	04	
00	66	08	00	00	21	01	01	01	01	
01	ee	00	01	00	00	00	2d	01	04	
00	00	00	02	00	50	00	01	01	00	
00	00	00	04	01	08	01	03	44	ff	
d1	7a	07	00	00	05	00	97	9c	02	
00	00	00	00	00	20	00	21	00	51	
01	01	00	00	00	01	00	03	00	04	
00	55	01	61	01	02	00	02	00	01	
01	01	00	00	00	00	00	01	01	00	
00	02	00	02	00	ff	ff	06	00	07	
00	03	00	f5	00	28	00	28	00	50	
00	28	00	36	00	02	fe	ff	06	00	
fd	ff	ff	ff	00	00	01	00	f7	00	
51	00	51	00	51	00	36	00	36	00	
02	55	00	01	00	00	00	0c	3f	34	
3f	00	00	cc	41	c4	7a	5e	ba	49	
3e	01	00	00	00	00	00	0b	04	00	
8f	c2	75	3c	29	5c	0f	bd	ad	47	
e1	3c	03	03	03	03	03	03	