55	45	4c	59	53	59	53	08	1a	c2	
33	00	c9	00	0f	88	0c	16	7c	01	
00	4b	03	00	00	21	01	01	01	01	
01	e2	00	01	00	00	00	3d	01	02	
00	00	00	64	00	4f	00	01	01	00	
00	00	00	10	01	13	01	03	99	ff	
47	76	07	00	00	04	00	cc	c6	01	
00	0f	01	00	00	1f	00	8e	fe	60	
01	01	00	00	00	01	00	03	00	04	
00	02	00	05	00	02	00	02	00	01	
00	01	00	00	00	00	00	00	00	00	
00	02	00	02	00	fe	ff	06	00	08	
00	03	00	f5	00	43	00	43	00	35	
00	36	00	43	00	02	fe	ff	06	00	
fd	ff	ff	ff	00	00	01	00	f7	00	
51	00	36	00	5e	00	36	00	36	00	
02	54	00	01	00	00	00	f1	92	0b	
3f	00	00	ce	41	51	76	f8	53	e3	
3d	01	00	00	00	00	00	0f	04	00	
0a	d7	23	3c	0a	d7	23	bd	b8	1e	
05	3d	03	03	03	03	03	03	