55	45	4c	59	53	59	53	08	1a	c0	
74	00	c9	00	0f	59	6a	d5	e5	02	
00	f5	00	00	00	21	01	01	01	01	
01	ec	00	00	01	00	00	2c	01	02	
00	00	00	64	00	4f	00	01	01	00	
00	00	00	06	01	0a	01	03	63	ff	
45	7b	07	00	00	04	00	c8	8e	00	
00	0f	01	00	00	1f	00	8e	fe	51	
01	01	00	b1	00	01	00	03	00	04	
00	02	00	5e	01	02	00	02	00	01	
00	01	00	01	00	00	00	00	01	00	
00	02	00	02	00	fe	ff	06	00	08	
00	03	00	f5	00	36	00	36	00	35	
00	36	00	43	00	02	ff	ff	06	00	
fc	ff	ff	ff	00	00	01	00	e8	00	
51	00	36	00	51	00	36	00	36	00	
02	54	00	01	00	00	00	94	97	28	
3f	00	00	d4	41	25	7b	04	56	8e	
be	01	00	00	00	00	00	0f	04	00	
8f	c2	f5	3b	b8	1e	05	bd	8f	c2	
f5	3c	03	03	03	03	03	03	