55	45	4c	59	53	59	53	08	1a	c0	
01	00	c9	00	0f	e4	79	87	f6	0b	
00	e6	07	00	00	21	01	01	01	01	
01	e7	00	01	00	00	00	2e	01	02	
00	00	00	64	00	4f	00	01	01	00	
00	00	00	04	01	08	01	03	53	ff	
a4	75	07	00	00	04	00	39	aa	00	
00	fc	00	00	00	91	00	5b	ff	6f	
04	01	00	00	00	01	00	03	00	04	
00	02	00	05	00	02	00	02	00	00	
00	01	00	00	00	00	00	00	00	00	
00	03	00	02	00	ff	ff	06	00	08	
00	03	00	f5	00	36	00	36	00	35	
00	36	00	51	00	02	ff	ff	06	00	
fd	ff	ff	ff	00	00	01	00	d8	00	
43	00	44	00	43	00	28	00	36	00	
02	54	00	01	00	00	00	19	68	03	
3f	00	00	cc	41	8d	75	10	58	39	
3e	01	00	00	00	00	00	0f	00	00	
00	00	00	00	00	00	00	00	00	00	
00	00	00	00	00	00	00	00	