55	45	4c	59	53	59	53	08	1a	c1	
15	00	c9	00	0f	66	88	16	9b	01	
00	9e	01	00	00	21	01	01	01	01	
01	e2	00	01	00	00	00	41	01	02	
00	00	00	64	00	4f	00	01	01	00	
00	00	00	13	01	17	01	03	9b	ff	
cd	79	07	00	00	04	00	54	e8	01	
00	2c	01	00	00	1d	00	8f	fe	5c	
01	01	00	00	00	01	00	03	00	04	
00	02	00	05	00	02	00	02	00	01	
00	01	00	00	00	00	00	00	00	00	
00	02	00	02	00	ff	ff	06	00	08	
00	03	00	04	01	43	00	43	00	35	
00	28	00	43	00	02	fe	ff	06	00	
fd	ff	ff	ff	00	00	01	00	f7	00	
51	00	36	00	5e	00	36	00	36	00	
02	54	00	01	00	00	00	59	9c	27	
3f	00	00	d4	41	b9	79	17	d9	ce	
3d	01	00	00	00	00	00	0f	04	00	
8f	c2	f5	3b	8f	c2	f5	bc	cc	cc	
cc	3c	03	03	03	03	03	03	