55	45	4c	59	53	59	53	08	1a	c0	
61	00	c9	00	0f	51	70	14	8d	01	
00	90	00	00	00	21	01	01	01	01	
01	e2	00	01	00	00	00	49	01	02	
00	00	00	64	00	4f	00	01	01	00	
00	00	00	1d	01	21	01	03	78	ff	
e3	7b	07	00	00	04	00	ae	3a	02	
00	0f	01	00	00	1c	00	8e	fe	52	
01	01	00	00	00	01	00	03	00	04	
00	52	01	05	00	02	00	02	00	01	
00	01	00	00	00	00	00	01	00	00	
00	02	00	02	00	ff	ff	06	00	08	
00	03	00	04	01	43	00	43	00	43	
00	36	00	51	00	02	ff	ff	06	00	
fd	ff	ff	ff	00	00	01	00	f7	00	
51	00	36	00	51	00	36	00	44	00	
02	54	00	01	00	00	00	4c	f5	2f	
3f	00	00	ea	41	c6	7b	89	41	60	
be	01	00	00	00	00	00	0f	04	00	
0a	d7	23	3c	8f	c2	f5	bc	8f	c2	
f5	3c	03	03	03	03	03	03	