55	45	4c	59	53	59	53	08	1a	c0	
4e	00	c9	00	0f	4f	36	02	8c	01	
00	73	00	00	00	21	01	01	01	01	
01	e2	00	01	00	00	00	66	01	02	
00	00	00	64	00	4f	00	01	01	00	
00	00	00	22	01	25	01	03	61	ff	
4a	76	07	00	00	04	00	e6	73	02	
00	0f	01	00	00	1c	00	1f	00	5a	
01	01	00	00	00	01	00	03	00	04	
00	02	00	05	00	ca	00	02	00	01	
01	01	00	00	00	00	00	00	00	01	
00	02	00	02	00	fe	ff	06	00	08	
00	03	00	04	01	43	00	43	00	43	
00	36	00	51	00	02	fe	ff	06	00	
fc	ff	ff	ff	00	00	01	00	e8	00	
51	00	36	00	43	00	36	00	36	00	
02	54	00	01	00	00	00	fc	9e	0d	
3f	00	00	dd	41	51	76	0a	d7	23	
3e	01	00	00	00	00	00	0b	04	00	
8f	c2	75	3c	8f	c2	f5	bc	29	5c	
0f	3d	03	03	03	03	03	03	