55	45	4c	59	53	59	53	08	1a	c0	
fc	00	c9	00	0f	69	5a	d5	d4	02	
00	c1	01	00	00	21	01	01	01	01	
01	ec	00	00	01	00	00	29	01	02	
00	00	00	64	00	4f	00	01	01	00	
00	00	00	01	01	05	01	03	76	ff	
3f	7a	07	00	00	04	00	d5	7e	00	
00	2c	01	00	00	20	00	8e	fe	52	
01	01	00	00	00	01	00	03	00	04	
00	02	00	5e	01	02	00	02	00	01	
00	01	00	00	00	00	00	00	01	00	
00	02	00	02	00	ff	ff	06	00	08	
00	03	00	f5	00	36	00	36	00	43	
00	28	00	43	00	02	fe	ff	06	00	
fc	ff	ff	ff	00	00	01	00	e8	00	
51	00	36	00	5e	00	36	00	28	00	
02	54	00	01	00	00	00	56	d6	28	
3f	00	00	cc	41	49	7a	df	4f	0d	
3e	01	00	00	00	00	00	0f	04	00	
0a	d7	a3	3b	99	99	19	bd	29	5c	
0f	3d	03	03	03	03	03	03	