55	45	4c	59	53	59	53	08	1a	c1	
dc	00	c9	00	0f	82	f0	3f	88	04	
00	08	03	00	00	21	01	01	01	01	
01	e2	00	01	00	00	00	5a	01	02	
00	00	00	64	00	4f	00	01	01	00	
00	00	00	38	01	3c	01	03	7e	fe	
86	78	07	00	00	04	00	b7	0c	01	
00	0f	01	00	00	1d	00	8e	fe	5a	
01	01	00	00	00	01	00	ca	04	b9	
00	02	00	52	01	02	00	02	00	01	
00	01	00	00	00	01	01	00	01	00	
00	03	00	02	00	ff	ff	06	00	08	
00	03	00	04	01	43	00	51	00	43	
00	36	00	51	00	02	ff	ff	06	00	
fd	ff	ff	ff	00	00	01	00	f7	00	
5e	00	44	00	6c	00	44	00	44	00	
02	54	00	01	00	00	00	8a	c2	20	
3f	00	00	ea	41	81	78	27	31	c8	
3e	01	00	00	00	00	00	0f	04	00	
0a	d7	23	3c	99	99	19	bd	b8	1e	
05	3d	03	03	03	03	03	03	