55	45	4c	59	53	59	53	08	1a	c2	
13	00	c9	00	0f	cc	d7	b7	d1	03	
00	ba	06	00	00	21	01	01	01	01	
01	ed	00	01	00	00	00	1f	01	02	
00	00	00	64	00	4f	00	01	01	00	
00	00	00	fa	00	fd	00	03	95	ff	
83	71	07	00	00	04	00	26	1b	00	
00	0f	01	00	00	24	00	8e	fe	54	
01	01	00	00	00	01	00	03	00	04	
00	02	00	05	00	02	00	02	00	01	
00	01	00	00	00	00	00	00	00	00	
00	03	00	02	00	ff	ff	06	00	08	
00	03	00	14	01	28	00	28	00	43	
00	43	00	28	00	02	fe	ff	06	00	
fd	ff	ff	ff	00	00	01	00	d8	00	
36	00	36	00	43	00	1b	00	28	00	
02	54	00	01	00	00	00	97	a1	ab	
3e	00	00	c0	41	85	71	87	16	d9	
3d	01	00	00	00	00	00	0f	04	00	
8f	c2	75	3c	8f	c2	f5	bc	8f	c2	
f5	3c	03	03	03	03	03	03	