08	1a	c0	72	00	c9	00	0f	53	6e	
0e	81	55	45	4c	59	53	59	53	01	
00	a9	00	00	00	21	01	01	01	01	
01	e2	00	01	00	00	00	48	01	02	
00	00	00	64	00	4f	00	01	01	00	
00	00	00	1d	01	1f	01	03	9c	ff	
3c	79	07	00	00	04	00	43	84	02	
00	0f	01	00	00	1a	00	8f	fe	53	
01	01	00	00	00	01	00	03	00	04	
00	02	00	05	00	02	00	02	00	01	
00	01	00	00	00	00	00	00	00	00	
00	03	00	02	00	ff	ff	06	00	07	
00	03	00	04	01	43	00	43	00	35	
00	36	00	43	00	02	fe	ff	06	00	
fc	ff	ff	ff	00	00	01	00	e8	00	
51	00	44	00	5e	00	44	00	44	00	
02	54	00	01	00	00	00	b9	be	23	
3f	00	00	dc	41	46	79	17	d9	ce	
3d	01	00	00	00	00	00	0f	04	00	
8f	c2	f5	3b	b8	1e	05	bd	29	5c	
0f	3d	03	03	03	03	03	03	