55	45	4c	59	53	59	53	08	1a	c1	
04	00	c9	00	0f	6a	4a	d5	f2	02	
00	cd	01	00	00	21	01	01	01	01	
01	ec	00	00	01	00	00	28	01	02	
00	00	00	64	00	4f	00	01	01	00	
00	00	00	01	01	04	01	03	75	ff	
27	7a	07	00	00	04	00	e5	7d	00	
00	0f	01	00	00	1f	00	8e	fe	52	
01	01	00	00	00	01	00	03	00	04	
00	02	00	5d	01	02	00	02	00	01	
00	01	00	00	00	00	00	00	01	00	
00	03	00	02	00	ff	ff	06	00	08	
00	03	00	f5	00	36	00	36	00	35	
00	36	00	43	00	02	ff	ff	06	00	
fd	ff	ff	ff	00	00	01	00	e8	00	
51	00	36	00	51	00	36	00	36	00	
02	54	00	01	00	00	00	8b	03	28	
3f	00	00	cc	41	2e	7a	df	4f	0d	
3e	01	00	00	00	00	00	0f	04	00	
8f	c2	75	3c	99	99	19	bd	b8	1e	
05	3d	03	03	03	03	03	03	