55	45	4c	59	53	59	53	08	1a	c1	
0c	00	c9	00	0f	65	7a	02	8b	01	
00	90	01	00	00	21	01	01	01	01	
01	e2	00	01	00	00	00	4c	01	02	
00	00	00	64	00	4f	00	01	01	00	
00	00	00	1d	01	21	01	03	96	ff	
d2	73	07	00	00	04	00	9f	5d	02	
00	0f	01	00	00	20	00	8f	fe	5a	
01	01	00	00	00	01	00	03	00	04	
00	02	00	05	00	02	00	02	00	01	
00	01	00	00	00	00	00	00	00	00	
00	03	00	02	00	fe	ff	06	00	08	
00	03	00	04	01	43	00	43	00	43	
00	36	00	43	00	02	fe	ff	06	00	
fd	ff	ff	ff	00	00	01	00	e8	00	
51	00	44	00	5e	00	36	00	44	00	
02	54	00	01	00	00	00	4c	28	e3	
3e	00	00	dd	41	be	73	f8	53	e3	
3d	01	00	00	00	00	00	0b	04	00	
8f	c2	75	3c	b8	1e	05	bd	8f	c2	
f5	3c	03	03	03	03	03	03	