55	45	4c	59	53	59	53	08	1a	c0	
01	00	c9	00	0f	e3	f1	be	b0	0a	
00	e0	07	00	00	21	01	01	01	01	
01	e6	00	01	00	00	00	2f	01	02	
00	00	00	64	00	4f	00	01	01	00	
00	00	00	04	01	08	01	03	51	ff	
ae	75	07	00	00	04	00	e2	aa	00	
00	ff	00	00	00	91	00	5b	ff	6e	
04	01	00	00	00	01	00	03	00	04	
00	02	00	05	00	02	00	02	00	00	
00	01	00	00	00	00	00	00	00	00	
00	02	00	02	00	ff	ff	06	00	08	
00	03	00	f5	00	36	00	36	00	35	
00	36	00	43	00	02	ff	ff	06	00	
fd	ff	ff	ff	00	00	01	00	e8	00	
51	00	36	00	51	00	36	00	36	00	
02	54	00	01	00	00	00	b1	dc	03	
3f	00	00	cc	41	b1	75	58	39	34	
3e	01	00	00	00	00	00	0f	00	00	
00	00	00	00	00	00	00	00	00	00	
00	00	00	00	00	00	00	00	