55	45	4c	59	53	59	53	08	1a	c5	
ac	00	c9	00	0f	f0	3a	16	9a	01	
00	80	08	00	00	21	01	01	01	01	
01	e2	00	01	00	00	00	41	01	02	
00	00	00	64	00	4f	00	01	01	00	
00	00	00	15	01	18	01	03	96	ff	
cd	72	07	00	00	04	00	91	5e	01	
00	0f	01	00	00	1d	00	8e	fe	5a	
01	01	00	00	00	01	00	03	00	04	
00	02	00	05	00	02	00	02	00	01	
00	01	00	00	00	00	00	00	00	00	
00	02	00	02	00	ff	ff	06	00	08	
00	03	00	f5	00	43	00	43	00	43	
00	28	00	51	00	02	fe	ff	06	00	
fd	ff	ff	ff	00	00	01	00	e8	00	
51	00	44	00	5e	00	36	00	36	00	
02	54	00	01	00	00	00	8f	99	78	
3e	00	00	e0	41	75	72	21	b0	f2	
bf	01	00	00	00	00	00	0f	04	00	
8f	c2	75	3c	b8	1e	05	bd	ad	47	
e1	3c	03	03	03	03	03	03	