55	45	4c	59	53	59	53	08	1a	c0	
9b	00	c9	00	0f	d1	58	26	bc	07	
00	f3	06	00	00	21	01	01	01	01	
01	e3	00	00	01	00	00	3a	01	02	
00	00	00	64	00	4f	00	01	01	00	
00	00	00	0b	01	0f	01	03	52	ff	
57	78	07	00	00	04	00	0e	be	00	
00	0f	01	00	00	20	00	22	00	59	
01	01	00	b1	00	01	00	03	00	04	
00	02	00	5a	01	02	00	02	00	01	
01	01	00	01	00	00	00	00	01	00	
00	03	00	02	00	fe	ff	06	00	08	
00	03	00	f5	00	43	00	43	00	35	
00	28	00	51	00	02	fe	ff	06	00	
fd	ff	ff	ff	00	00	01	00	e8	00	
51	00	36	00	51	00	36	00	36	00	
02	54	00	01	00	00	00	36	f1	19	
3f	00	00	d4	41	43	78	58	39	34	
3e	01	00	00	00	00	00	0b	04	00	
00	00	00	00	0a	d7	23	bd	8f	c2	
f5	3c	03	03	03	03	03	03	