55	45	4c	59	53	59	53	08	1a	c1	
d9	00	c9	00	0f	82	96	3f	a6	04	
00	04	03	00	00	21	01	01	01	01	
01	e2	00	01	00	00	00	59	01	02	
00	00	00	64	00	4f	00	01	01	00	
00	00	00	38	01	3b	01	03	7f	fe	
ac	78	07	00	00	04	00	11	0d	01	
00	0f	01	00	00	1f	00	8f	fe	58	
01	01	00	00	00	01	00	ca	04	b9	
00	02	00	54	01	02	00	02	00	01	
00	01	00	00	00	01	01	00	01	00	
00	03	00	02	00	ff	ff	06	00	08	
00	03	00	04	01	51	00	51	00	43	
00	36	00	51	00	02	fe	ff	06	00	
fd	ff	ff	ff	00	00	01	00	f7	00	
5e	00	44	00	5e	00	44	00	44	00	
02	54	00	01	00	00	00	57	b8	21	
3f	00	00	ea	41	a5	78	27	31	c8	
3e	01	00	00	00	00	00	0f	04	00	
8f	c2	f5	3b	29	5c	0f	bd	29	5c	
0f	3d	03	03	03	03	03	03	