55	45	4c	59	53	59	53	08	1a	c0	
cb	00	c9	00	0f	5d	dc	04	82	01	
00	2f	01	00	00	21	01	01	01	01	
01	e2	00	01	00	00	00	5a	01	02	
00	00	00	64	00	4f	00	01	01	00	
00	00	00	22	01	27	01	03	97	ff	
6c	74	07	00	00	04	00	3e	65	02	
00	0f	01	00	00	1d	00	8e	fe	64	
01	01	00	00	00	01	00	03	00	04	
00	02	00	05	00	02	00	02	00	01	
00	01	00	00	00	00	00	00	00	00	
00	02	00	02	00	fe	ff	06	00	08	
00	03	00	f5	00	43	00	43	00	43	
00	28	00	51	00	02	fe	ff	06	00	
fc	ff	ff	ff	00	00	01	00	f7	00	
5e	00	36	00	51	00	36	00	36	00	
02	54	00	01	00	00	00	05	de	f0	
3e	00	00	de	41	56	74	87	16	d9	
3d	01	00	00	00	00	00	0b	04	00	
8f	c2	75	3c	b8	1e	05	bd	29	5c	
0f	3d	03	03	03	03	03	03	