55	45	4c	59	53	59	53	08	1a	c1	
43	00	c9	00	0f	6b	ec	16	8e	01	
00	e3	01	00	00	21	01	01	01	01	
01	e2	00	01	00	00	00	40	01	02	
00	00	00	64	00	4f	00	01	01	00	
00	00	00	13	01	15	01	03	9b	ff	
58	79	07	00	00	04	00	ef	e2	01	
00	0f	01	00	00	1d	00	8e	fe	6a	
01	01	00	00	00	01	00	03	00	04	
00	02	00	05	00	02	00	02	00	01	
00	01	00	00	00	00	00	00	00	00	
00	02	00	02	00	fe	ff	06	00	08	
00	03	00	f5	00	43	00	36	00	35	
00	36	00	51	00	02	ff	ff	06	00	
fd	ff	ff	ff	00	00	01	00	e8	00	
51	00	44	00	5e	00	36	00	36	00	
02	54	00	01	00	00	00	90	a5	23	
3f	00	00	d4	41	45	79	17	d9	ce	
3d	01	00	00	00	00	00	0f	04	00	
0a	d7	23	3c	b8	1e	05	bd	8f	c2	
f5	3c	03	03	03	03	03	03	