55	45	4c	59	53	59	53	08	1a	c0	
0e	00	c9	00	0f	e9	7c	a4	6c	11	
00	23	08	00	00	21	01	01	01	01	
01	ec	00	00	01	00	00	33	01	02	
00	00	00	64	00	4f	00	01	01	00	
00	00	00	04	01	08	01	03	d1	fe	
ed	74	07	00	00	04	00	63	a4	00	
00	0f	01	00	00	22	00	dc	01	56	
01	01	00	00	00	01	00	03	00	04	
00	02	00	05	00	02	00	02	00	01	
01	01	00	00	00	00	00	00	00	00	
00	02	00	02	00	ff	ff	06	00	08	
00	03	00	f5	00	36	00	43	00	35	
00	28	00	43	00	02	ff	ff	06	00	
fd	ff	ff	ff	00	00	01	00	e8	00	
51	00	36	00	51	00	36	00	36	00	
02	54	00	01	00	00	00	44	45	fd	
3e	00	00	ca	41	f6	74	52	b8	9e	
3e	01	00	00	00	00	00	0b	04	00	
8f	c2	f5	3b	b8	1e	05	bd	8f	c2	
f5	3c	03	03	03	03	03	03	