55	45	4c	59	53	59	53	08	1a	c0	
02	00	c9	00	0f	e5	67	08	b2	0e	
00	f0	07	00	00	21	01	01	01	01	
01	ea	00	01	00	00	00	30	01	02	
00	00	00	64	00	4f	00	01	01	00	
00	00	00	04	01	07	01	03	af	ff	
a1	75	07	00	00	04	00	af	a8	00	
00	0f	01	00	00	91	00	5a	ff	52	
01	01	00	00	00	01	00	03	00	04	
00	02	00	05	00	02	00	02	00	00	
00	01	00	00	00	00	00	00	00	00	
00	03	00	02	00	ff	ff	06	00	08	
00	03	00	f5	00	43	00	36	00	35	
00	36	00	43	00	02	fe	ff	06	00	
fd	ff	ff	ff	00	00	01	00	e8	00	
51	00	36	00	51	00	36	00	36	00	
02	54	00	01	00	00	00	58	57	02	
3f	00	00	cc	41	a8	75	7b	14	ae	
3d	01	00	00	00	00	00	0f	00	00	
00	00	00	00	00	00	00	00	00	00	
00	00	00	00	00	00	00	00	