55	45	4c	59	53	59	53	08	1a	c1	
84	00	c9	00	0f	79	4a	d5	ea	02	
00	8d	02	00	00	21	01	01	01	01	
01	ec	00	00	01	00	00	23	01	02	
00	00	00	64	00	4f	00	01	01	00	
00	00	00	fc	00	00	01	03	74	ff	
1d	78	07	00	00	04	00	e3	6e	00	
00	2c	01	00	00	21	00	8e	fe	53	
01	01	00	00	00	01	00	03	00	04	
00	02	00	5d	01	02	00	02	00	01	
00	01	00	00	00	00	00	00	01	00	
00	03	00	02	00	ff	ff	06	00	08	
00	03	00	f5	00	36	00	36	00	35	
00	28	00	43	00	02	ff	ff	06	00	
fd	ff	ff	ff	00	00	01	00	e8	00	
51	00	36	00	51	00	36	00	36	00	
02	54	00	01	00	00	00	a3	43	1a	
3f	00	00	c2	41	21	78	75	93	18	
3e	01	00	00	00	00	00	0f	04	00	
8f	c2	f5	3b	ad	47	e1	bc	b8	1e	
05	3d	03	03	03	03	03	03	