55	45	4c	59	53	59	53	08	1a	c1	
a5	00	c9	00	0f	bf	f3	b7	d1	03	
00	15	06	00	00	21	01	01	01	01	
01	ed	00	01	00	00	00	1d	01	02	
00	00	00	64	00	4f	00	01	01	00	
00	00	00	f7	00	fa	00	03	96	ff	
59	72	07	00	00	04	00	0b	28	00	
00	2c	01	00	00	20	00	8e	fe	54	
01	01	00	00	00	01	00	03	00	04	
00	02	00	05	00	02	00	02	00	01	
00	01	00	00	00	00	00	00	00	00	
00	03	00	02	00	ff	ff	06	00	08	
00	03	00	14	01	28	00	28	00	43	
00	43	00	28	00	02	ff	ff	06	00	
fd	ff	ff	ff	00	00	01	00	e8	00	
36	00	36	00	43	00	1b	00	28	00	
02	54	00	01	00	00	00	32	7b	bf	
3e	00	00	bc	41	5a	72	87	16	d9	
3d	01	00	00	00	00	00	0f	04	00	
0a	d7	23	3c	ad	47	e1	bc	29	5c	
0f	3d	03	03	03	03	03	03	