55	45	4c	59	53	59	53	08	1a	c1	
41	00	c9	00	0f	b4	3b	b7	d1	03	
00	7f	05	00	00	21	01	01	01	01	
01	ed	00	01	00	00	00	1c	01	02	
00	00	00	64	00	4f	00	01	01	00	
00	00	00	f5	00	fa	00	03	97	ff	
1f	73	07	00	00	04	00	c5	33	00	
00	0f	01	00	00	24	00	8e	fe	5f	
01	01	00	00	00	01	00	03	00	04	
00	02	00	05	00	02	00	02	00	01	
00	01	00	00	00	00	00	00	00	00	
00	03	00	02	00	ff	ff	06	00	07	
00	03	00	14	01	28	00	28	00	43	
00	43	00	1b	00	02	fe	ff	06	00	
fd	ff	ff	ff	00	00	01	00	e8	00	
36	00	36	00	43	00	1b	00	36	00	
02	54	00	01	00	00	00	6d	1b	d2	
3e	00	00	bc	41	1e	73	87	16	d9	
3d	01	00	00	00	00	00	0f	04	00	
8f	c2	f5	3b	8f	c2	f5	bc	b8	1e	
05	3d	03	03	03	03	03	03	