55	45	4c	59	53	59	53	08	1a	c3	
a4	00	c9	00	0f	b3	4a	16	82	01	
00	74	05	00	00	21	01	01	01	01	
01	e2	00	01	00	00	00	3d	01	02	
00	00	00	64	00	4f	00	01	01	00	
00	00	00	0e	01	13	01	03	96	ff	
d1	72	07	00	00	04	00	88	9b	01	
00	0f	01	00	00	1b	00	8f	fe	5a	
01	01	00	00	00	01	00	03	00	04	
00	02	00	05	00	02	00	02	00	01	
00	01	00	00	00	00	00	00	00	00	
00	02	00	02	00	ff	ff	06	00	07	
00	03	00	f5	00	36	00	43	00	35	
00	28	00	43	00	02	fe	ff	06	00	
fd	ff	ff	ff	00	00	01	00	e8	00	
51	00	36	00	51	00	36	00	36	00	
02	54	00	01	00	00	00	79	1c	cb	
3e	00	00	ce	41	d7	72	f8	53	e3	
3d	01	00	00	00	00	00	0f	04	00	
8f	c2	75	3c	29	5c	0f	bd	ad	47	
e1	3c	03	03	03	03	03	03	