55	45	4c	59	53	59	53	08	1a	c3	
34	00	c9	00	0f	ab	40	3f	99	04	
00	0c	05	00	00	21	01	01	01	01	
01	e2	00	01	00	00	00	4c	01	02	
00	00	00	64	00	4f	00	01	01	00	
00	00	00	1f	01	24	01	03	62	ff	
ea	74	07	00	00	04	00	62	e4	00	
00	0f	01	00	00	20	00	8e	fe	5a	
01	01	00	00	00	01	00	03	00	04	
00	02	00	05	00	00	01	02	00	01	
00	01	00	00	00	00	00	00	00	01	
00	03	00	02	00	fe	ff	06	00	08	
00	03	00	f5	00	43	00	43	00	43	
00	36	00	51	00	02	ff	ff	06	00	
fd	ff	ff	ff	00	00	01	00	e8	00	
5e	00	36	00	5e	00	36	00	36	00	
02	54	00	01	00	00	00	17	4c	f8	
3e	00	00	de	41	db	74	0a	d7	23	
3e	01	00	00	00	00	00	0f	04	00	
0a	d7	23	3b	7b	14	2e	bd	29	5c	
0f	3d	03	03	03	03	03	03	