55	45	4c	59	53	59	53	08	1a	c0	
bf	00	c9	00	0f	5c	74	16	8f	01	
00	1d	01	00	00	21	01	01	01	01	
01	e2	00	01	00	00	00	4a	01	02	
00	00	00	64	00	4f	00	01	01	00	
00	00	00	1d	01	20	01	03	9d	ff	
67	7c	07	00	00	04	00	a9	2f	02	
00	0f	01	00	00	1d	00	8e	fe	53	
01	01	00	00	00	01	00	03	00	04	
00	02	00	05	00	02	00	02	00	01	
00	01	00	00	00	00	00	00	00	00	
00	03	00	02	00	fe	ff	06	00	08	
00	03	00	04	01	51	00	51	00	50	
00	43	00	5f	00	02	fe	ff	06	00	
fc	ff	ff	ff	00	00	01	00	07	01	
5e	00	51	00	5e	00	51	00	51	00	
02	54	00	01	00	00	00	1c	0e	39	
3f	00	00	e0	41	54	7c	6f	12	83	
bd	01	00	00	00	00	00	0f	04	00	
0a	d7	23	3c	29	5c	0f	bd	ad	47	
e1	3c	03	03	03	03	03	03	