08	1a	c0	79	00	c9	00	0f	54	40	
0e	a0	55	45	4c	59	53	59	53	01	
00	b4	00	00	00	21	01	01	01	01	
01	e2	00	01	00	00	00	48	01	02	
00	00	00	64	00	4f	00	01	01	00	
00	00	00	1a	01	1f	01	03	9c	ff	
28	79	07	00	00	04	00	71	83	02	
00	0f	01	00	00	1d	00	8e	fe	52	
01	01	00	00	00	01	00	03	00	04	
00	02	00	05	00	02	00	02	00	01	
00	01	00	00	00	00	00	00	00	00	
00	02	00	02	00	ff	ff	06	00	08	
00	03	00	04	01	43	00	43	00	35	
00	36	00	43	00	02	ff	ff	06	00	
fd	ff	ff	ff	00	00	01	00	e8	00	
51	00	36	00	51	00	36	00	36	00	
02	54	00	01	00	00	00	d7	19	23	
3f	00	00	dc	41	18	79	17	d9	ce	
3d	01	00	00	00	00	00	0f	04	00	
0a	d7	a3	3c	b8	1e	05	bd	8f	c2	
f5	3c	03	03	03	03	03	03	