55	45	4c	59	53	59	53	08	1a	c1	
b2	00	c9	00	0f	7e	04	3f	98	04	
00	c9	02	00	00	21	01	01	01	01	
01	e2	00	01	00	00	00	51	01	02	
00	00	00	64	00	4f	00	01	01	00	
00	00	00	2c	01	2e	01	03	83	fe	
15	7a	07	00	00	04	00	a3	11	01	
00	0f	01	00	00	1d	00	8f	fe	58	
01	01	00	00	00	01	00	c6	04	b8	
00	02	00	56	01	02	00	02	00	01	
00	01	00	00	00	01	01	00	01	00	
00	03	00	02	00	ff	ff	06	00	08	
00	03	00	04	01	43	00	51	00	43	
00	36	00	51	00	02	fe	ff	06	00	
fd	ff	ff	ff	00	00	01	00	f7	00	
5e	00	44	00	5e	00	44	00	44	00	
02	54	00	01	00	00	00	72	ec	2d	
3f	00	00	e4	41	09	7a	b8	1e	c5	
3e	01	00	00	00	00	00	0f	04	00	
0a	d7	23	3c	99	99	19	bd	99	99	
19	3d	03	03	03	03	03	03	