55	45	4c	59	53	59	53	08	1a	c2	
12	00	c9	00	0f	89	44	3f	98	04	
00	59	03	00	00	21	01	01	01	01	
01	e2	00	01	00	00	00	63	01	02	
00	00	00	64	00	4f	00	01	01	00	
00	00	00	42	01	45	01	03	77	fe	
33	76	07	00	00	04	00	62	06	01	
00	0f	01	00	00	1e	00	8f	fe	58	
01	01	00	00	00	01	00	cc	04	b9	
00	02	00	53	01	02	00	02	00	01	
00	01	00	00	00	01	01	00	01	00	
00	03	00	02	00	ff	ff	06	00	08	
00	03	00	04	01	51	00	51	00	43	
00	36	00	51	00	02	ff	ff	06	00	
fc	ff	ff	ff	00	00	01	00	f7	00	
5e	00	44	00	5e	00	44	00	44	00	
02	54	00	01	00	00	00	00	ce	0e	
3f	00	00	f2	41	2d	76	df	4f	cd	
3e	01	00	00	00	00	00	0f	04	00	
0a	d7	23	3b	0a	d7	23	bd	b8	1e	
05	3d	03	03	03	03	03	03	