55	45	4c	59	53	59	53	08	1a	c0	
c2	00	c9	00	0f	d5	ea	24	ad	07	
00	2d	07	00	00	21	01	01	01	01	
01	e3	00	00	01	00	00	39	01	02	
00	00	00	64	00	4f	00	01	01	00	
00	00	00	0b	01	0e	01	03	51	ff	
55	77	07	00	00	04	00	7c	b9	00	
00	0f	01	00	00	1f	00	24	00	58	
01	01	00	b1	00	01	00	03	00	04	
00	02	00	5b	01	02	00	02	00	01	
01	01	00	01	00	00	00	00	01	00	
00	02	00	02	00	fe	ff	06	00	08	
00	03	00	f5	00	43	00	43	00	35	
00	28	00	51	00	02	fe	ff	06	00	
fc	ff	ff	ff	00	00	01	00	e8	00	
51	00	36	00	51	00	36	00	36	00	
02	54	00	01	00	00	00	20	0f	14	
3f	00	00	d4	41	5d	77	10	58	39	
3e	01	00	00	00	00	00	0b	04	00	
0a	d7	23	3c	29	5c	0f	bd	b8	1e	
05	3d	03	03	03	03	03	03	