55	45	4c	59	53	59	53	08	1a	c0	
44	00	c9	00	0f	ef	ce	91	f3	04	
00	79	08	00	00	21	01	01	01	01	
01	ee	00	01	00	00	00	2c	01	04	
00	00	00	02	00	50	00	01	01	00	
00	00	00	04	01	08	01	03	77	ff	
b8	7a	07	00	00	05	00	11	9b	02	
00	00	00	00	00	21	00	8e	fe	77	
01	01	00	00	00	01	00	03	00	04	
00	4a	01	05	00	02	00	02	00	01	
00	01	00	00	00	00	00	01	00	00	
00	03	00	02	00	ff	ff	06	00	08	
00	03	00	e6	00	28	00	36	00	50	
00	28	00	36	00	02	ff	ff	06	00	
fd	ff	ff	ff	00	00	01	00	f7	00	
51	00	51	00	43	00	36	00	36	00	
02	55	00	01	00	00	00	8e	78	32	
3f	00	00	cc	41	a9	7a	75	93	18	
3e	01	00	00	00	00	00	0f	04	00	
cc	cc	4c	3c	8f	c2	f5	bc	b8	1e	
05	3d	03	03	03	03	03	03	