55	45	4c	59	53	59	53	08	1a	c0	
a8	00	c9	00	d2	a9	4c	7a	3e	01	
00	fa	00	00	00	21	01	01	01	01	
01	e2	00	01	00	00	00	4c	01	02	
00	00	00	64	00	4f	00	01	01	00	
00	00	00	1a	01	1e	01	03	97	ff	
0e	75	07	00	00	04	00	de	48	02	
00	0f	01	00	00	1c	00	8f	fe	59	
01	01	00	00	00	01	00	03	00	04	
00	02	00	05	00	02	00	02	00	01	
00	01	00	00	00	00	00	00	00	00	
00	03	00	02	00	ff	ff	06	00	08	
00	03	00	04	01	43	00	43	00	43	
00	28	00	51	00	02	fe	ff	06	00	
fc	ff	ff	ff	00	00	01	00	e8	00	
51	00	36	00	5e	00	36	00	36	00	
02	54	00	01	00	00	00	89	46	ba	
3e	00	00	de	41	b7	74	21	b0	f2	
bf	01	00	00	00	00	00	0b	04	00	
8f	c2	75	3c	99	99	19	bd	ad	47	
e1	3c	03	03	03	03	03	03	