55	45	4c	59	53	59	53	08	1a	c2	
72	00	c9	00	0f	94	84	3f	86	04	
00	e9	03	00	00	21	01	01	01	01	
01	e2	00	01	00	00	00	5f	01	02	
00	00	00	64	00	4f	00	01	01	00	
00	00	00	33	01	36	01	03	99	ff	
17	77	07	00	00	04	00	20	fb	00	
00	2c	01	00	00	1c	00	8e	fe	5b	
01	01	00	00	00	01	00	03	00	04	
00	02	00	05	00	02	00	02	00	01	
00	01	00	00	00	00	00	00	00	00	
00	03	00	02	00	ff	ff	06	00	08	
00	03	00	04	01	43	00	43	00	43	
00	36	00	51	00	02	ff	ff	06	00	
fd	ff	ff	ff	00	00	01	00	f7	00	
51	00	44	00	5e	00	44	00	44	00	
02	54	00	01	00	00	00	e6	02	11	
3f	00	00	f4	41	0c	77	17	d9	ce	
3d	01	00	00	00	00	00	0f	04	00	
8f	c2	f5	3b	b8	1e	05	bd	b8	1e	
05	3d	03	03	03	03	03	03	