55	45	4c	59	53	59	53	08	1a	c0	
42	00	c9	00	0f	52	e4	3f	b1	04	
00	a1	00	00	00	21	01	01	01	01	
01	e2	00	01	00	00	00	4e	01	02	
00	00	00	64	00	4f	00	01	01	00	
00	00	00	22	01	25	01	03	77	ff	
11	7c	07	00	00	04	00	c8	3c	01	
00	0f	01	00	00	1d	00	8e	fe	65	
01	01	00	00	00	01	00	03	00	04	
00	02	00	56	01	02	00	02	00	01	
00	01	00	00	00	00	00	00	01	00	
00	03	00	02	00	ff	ff	06	00	08	
00	03	00	04	01	43	00	43	00	43	
00	36	00	51	00	02	ff	ff	06	00	
fc	ff	ff	ff	00	00	01	00	f7	00	
5e	00	44	00	5e	00	51	00	51	00	
02	54	00	01	00	00	00	b9	ec	33	
3f	00	00	e2	41	f2	7b	a0	1a	2f	
be	01	00	00	00	00	00	0f	04	00	
cc	cc	4c	3c	8f	c2	f5	bc	29	5c	
0f	3d	03	03	03	03	03	03	