55	45	4c	59	53	59	53	08	1a	c0	
23	00	c9	00	0f	92	b7	b7	d4	03	
00	d2	03	00	00	21	01	01	01	01	
01	ed	00	01	00	00	00	1d	01	02	
00	00	00	64	00	4f	00	01	01	00	
00	00	00	f7	00	fa	00	03	9a	ff	
bd	75	07	00	00	04	00	4d	55	00	
00	2c	01	00	00	24	00	8e	fe	52	
01	01	00	00	00	01	00	03	00	04	
00	02	00	05	00	02	00	02	00	01	
00	01	00	00	00	00	00	00	00	00	
00	02	00	02	00	ff	ff	06	00	08	
00	03	00	04	01	28	00	28	00	43	
00	51	00	1b	00	02	ff	ff	06	00	
fd	ff	ff	ff	00	00	01	00	d8	00	
36	00	36	00	43	00	28	00	36	00	
02	54	00	01	00	00	00	ee	d8	04	
3f	00	00	be	41	c3	75	87	16	d9	
3d	01	00	00	00	00	00	0f	04	00	
cc	cc	4c	3c	ad	47	e1	bc	b8	1e	
05	3d	03	03	03	03	03	03	