08	1a	c0	7c	00	c9	00	0f	54	9a	
0e	8f	55	45	4c	59	53	59	53	01	
00	b8	00	00	00	21	01	01	01	01	
01	e2	00	01	00	00	00	48	01	02	
00	00	00	64	00	4f	00	01	01	00	
00	00	00	1a	01	1f	01	03	9c	ff	
1c	79	07	00	00	04	00	17	83	02	
00	0f	01	00	00	1b	00	8f	fe	53	
01	01	00	00	00	01	00	03	00	04	
00	02	00	05	00	02	00	02	00	01	
00	01	00	00	00	00	00	00	00	00	
00	02	00	02	00	ff	ff	06	00	08	
00	03	00	f5	00	43	00	43	00	43	
00	28	00	51	00	02	fe	ff	06	00	
fc	ff	ff	ff	00	00	01	00	f7	00	
51	00	36	00	5e	00	36	00	36	00	
02	54	00	01	00	00	00	45	d1	22	
3f	00	00	dc	41	10	79	87	16	d9	
3d	01	00	00	00	00	00	0f	04	00	
0a	d7	23	3c	0a	d7	23	bd	8f	c2	
f5	3c	03	03	03	03	03	03	