55	45	4c	59	53	59	53	08	1a	c0	
a5	00	c9	00	0f	59	68	02	7d	01	
00	f6	00	00	00	21	01	01	01	01	
01	e2	00	01	00	00	00	6b	01	02	
00	00	00	64	00	4f	00	01	01	00	
00	00	00	27	01	2b	01	03	97	ff	
c6	74	07	00	00	04	00	b3	69	02	
00	0f	01	00	00	1b	00	8e	fe	5a	
01	01	00	00	00	01	00	03	00	04	
00	02	00	05	00	02	00	02	00	01	
00	01	00	00	00	00	00	00	00	00	
00	02	00	02	00	fe	ff	06	00	08	
00	03	00	f5	00	43	00	5e	00	50	
00	36	00	28	00	02	fe	ff	06	00	
fd	ff	ff	ff	00	00	01	00	e8	00	
5e	00	44	00	5e	00	44	00	44	00	
02	54	00	01	00	00	00	c3	2a	f9	
3e	00	00	de	41	af	74	87	16	d9	
3d	01	00	00	00	00	00	0b	04	00	
cc	cc	4c	3c	29	5c	0f	bd	ad	47	
e1	3c	03	03	03	03	03	03	