55	45	4c	59	53	59	53	08	1a	c1	
8d	00	c9	00	0f	7a	58	d5	f2	02	
00	9b	02	00	00	21	01	01	01	01	
01	ec	00	00	01	00	00	23	01	02	
00	00	00	64	00	4f	00	01	01	00	
00	00	00	fc	00	ff	00	03	73	ff	
e9	77	07	00	00	04	00	d5	6d	00	
00	0f	01	00	00	22	00	8e	fe	51	
01	01	00	00	00	01	00	03	00	04	
00	02	00	5c	01	02	00	02	00	01	
00	01	00	00	00	00	00	00	01	00	
00	02	00	02	00	ff	ff	06	00	08	
00	03	00	f5	00	36	00	36	00	35	
00	36	00	43	00	02	fe	ff	06	00	
fd	ff	ff	ff	00	00	01	00	e8	00	
51	00	36	00	51	00	36	00	36	00	
02	54	00	01	00	00	00	26	28	19	
3f	00	00	c2	41	eb	77	bc	74	13	
3e	01	00	00	00	00	00	0f	04	00	
8f	c2	f5	3b	b8	1e	05	bd	29	5c	
0f	3d	03	03	03	03	03	03	