55	45	4c	59	53	59	53	08	1a	c0	
32	00	c9	00	0f	51	ae	d5	f4	02	
00	92	00	00	00	21	01	01	01	01	
01	ec	00	00	01	00	00	2c	01	02	
00	00	00	64	00	4f	00	01	01	00	
00	00	00	06	01	0b	01	03	60	ff	
32	79	07	00	00	04	00	85	96	00	
00	0f	01	00	00	1e	00	8e	fe	66	
01	01	00	b1	00	01	00	03	00	04	
00	02	00	5d	01	02	00	02	00	01	
00	01	00	01	00	00	00	00	01	00	
00	03	00	02	00	ff	ff	06	00	08	
00	03	00	f5	00	43	00	43	00	35	
00	28	00	43	00	02	fe	ff	06	00	
fd	ff	ff	ff	00	00	01	00	e8	00	
51	00	36	00	51	00	36	00	36	00	
02	54	00	01	00	00	00	06	8e	0d	
3f	00	00	d6	41	fe	78	79	e9	66	
bf	01	00	00	00	00	00	0f	04	00	
0a	d7	23	3c	b8	1e	05	bd	eb	51	
b8	3c	03	03	03	03	03	03	