55	45	4c	59	53	59	53	08	1a	c2	
b6	00	c9	00	0f	9c	7c	3f	95	04	
00	4f	04	00	00	21	01	01	01	01	
01	e2	00	01	00	00	00	53	01	02	
00	00	00	64	00	4f	00	01	01	00	
00	00	00	27	01	29	01	03	99	ff	
67	76	07	00	00	04	00	27	f3	00	
00	2c	01	00	00	1c	00	8e	fe	59	
01	01	00	00	00	01	00	03	00	04	
00	02	00	05	00	02	00	02	00	01	
00	01	00	00	00	00	00	00	00	00	
00	02	00	02	00	ff	ff	06	00	08	
00	03	00	04	01	43	00	43	00	43	
00	28	00	51	00	02	fe	ff	06	00	
fd	ff	ff	ff	00	00	01	00	f7	00	
5e	00	36	00	5e	00	44	00	36	00	
02	54	00	01	00	00	00	cc	4f	0a	
3f	00	00	e9	41	5a	76	87	16	d9	
3d	01	00	00	00	00	00	0f	04	00	
0a	d7	23	3c	29	5c	0f	bd	8f	c2	
f5	3c	03	03	03	03	03	03	