55	45	4c	59	53	59	53	08	1a	c3	
25	00	c9	00	0f	a9	7e	3f	9e	04	
00	f6	04	00	00	21	01	01	01	01	
01	e2	00	01	00	00	00	4c	01	02	
00	00	00	64	00	4f	00	01	01	00	
00	00	00	1f	01	24	01	03	99	ff	
2c	75	07	00	00	04	00	24	e6	00	
00	2c	01	00	00	1d	00	8e	fe	59	
01	01	00	00	00	01	00	03	00	04	
00	02	00	05	00	02	00	02	00	01	
00	01	00	00	00	00	00	00	00	00	
00	03	00	02	00	ff	ff	06	00	08	
00	03	00	f5	00	43	00	43	00	43	
00	36	00	51	00	02	ff	ff	06	00	
fd	ff	ff	ff	00	00	01	00	e8	00	
51	00	44	00	5e	00	36	00	44	00	
02	54	00	01	00	00	00	58	ec	fb	
3e	00	00	de	41	19	75	f8	53	e3	
3d	01	00	00	00	00	00	0f	04	00	
cc	cc	4c	3c	99	99	19	bd	b8	1e	
05	3d	03	03	03	03	03	03	