55	45	4c	59	53	59	53	08	1a	c0	
61	00	c9	00	0f	51	70	02	b6	01	
00	90	00	00	00	21	01	01	01	01	
01	e2	00	01	00	00	00	66	01	02	
00	00	00	64	00	4f	00	01	01	00	
00	00	00	24	01	28	01	03	60	ff	
f0	75	07	00	00	04	00	ac	71	02	
00	0f	01	00	00	1e	00	1f	00	59	
01	01	00	00	00	01	00	03	00	04	
00	02	00	05	00	ce	00	02	00	01	
01	01	00	00	00	00	00	00	00	01	
00	02	00	02	00	ff	ff	06	00	08	
00	03	00	04	01	43	00	43	00	43	
00	36	00	51	00	02	fe	ff	06	00	
fc	ff	ff	ff	00	00	01	00	e8	00	
51	00	44	00	5e	00	44	00	36	00	
02	54	00	01	00	00	00	33	e4	09	
3f	00	00	dd	41	dd	75	c3	f5	28	
3e	01	00	00	00	00	00	0b	04	00	
0a	d7	23	3c	8f	c2	f5	bc	99	99	
19	3d	03	03	03	03	03	03	