55	45	4c	59	53	59	53	08	1a	c2	
15	00	c9	00	0f	cd	13	b7	d6	03	
00	bd	06	00	00	21	01	01	01	01	
01	ed	00	01	00	00	00	20	01	02	
00	00	00	64	00	4f	00	01	01	00	
00	00	00	fa	00	fd	00	03	94	ff	
7f	71	07	00	00	04	00	ea	1a	00	
00	0f	01	00	00	1e	00	8e	fe	54	
01	01	00	00	00	01	00	03	00	04	
00	02	00	05	00	02	00	02	00	01	
00	01	00	00	00	00	00	00	00	00	
00	03	00	02	00	ff	ff	06	00	08	
00	03	00	14	01	28	00	28	00	43	
00	43	00	28	00	02	ff	ff	06	00	
fd	ff	ff	ff	00	00	01	00	07	01	
51	00	44	00	36	00	36	00	44	00	
02	54	00	01	00	00	00	c4	48	ab	
3e	00	00	c0	41	7c	71	f8	53	e3	
3d	01	00	00	00	00	00	0f	04	00	
0a	d7	a3	3b	8f	c2	f5	bc	eb	51	
b8	3c	03	03	03	03	03	03	