55	45	4c	59	53	59	53	08	1a	c4	
7b	00	c9	00	0f	cc	7c	16	8b	01	
00	b7	06	00	00	21	01	01	01	01	
01	e2	00	01	00	00	00	3e	01	02	
00	00	00	64	00	4f	00	01	01	00	
00	00	00	10	01	13	01	03	94	ff	
0e	71	07	00	00	04	00	53	82	01	
00	0f	01	00	00	1b	00	8e	fe	59	
01	01	00	00	00	01	00	03	00	04	
00	02	00	05	00	02	00	02	00	01	
00	01	00	00	00	00	00	00	00	00	
00	02	00	02	00	ff	ff	06	00	08	
00	03	00	04	01	43	00	43	00	35	
00	28	00	51	00	02	ff	ff	06	00	
fc	ff	ff	ff	00	00	01	00	e8	00	
51	00	36	00	51	00	36	00	36	00	
02	54	00	01	00	00	00	bf	bd	a1	
3e	00	00	d4	41	f7	70	f8	53	e3	
3d	01	00	00	00	00	00	0f	04	00	
8f	c2	75	3c	b8	1e	05	bd	b8	1e	
05	3d	03	03	03	03	03	03	