55	45	4c	59	53	59	53	08	1a	c0	
26	00	c9	00	0f	c3	a2	26	bd	07	
00	43	06	00	00	21	01	01	01	01	
01	e3	00	00	01	00	00	49	01	02	
00	00	00	64	00	4f	00	01	01	00	
00	00	00	1a	01	1d	01	03	56	ff	
7b	7a	07	00	00	04	00	c6	cb	00	
00	2c	01	00	00	21	00	1b	00	58	
01	01	00	cd	00	01	00	03	00	04	
00	02	00	56	01	02	00	02	00	01	
01	01	00	01	00	00	00	00	01	00	
00	03	00	02	00	ff	ff	06	00	08	
00	03	00	f5	00	43	00	43	00	43	
00	36	00	51	00	02	fe	ff	06	00	
fc	ff	ff	ff	00	00	01	00	e8	00	
51	00	36	00	5e	00	44	00	36	00	
02	54	00	01	00	00	00	71	7b	29	
3f	00	00	e6	41	6b	7a	58	39	34	
3e	01	00	00	00	00	00	0b	04	00	
00	00	00	00	b8	1e	05	bd	8f	c2	
f5	3c	03	03	03	03	03	03	