55	45	4c	59	53	59	53	08	1a	c0	
1c	00	c9	00	0f	49	5a	14	8b	01	
00	28	00	00	00	21	01	01	01	01	
01	e2	00	01	00	00	00	4b	01	02	
00	00	00	64	00	4f	00	01	01	00	
00	00	00	1f	01	22	01	03	79	ff	
6d	7a	07	00	00	04	00	c5	42	02	
00	0f	01	00	00	1c	00	8e	fe	52	
01	01	00	00	00	01	00	03	00	04	
00	57	01	05	00	02	00	02	00	01	
00	01	00	00	00	00	00	01	00	00	
00	03	00	02	00	ff	ff	06	00	07	
00	03	00	04	01	43	00	43	00	43	
00	36	00	43	00	02	fe	ff	06	00	
fc	ff	ff	ff	00	00	01	00	e8	00	
51	00	44	00	51	00	44	00	44	00	
02	54	00	01	00	00	00	39	3b	17	
3f	00	00	f6	41	47	7a	9c	c4	40	
bf	01	00	00	00	00	00	0f	04	00	
cc	cc	4c	3c	b8	1e	05	bd	8f	c2	
f5	3c	03	03	03	03	03	03	