55	45	4c	59	53	59	53	08	1a	c0	
ed	00	c9	00	0f	da	f4	26	9d	07	
00	6e	07	00	00	21	01	01	01	01	
01	e3	00	00	01	00	00	3e	01	02	
00	00	00	64	00	4f	00	01	01	00	
00	00	00	09	01	0d	01	03	50	ff	
82	76	07	00	00	04	00	71	b4	00	
00	0f	01	00	00	20	00	1a	00	68	
01	01	00	b1	00	01	00	03	00	04	
00	02	00	5b	01	02	00	02	00	01	
01	01	00	01	00	00	00	00	01	00	
00	03	00	02	00	fe	ff	06	00	08	
00	03	00	f5	00	43	00	43	00	35	
00	28	00	43	00	02	fe	ff	06	00	
fd	ff	ff	ff	00	00	01	00	e8	00	
51	00	36	00	51	00	36	00	36	00	
02	54	00	01	00	00	00	1f	d8	0c	
3f	00	00	cc	41	87	76	10	58	39	
3e	01	00	00	00	00	00	0b	04	00	
cc	cc	4c	3c	29	5c	0f	bd	ad	47	
e1	3c	03	03	03	03	03	03	