55	45	4c	59	53	59	53	08	1a	c2	
ce	00	c9	00	0f	e2	c1	b7	d2	03	
00	d2	07	00	00	21	01	01	01	01	
01	ed	00	01	00	00	00	25	01	02	
00	00	00	64	00	4f	00	01	01	00	
00	00	00	01	01	05	01	03	9d	ff	
d5	7b	07	00	00	04	00	39	05	00	
00	0f	01	00	00	20	00	8e	fe	58	
01	01	00	00	00	01	00	03	00	04	
00	02	00	05	00	02	00	02	00	01	
00	01	00	00	00	00	00	00	00	00	
00	02	00	02	00	ff	ff	06	00	08	
00	03	00	14	01	36	00	28	00	43	
00	43	00	28	00	02	fe	ff	06	00	
fd	ff	ff	ff	00	00	01	00	e8	00	
36	00	44	00	51	00	28	00	36	00	
02	54	00	01	00	00	00	64	4c	2e	
3f	00	00	d4	41	b4	7b	12	83	80	
be	01	00	00	00	00	00	0f	04	00	
8f	c2	75	3c	b8	1e	05	bd	b8	1e	
05	3d	03	03	03	03	03	03	