55	45	4c	59	53	59	53	08	1a	c0	
32	00	c9	00	0f	4b	ee	0e	99	01	
00	49	00	00	00	21	01	01	01	01	
01	e2	00	01	00	00	00	54	01	02	
00	00	00	64	00	4f	00	01	01	00	
00	00	00	1f	01	22	01	03	61	ff	
e5	72	07	00	00	04	00	b4	56	02	
00	0f	01	00	00	1b	00	1a	00	6f	
01	01	00	00	00	01	00	03	00	04	
00	5d	01	05	00	02	00	02	00	01	
01	01	00	00	00	00	00	01	00	00	
00	03	00	02	00	fe	ff	06	00	08	
00	03	00	04	01	43	00	43	00	43	
00	36	00	51	00	02	fe	ff	06	00	
fd	ff	ff	ff	00	00	01	00	e8	00	
51	00	36	00	51	00	36	00	36	00	
02	54	00	01	00	00	00	8e	39	d1	
3e	00	00	dd	41	d7	72	c3	f5	28	
3e	01	00	00	00	00	00	0b	04	00	
0a	d7	23	3c	b8	1e	05	bd	29	5c	
0f	3d	03	03	03	03	03	03	