55	45	4c	59	53	59	53	08	1a	c0	
d6	00	c9	00	0f	64	3c	3f	a5	04	
00	7f	01	00	00	21	01	01	01	01	
01	e2	00	01	00	00	00	52	01	02	
00	00	00	64	00	4f	00	01	01	00	
00	00	00	24	01	27	01	03	6a	ff	
0f	7b	07	00	00	04	00	6e	2b	01	
00	0f	01	00	00	1c	00	24	00	58	
01	01	00	00	00	01	00	03	00	04	
00	02	00	56	01	02	00	02	00	01	
01	01	00	00	00	00	00	00	01	00	
00	03	00	02	00	ff	ff	06	00	08	
00	03	00	04	01	51	00	43	00	43	
00	36	00	51	00	02	fe	ff	06	00	
fd	ff	ff	ff	00	00	01	00	f7	00	
51	00	44	00	5e	00	44	00	44	00	
02	54	00	01	00	00	00	6f	49	2c	
3f	00	00	de	41	f0	7a	42	60	65	
be	01	00	00	00	00	00	0b	04	00	
0a	d7	a3	3b	29	5c	0f	bd	29	5c	
0f	3d	03	03	03	03	03	03	