55	45	4c	59	53	59	53	08	1a	c3	
49	00	c9	00	0f	ad	b6	3f	98	04	
00	2c	05	00	00	21	01	01	01	01	
01	e2	00	01	00	00	00	4c	01	02	
00	00	00	64	00	4f	00	01	01	00	
00	00	00	22	01	24	01	03	96	ff	
b9	74	07	00	00	04	00	eb	e1	00	
00	2c	01	00	00	1e	00	01	00	59	
01	01	00	00	00	01	00	03	00	04	
00	02	00	05	00	02	00	02	00	01	
01	01	00	00	00	00	00	00	00	00	
00	03	00	02	00	fe	ff	06	00	08	
00	03	00	04	01	43	00	43	00	43	
00	36	00	51	00	02	fe	ff	06	00	
fd	ff	ff	ff	00	00	01	00	f7	00	
51	00	36	00	5e	00	44	00	36	00	
02	54	00	01	00	00	00	3e	dd	f2	
3e	00	00	de	41	a6	74	87	16	d9	
3d	01	00	00	00	00	00	0f	04	00	
0a	d7	a3	3b	7b	14	2e	bd	0a	d7	
23	3d	03	03	03	03	03	03	