55	45	4c	59	53	59	53	08	1a	c3	
2f	00	c9	00	0f	aa	aa	3f	9c	04	
00	05	05	00	00	21	01	01	01	01	
01	e2	00	01	00	00	00	4c	01	02	
00	00	00	64	00	4f	00	01	01	00	
00	00	00	1f	01	23	01	03	82	ff	
06	75	07	00	00	04	00	f8	e4	00	
00	0f	01	00	00	21	00	8e	fe	59	
01	01	00	b2	00	01	00	03	00	04	
00	02	00	05	00	02	00	02	00	01	
00	01	00	01	00	00	00	00	00	00	
00	03	00	02	00	ff	ff	06	00	08	
00	03	00	04	01	43	00	43	00	43	
00	36	00	51	00	02	fe	ff	06	00	
fd	ff	ff	ff	00	00	01	00	f7	00	
51	00	36	00	5e	00	36	00	36	00	
02	54	00	01	00	00	00	76	97	f9	
3e	00	00	de	41	f6	74	4a	0c	02	
3e	01	00	00	00	00	00	0f	04	00	
0a	d7	a3	3b	b8	1e	05	bd	29	5c	
0f	3d	03	03	03	03	03	03	