55	45	4c	59	53	59	53	08	1a	c2	
05	00	c9	00	0f	82	a8	16	70	01	
00	06	03	00	00	21	01	01	01	01	
01	e2	00	01	00	00	00	3d	01	02	
00	00	00	64	00	4f	00	01	01	00	
00	00	00	10	01	13	01	03	99	ff	
bc	76	07	00	00	04	00	30	cc	01	
00	2c	01	00	00	1e	00	8e	fe	5b	
01	01	00	00	00	01	00	03	00	04	
00	02	00	05	00	02	00	02	00	01	
00	01	00	00	00	00	00	00	00	00	
00	02	00	02	00	ff	ff	06	00	08	
00	03	00	04	01	43	00	43	00	35	
00	28	00	43	00	02	fe	ff	06	00	
fc	ff	ff	ff	00	00	01	00	e8	00	
51	00	36	00	5e	00	36	00	36	00	
02	54	00	01	00	00	00	7f	71	10	
3f	00	00	d0	41	c5	76	87	16	d9	
3d	01	00	00	00	00	00	0f	04	00	
8f	c2	75	3c	99	99	19	bd	8f	c2	
f5	3c	03	03	03	03	03	03	