55	45	4c	59	53	59	53	08	1a	c0	
e1	00	c9	00	0f	65	86	3f	8c	04	
00	90	01	00	00	21	01	01	01	01	
01	e2	00	01	00	00	00	52	01	02	
00	00	00	64	00	4f	00	01	01	00	
00	00	00	24	01	28	01	03	6a	ff	
45	7b	07	00	00	04	00	24	2a	01	
00	0f	01	00	00	1e	00	1f	00	5c	
01	01	00	00	00	01	00	03	00	04	
00	02	00	56	01	02	00	02	00	01	
01	01	00	00	00	00	00	00	01	00	
00	03	00	02	00	ff	ff	06	00	08	
00	03	00	04	01	43	00	43	00	43	
00	36	00	51	00	02	fe	ff	06	00	
fd	ff	ff	ff	00	00	01	00	f7	00	
5e	00	44	00	5e	00	36	00	36	00	
02	54	00	01	00	00	00	54	36	2e	
3f	00	00	de	41	25	7b	5e	ba	49	
be	01	00	00	00	00	00	0b	04	00	
0a	d7	23	3c	5c	8f	42	bd	8f	c2	
f5	3c	03	03	03	03	03	03	