55	45	4c	59	53	59	53	08	1a	c0	
52	00	c9	00	d2	9f	38	7a	3e	01	
00	79	00	00	00	21	01	01	01	01	
01	e2	00	01	00	00	00	59	01	02	
00	00	00	64	00	4f	00	01	01	00	
00	00	00	22	01	24	01	03	6d	ff	
99	72	07	00	00	04	00	f3	52	02	
00	0f	01	00	00	1b	00	8e	fe	5a	
01	01	00	00	00	01	00	03	00	04	
00	49	01	05	00	02	00	02	00	01	
00	01	00	00	00	00	00	01	00	00	
00	03	00	02	00	ff	ff	06	00	08	
00	03	00	04	01	43	00	43	00	43	
00	36	00	43	00	02	fe	ff	06	00	
fc	ff	ff	ff	00	00	01	00	e8	00	
51	00	36	00	51	00	36	00	44	00	
02	54	00	01	00	00	00	20	2b	c8	
3e	00	00	dd	41	87	72	75	93	18	
3e	01	00	00	00	00	00	0b	04	00	
8f	c2	75	3c	b8	1e	05	bd	99	99	
19	3d	03	03	03	03	03	03	