55	45	4c	59	53	59	53	08	1a	c5	
17	00	c9	00	0f	de	c4	16	9a	01	
00	a1	07	00	00	21	01	01	01	01	
01	e2	00	01	00	00	00	3f	01	02	
00	00	00	64	00	4f	00	01	01	00	
00	00	00	10	01	15	01	03	93	ff	
95	6f	07	00	00	04	00	09	70	01	
00	2c	01	00	00	1d	00	8e	fe	66	
01	01	00	00	00	01	00	03	00	04	
00	02	00	05	00	02	00	02	00	01	
00	01	00	00	00	00	00	00	00	00	
00	03	00	02	00	ff	ff	06	00	07	
00	03	00	f5	00	36	00	43	00	35	
00	28	00	51	00	02	ff	ff	06	00	
fd	ff	ff	ff	00	00	01	00	e8	00	
51	00	36	00	51	00	36	00	36	00	
02	54	00	01	00	00	00	24	26	84	
3e	00	00	d4	41	81	6f	f8	53	e3	
3d	01	00	00	00	00	00	0f	04	00	
8f	c2	f5	3b	b8	1e	05	bd	8f	c2	
f5	3c	03	03	03	03	03	03	