55	45	4c	59	53	59	53	08	1a	c1	
1c	00	c9	00	0f	e0	76	26	ab	07	
00	b4	07	00	00	21	01	01	01	01	
01	e3	00	00	01	00	00	35	01	02	
00	00	00	64	00	4f	00	01	01	00	
00	00	00	06	01	0b	01	03	ae	ff	
07	76	07	00	00	04	00	ee	ae	00	
00	0f	01	00	00	7f	00	2a	ff	5c	
01	01	00	00	00	01	00	03	00	04	
00	02	00	05	00	02	00	02	00	00	
00	01	00	00	00	00	00	00	00	00	
00	02	00	02	00	ff	ff	06	00	08	
00	03	00	f5	00	36	00	36	00	35	
00	28	00	51	00	02	fe	ff	06	00	
fd	ff	ff	ff	00	00	01	00	e8	00	
51	00	36	00	51	00	36	00	36	00	
02	54	00	01	00	00	00	d2	94	06	
3f	00	00	cc	41	0a	76	7b	14	ae	
3d	01	00	00	00	00	00	0b	00	00	
00	00	00	00	00	00	00	00	00	00	
00	00	00	00	00	00	00	00	