55	45	4c	59	53	59	53	08	1a	c3	
4b	00	c9	00	0f	ad	f2	3f	86	04	
00	2f	05	00	00	21	01	01	01	01	
01	e2	00	01	00	00	00	4c	01	02	
00	00	00	64	00	4f	00	01	01	00	
00	00	00	1f	01	24	01	03	8a	ff	
af	74	07	00	00	04	00	af	e1	00	
00	0f	01	00	00	1b	00	1f	00	5a	
01	01	00	00	00	01	00	03	00	04	
00	02	00	05	00	02	00	02	00	01	
01	01	00	00	00	00	00	00	00	00	
00	03	00	02	00	ff	ff	06	00	08	
00	03	00	f5	00	43	00	43	00	43	
00	36	00	51	00	02	ff	ff	06	00	
fd	ff	ff	ff	00	00	01	00	f7	00	
51	00	36	00	5e	00	36	00	36	00	
02	54	00	01	00	00	00	d6	6e	f2	
3e	00	00	de	41	9d	74	23	db	f9	
3d	01	00	00	00	00	00	0b	04	00	
0a	d7	23	3b	b8	1e	05	bd	99	99	
19	3d	03	03	03	03	03	03	