55	45	4c	59	53	59	53	08	1a	c1	
60	00	c9	00	0f	74	68	3f	87	04	
00	4e	02	00	00	21	01	01	01	01	
01	e2	00	01	00	00	00	52	01	02	
00	00	00	64	00	4f	00	01	01	00	
00	00	00	24	01	29	01	03	77	ff	
26	7c	07	00	00	04	00	40	1b	01	
00	0f	01	00	00	1e	00	8e	fe	5f	
01	01	00	00	00	01	00	03	00	04	
00	02	00	56	01	02	00	02	00	01	
00	01	00	00	00	00	00	00	01	00	
00	03	00	02	00	ff	ff	06	00	08	
00	03	00	04	01	43	00	43	00	43	
00	36	00	51	00	02	ff	ff	06	00	
fd	ff	ff	ff	00	00	01	00	f7	00	
5e	00	51	00	6c	00	44	00	44	00	
02	54	00	01	00	00	00	15	59	39	
3f	00	00	e4	41	0d	7c	c5	20	30	
bd	01	00	00	00	00	00	0f	04	00	
0a	d7	23	3c	99	99	19	bd	0a	d7	
23	3d	03	03	03	03	03	03	