55	45	4c	59	53	59	53	08	1a	c1	
46	00	c9	00	0f	b4	d1	b9	d1	03	
00	86	05	00	00	21	01	01	01	01	
01	ed	00	01	00	00	00	1c	01	02	
00	00	00	64	00	4f	00	01	01	00	
00	00	00	f5	00	fa	00	03	97	ff	
13	73	07	00	00	04	00	2f	33	00	
00	0f	01	00	00	1f	00	8e	fe	53	
01	01	00	00	00	01	00	03	00	04	
00	02	00	05	00	02	00	02	00	01	
00	01	00	00	00	00	00	00	00	00	
00	03	00	02	00	ff	ff	06	00	08	
00	03	00	14	01	28	00	28	00	35	
00	43	00	1b	00	02	ff	ff	06	00	
fd	ff	ff	ff	00	00	01	00	e8	00	
36	00	36	00	43	00	1b	00	28	00	
02	54	00	01	00	00	00	66	2c	d1	
3e	00	00	bc	41	15	73	87	16	d9	
3d	01	00	00	00	00	00	0f	04	00	
8f	c2	f5	3b	8f	c2	f5	bc	8f	c2	
f5	3c	03	03	03	03	03	03	