55	45	4c	59	53	59	53	08	1a	c0	
0b	00	c9	00	0f	47	5c	04	ba	01	
00	0f	00	00	00	21	01	01	01	01	
01	ec	00	00	01	00	00	30	01	02	
00	00	00	64	00	4f	00	01	01	00	
00	00	00	04	01	08	01	03	98	ff	
e3	74	07	00	00	04	00	eb	a0	00	
00	2c	01	00	00	24	00	8e	fe	5d	
01	01	00	00	00	01	00	03	00	04	
00	02	00	05	00	02	00	02	00	01	
00	01	00	00	00	00	00	00	00	00	
00	02	00	02	00	fe	ff	06	00	08	
00	03	00	f5	00	43	00	36	00	35	
00	36	00	43	00	02	ff	ff	06	00	
fc	ff	ff	ff	00	00	01	00	e8	00	
51	00	36	00	51	00	36	00	36	00	
02	54	00	01	00	00	00	20	9b	f6	
3e	00	00	c8	41	e4	74	87	16	d9	
3d	01	00	00	00	00	00	0f	04	00	
0a	d7	23	3c	b8	1e	05	bd	ad	47	
e1	3c	03	03	03	03	03	03	