55	45	4c	59	53	59	53	08	1a	c0	
b2	00	c9	00	0f	5a	ee	18	73	01	
00	09	01	00	00	21	01	01	01	01	
01	e2	00	01	00	00	00	46	01	02	
00	00	00	64	00	4f	00	01	01	00	
00	00	00	15	01	1a	01	03	9d	ff	
a2	7a	07	00	00	04	00	ef	f3	01	
00	0f	01	00	00	1c	00	8e	fe	59	
01	01	00	00	00	01	00	03	00	04	
00	02	00	05	00	02	00	02	00	01	
00	01	00	00	00	00	00	00	00	00	
00	02	00	02	00	ff	ff	06	00	08	
00	03	00	04	01	43	00	36	00	43	
00	36	00	51	00	02	fe	ff	06	00	
fd	ff	ff	ff	00	00	01	00	e8	00	
51	00	44	00	5e	00	36	00	36	00	
02	54	00	01	00	00	00	95	36	30	
3f	00	00	d6	41	8e	7a	17	d9	ce	
3d	01	00	00	00	00	00	0f	04	00	
0a	d7	a3	3b	b8	1e	05	bd	8f	c2	
f5	3c	03	03	03	03	03	03	