55	45	4c	59	53	59	53	08	1a	c1	
57	00	c9	00	0f	6e	44	14	85	01	
00	01	02	00	00	21	01	01	01	01	
01	e2	00	01	00	00	00	43	01	02	
00	00	00	64	00	4f	00	01	01	00	
00	00	00	15	01	19	01	03	9c	ff	
b9	7a	07	00	00	04	00	d6	1d	02	
00	2c	01	00	00	1d	00	8e	fe	5f	
01	01	00	00	00	01	00	03	00	04	
00	02	00	05	00	02	00	02	00	01	
00	01	00	00	00	00	00	00	00	00	
00	03	00	02	00	ff	ff	06	00	07	
00	03	00	04	01	43	00	43	00	35	
00	36	00	51	00	02	fe	ff	06	00	
fd	ff	ff	ff	00	00	01	00	f7	00	
51	00	36	00	5e	00	36	00	36	00	
02	54	00	01	00	00	00	18	a6	2e	
3f	00	00	d6	41	a9	7a	17	d9	ce	
3d	01	00	00	00	00	00	0f	04	00	
8f	c2	f5	3b	0a	d7	23	bd	8f	c2	
f5	3c	03	03	03	03	03	03	