55	45	4c	59	53	59	53	08	1a	c0	
15	00	c9	00	0f	48	88	06	a9	01	
00	1e	00	00	00	21	01	01	01	01	
01	ec	00	00	01	00	00	30	01	02	
00	00	00	64	00	4f	00	01	01	00	
00	00	00	04	01	08	01	03	83	ff	
bf	74	07	00	00	04	00	bf	9f	00	
00	0f	01	00	00	21	00	8e	fe	54	
01	01	00	b1	00	01	00	03	00	04	
00	02	00	05	00	02	00	02	00	01	
00	01	00	01	00	00	00	00	00	00	
00	03	00	02	00	fe	ff	06	00	08	
00	03	00	f5	00	36	00	36	00	35	
00	28	00	43	00	02	fe	ff	06	00	
fd	ff	ff	ff	00	00	01	00	e8	00	
51	00	36	00	51	00	36	00	36	00	
02	54	00	01	00	00	00	89	80	f4	
3e	00	00	c8	41	c1	74	6f	12	03	
3e	01	00	00	00	00	00	0f	04	00	
8f	c2	75	3c	b8	1e	05	bd	ad	47	
e1	3c	03	03	03	03	03	03	