55	45	4c	59	53	59	53	08	1a	c1	
1a	00	c9	00	0f	67	1e	16	8c	01	
00	a5	01	00	00	21	01	01	01	01	
01	e2	00	01	00	00	00	41	01	02	
00	00	00	64	00	4f	00	01	01	00	
00	00	00	13	01	16	01	03	9b	ff	
c1	79	07	00	00	04	00	be	e7	01	
00	0f	01	00	00	20	00	8e	fe	73	
01	01	00	00	00	01	00	03	00	04	
00	02	00	05	00	02	00	02	00	01	
00	01	00	00	00	00	00	00	00	00	
00	02	00	02	00	ff	ff	06	00	08	
00	03	00	04	01	43	00	43	00	43	
00	36	00	51	00	02	ff	ff	06	00	
fc	ff	ff	ff	00	00	01	00	e8	00	
5e	00	36	00	5e	00	36	00	44	00	
02	54	00	01	00	00	00	04	31	27	
3f	00	00	d4	41	b0	79	87	16	d9	
3d	01	00	00	00	00	00	0f	04	00	
cc	cc	4c	3c	29	5c	0f	bd	b8	1e	
05	3d	03	03	03	03	03	03	