55	45	4c	59	53	59	53	08	1a	c0	
21	00	c9	00	0f	4f	b0	d5	d6	02	
00	79	00	00	00	21	01	01	01	01	
01	ec	00	00	01	00	00	2c	01	02	
00	00	00	64	00	4f	00	01	01	00	
00	00	00	06	01	0a	01	03	5f	ff	
df	77	07	00	00	04	00	83	98	00	
00	0f	01	00	00	20	00	8e	fe	52	
01	01	00	b1	00	01	00	03	00	04	
00	02	00	5e	01	02	00	02	00	01	
00	01	00	01	00	00	00	00	01	00	
00	02	00	02	00	ff	ff	06	00	08	
00	03	00	f5	00	43	00	43	00	35	
00	28	00	43	00	02	fe	ff	06	00	
fd	ff	ff	ff	00	00	01	00	e8	00	
51	00	36	00	51	00	36	00	36	00	
02	54	00	01	00	00	00	d9	52	fe	
3e	00	00	d0	41	9a	77	21	b0	a2	
bf	01	00	00	00	00	00	0f	04	00	
8f	c2	75	3c	99	99	19	bd	ad	47	
e1	3c	03	03	03	03	03	03	