55	45	4c	59	53	59	53	08	1a	c2	
dc	00	c9	00	0f	e4	65	b7	d1	03	
00	e7	07	00	00	21	01	01	01	01	
01	ed	00	01	00	00	00	25	01	02	
00	00	00	64	00	4f	00	01	01	00	
00	00	00	01	01	05	01	03	9d	ff	
fc	7b	07	00	00	04	00	95	03	00	
00	0f	01	00	00	21	00	8e	fe	53	
01	01	00	00	00	01	00	03	00	04	
00	02	00	05	00	02	00	02	00	01	
00	01	00	00	00	00	00	00	00	00	
00	03	00	02	00	ff	ff	06	00	08	
00	03	00	14	01	28	00	28	00	43	
00	43	00	1b	00	02	ff	ff	06	00	
fd	ff	ff	ff	00	00	01	00	f7	00	
43	00	51	00	51	00	36	00	44	00	
02	54	00	01	00	00	00	47	fb	30	
3f	00	00	d4	41	e0	7b	a6	9b	44	
be	01	00	00	00	00	00	0f	04	00	
8f	c2	75	3c	8f	c2	f5	bc	8f	c2	
f5	3c	03	03	03	03	03	03	