55	45	4c	59	53	59	53	08	1a	c5	
c1	00	c9	00	0f	f2	b0	18	8b	01	
00	a0	08	00	00	21	01	01	01	01	
01	e2	00	01	00	00	00	41	01	02	
00	00	00	64	00	4f	00	01	01	00	
00	00	00	18	01	1b	01	03	98	ff	
e4	75	07	00	00	04	00	1a	5c	01	
00	2c	01	00	00	1c	00	8e	fe	5a	
01	01	00	00	00	01	00	03	00	04	
00	02	00	05	00	02	00	02	00	01	
00	01	00	00	00	00	00	00	00	00	
00	03	00	02	00	fe	ff	06	00	08	
00	03	00	f5	00	36	00	43	00	43	
00	36	00	51	00	02	ff	ff	06	00	
fd	ff	ff	ff	00	00	01	00	e8	00	
51	00	44	00	5e	00	36	00	36	00	
02	54	00	01	00	00	00	db	c5	bb	
3e	00	00	ec	41	8d	75	21	b0	f2	
bf	01	00	00	00	00	00	0f	04	00	
8f	c2	f5	3b	8f	c2	f5	bc	b8	1e	
05	3d	03	03	03	03	03	03	