55	45	4c	59	53	59	53	08	1a	c0	
18	00	c9	00	0f	48	e2	04	81	01	
00	22	00	00	00	21	01	01	01	01	
01	ec	00	00	01	00	00	2f	01	02	
00	00	00	64	00	4f	00	01	01	00	
00	00	00	04	01	08	01	03	83	ff	
b7	74	07	00	00	04	00	65	9f	00	
00	0f	01	00	00	20	00	8e	fe	53	
01	01	00	b1	00	01	00	03	00	04	
00	02	00	05	00	02	00	02	00	01	
00	01	00	01	00	00	00	00	00	00	
00	03	00	02	00	fe	ff	06	00	08	
00	03	00	f5	00	36	00	43	00	35	
00	28	00	51	00	02	fe	ff	06	00	
fd	ff	ff	ff	00	00	01	00	e8	00	
51	00	36	00	51	00	36	00	36	00	
02	54	00	01	00	00	00	d4	d2	f3	
3e	00	00	c8	41	b8	74	27	31	08	
3e	01	00	00	00	00	00	0f	04	00	
8f	c2	f5	3b	7b	14	2e	bd	ad	47	
e1	3c	03	03	03	03	03	03	