55	45	4c	59	53	59	53	08	1a	c0	
42	00	c9	00	0f	4d	ce	02	7d	01	
00	61	00	00	00	21	01	01	01	01	
01	e2	00	01	00	00	00	5a	01	02	
00	00	00	64	00	4f	00	01	01	00	
00	00	00	1f	01	23	01	03	af	fe	
48	76	07	00	00	04	00	4e	75	02	
00	0f	01	00	00	1c	00	cd	01	5e	
01	01	00	00	00	01	00	03	00	04	
00	02	00	05	00	ca	00	02	00	01	
01	01	00	00	00	00	00	00	00	01	
00	03	00	02	00	fe	ff	06	00	08	
00	03	00	04	01	43	00	43	00	43	
00	36	00	51	00	02	fe	ff	06	00	
fc	ff	ff	ff	00	00	01	00	f7	00	
51	00	44	00	5e	00	36	00	36	00	
02	54	00	01	00	00	00	b9	53	10	
3f	00	00	dc	41	5a	76	b2	9d	af	
3e	01	00	00	00	00	00	0b	04	00	
cc	cc	4c	3c	29	5c	0f	bd	ad	47	
e1	3c	03	03	03	03	03	03	