55	45	4c	59	53	59	53	08	1a	c2	
3b	00	c9	00	0f	8e	12	41	9d	04	
00	97	03	00	00	21	01	01	01	01	
01	e2	00	01	00	00	00	68	01	02	
00	00	00	64	00	4f	00	01	01	00	
00	00	00	45	01	49	01	03	75	ff	
8f	78	07	00	00	04	00	93	01	01	
00	0f	01	00	00	1f	00	8f	fe	5d	
01	01	00	00	00	01	00	03	00	04	
00	02	00	51	01	02	00	02	00	01	
00	01	00	00	00	00	00	00	01	00	
00	02	00	02	00	ff	ff	06	00	08	
00	03	00	04	01	51	00	51	00	50	
00	36	00	51	00	02	ff	ff	06	00	
fd	ff	ff	ff	00	00	01	00	07	01	
5e	00	51	00	6c	00	51	00	44	00	
02	54	00	01	00	00	00	a3	54	16	
3f	00	00	fd	41	6f	78	bc	74	13	
3e	01	00	00	00	00	00	0f	04	00	
0a	d7	a3	3b	b8	1e	05	bd	b8	1e	
05	3d	03	03	03	03	03	03	