55	45	4c	59	53	59	53	08	1a	c0	
0b	00	c9	00	0f	c0	78	26	9e	07	
00	1b	06	00	00	21	01	01	01	01	
01	e3	00	00	01	00	00	51	01	02	
00	00	00	64	00	4f	00	01	01	00	
00	00	00	22	01	26	01	03	56	ff	
ef	7a	07	00	00	04	00	f0	ce	00	
00	2c	01	00	00	20	00	1d	00	5a	
01	01	00	b2	00	01	00	03	00	04	
00	02	00	58	01	02	00	02	00	01	
01	01	00	01	00	00	00	00	01	00	
00	03	00	02	00	ff	ff	06	00	08	
00	03	00	04	01	43	00	43	00	43	
00	36	00	51	00	02	fe	ff	06	00	
fd	ff	ff	ff	00	00	01	00	f7	00	
5e	00	44	00	5e	00	44	00	44	00	
02	54	00	01	00	00	00	cf	de	2c	
3f	00	00	ea	41	de	7a	58	39	34	
3e	01	00	00	00	00	00	0b	04	00	
8f	c2	f5	3b	29	5c	0f	bd	29	5c	
0f	3d	03	03	03	03	03	03	