55	45	4c	59	53	59	53	08	1a	c0	
28	00	c9	00	0f	b8	39	7c	82	05	
00	b2	05	00	00	21	01	01	01	01	
01	e3	00	00	01	00	00	4f	01	02	
00	00	00	64	00	4f	00	01	01	00	
00	00	00	24	01	29	01	03	8e	ff	
3c	7a	07	00	00	04	00	55	d7	00	
00	2c	01	00	00	1d	00	20	00	60	
01	01	00	00	00	01	00	03	00	04	
00	02	00	05	00	02	00	02	00	01	
01	01	00	00	00	00	00	00	00	00	
00	03	00	02	00	ff	ff	06	00	08	
00	03	00	04	01	43	00	43	00	43	
00	36	00	51	00	02	fe	ff	06	00	
fd	ff	ff	ff	00	00	01	00	f7	00	
5e	00	36	00	5e	00	36	00	44	00	
02	54	00	01	00	00	00	5e	ed	16	
3f	00	00	f4	41	12	7a	75	93	38	
bf	01	00	00	00	00	00	0b	04	00	
cc	cc	4c	3c	b8	1e	05	bd	8f	c2	
f5	3c	03	03	03	03	03	03	