55	45	4c	59	53	59	53	08	1a	c5	
46	00	c9	00	0f	e4	46	18	8b	01	
00	e7	07	00	00	21	01	01	01	01	
01	e2	00	01	00	00	00	3f	01	02	
00	00	00	64	00	4f	00	01	01	00	
00	00	00	13	01	15	01	03	92	ff	
fb	6e	07	00	00	04	00	86	6a	01	
00	0f	01	00	00	1f	00	8e	fe	5a	
01	01	00	00	00	01	00	03	00	04	
00	02	00	05	00	02	00	02	00	01	
00	01	00	00	00	00	00	00	00	00	
00	02	00	02	00	ff	ff	06	00	08	
00	03	00	f5	00	43	00	43	00	35	
00	36	00	51	00	02	fe	ff	06	00	
fd	ff	ff	ff	00	00	01	00	e8	00	
51	00	36	00	51	00	36	00	36	00	
02	54	00	01	00	00	00	a0	d8	75	
3e	00	00	d4	41	ea	6e	87	16	d9	
3d	01	00	00	00	00	00	0f	04	00	
8f	c2	f5	3b	29	5c	0f	bd	ad	47	
e1	3c	03	03	03	03	03	03	