55	45	4c	59	53	59	53	08	1a	c5	
08	00	c9	00	0f	dd	02	18	92	01	
00	8a	07	00	00	21	01	01	01	01	
01	e2	00	01	00	00	00	3f	01	02	
00	00	00	64	00	4f	00	01	01	00	
00	00	00	13	01	15	01	03	93	ff	
bb	6f	07	00	00	04	00	cb	71	01	
00	0f	01	00	00	20	00	8f	fe	59	
01	01	00	00	00	01	00	03	00	04	
00	02	00	05	00	02	00	02	00	01	
00	01	00	00	00	00	00	00	00	00	
00	03	00	02	00	ff	ff	06	00	08	
00	03	00	f5	00	36	00	43	00	35	
00	36	00	43	00	02	ff	ff	06	00	
fd	ff	ff	ff	00	00	01	00	f7	00	
51	00	36	00	51	00	36	00	36	00	
02	54	00	01	00	00	00	c0	17	87	
3e	00	00	d4	41	a5	6f	f8	53	e3	
3d	01	00	00	00	00	00	0f	04	00	
0a	d7	a3	3b	29	5c	0f	bd	8f	c2	
f5	3c	03	03	03	03	03	03	