55	45	4c	59	53	59	53	08	1a	c1	
95	00	c9	00	0f	75	88	18	92	01	
00	5e	02	00	00	21	01	01	01	01	
01	e2	00	01	00	00	00	3e	01	02	
00	00	00	64	00	4f	00	01	01	00	
00	00	00	10	01	14	01	03	9a	ff	
21	78	07	00	00	04	00	52	d9	01	
00	0f	01	00	00	1f	00	8f	fe	5c	
01	01	00	00	00	01	00	03	00	04	
00	02	00	05	00	02	00	02	00	01	
00	01	00	00	00	00	00	00	00	00	
00	03	00	02	00	fe	ff	06	00	08	
00	03	00	f5	00	43	00	43	00	35	
00	28	00	43	00	02	fe	ff	06	00	
fd	ff	ff	ff	00	00	01	00	e8	00	
51	00	36	00	5e	00	36	00	36	00	
02	54	00	01	00	00	00	cc	04	1c	
3f	00	00	d4	41	29	78	87	16	d9	
3d	01	00	00	00	00	00	0f	04	00	
0a	d7	23	3c	99	99	19	bd	ad	47	
e1	3c	03	03	03	03	03	03	