55	45	4c	59	53	59	53	08	1a	c0	
5a	00	c9	00	0f	50	9e	16	84	01	
00	85	00	00	00	21	01	01	01	01	
01	e2	00	01	00	00	00	49	01	02	
00	00	00	64	00	4f	00	01	01	00	
00	00	00	1d	01	22	01	03	78	ff	
cd	7b	07	00	00	04	00	80	3b	02	
00	0f	01	00	00	1b	00	8e	fe	51	
01	01	00	00	00	01	00	03	00	04	
00	55	01	05	00	02	00	02	00	01	
00	01	00	00	00	00	00	01	00	00	
00	03	00	02	00	ff	ff	06	00	08	
00	03	00	f5	00	43	00	43	00	35	
00	36	00	51	00	02	fe	ff	06	00	
fd	ff	ff	ff	00	00	01	00	f7	00	
51	00	44	00	5e	00	44	00	36	00	
02	54	00	01	00	00	00	62	8c	2e	
3f	00	00	ee	41	b4	7b	6d	e7	7b	
be	01	00	00	00	00	00	0f	04	00	
cc	cc	4c	3c	b8	1e	05	bd	8f	c2	
f5	3c	03	03	03	03	03	03	