55	45	4c	59	53	59	53	08	1a	c6	
01	00	c9	00	0f	fa	30	16	9d	01	
00	00	09	00	00	21	01	01	01	01	
01	e2	00	01	00	00	00	44	01	02	
00	00	00	64	00	4f	00	01	01	00	
00	00	00	1a	01	1f	01	03	9c	ff	
15	7b	07	00	00	04	00	99	54	01	
00	2c	01	00	00	1d	00	8e	fe	5c	
01	01	00	00	00	01	00	03	00	04	
00	02	00	05	00	02	00	02	00	01	
00	01	00	00	00	00	00	00	00	00	
00	03	00	02	00	ff	ff	06	00	08	
00	03	00	f5	00	43	00	43	00	35	
00	36	00	51	00	02	fe	ff	06	00	
fd	ff	ff	ff	00	00	01	00	e8	00	
51	00	36	00	5e	00	44	00	36	00	
02	54	00	01	00	00	00	12	ee	1e	
3f	00	00	fa	41	f0	7a	c9	76	1e	
bf	01	00	00	00	00	00	0f	04	00	
0a	d7	23	3c	0a	d7	23	bd	8f	c2	
f5	3c	03	03	03	03	03	03	