55	45	4c	59	53	59	53	08	1a	c0	
1c	00	c9	00	0f	4e	70	3f	8f	04	
00	68	00	00	00	21	01	01	01	01	
01	e2	00	01	00	00	00	4d	01	02	
00	00	00	64	00	4f	00	01	01	00	
00	00	00	22	01	24	01	03	75	ff	
c2	7a	07	00	00	04	00	3d	41	01	
00	0f	01	00	00	1e	00	8e	fe	58	
01	01	00	00	00	01	00	03	00	04	
00	02	00	58	01	02	00	02	00	01	
00	01	00	00	00	00	00	00	01	00	
00	03	00	02	00	ff	ff	06	00	08	
00	03	00	04	01	43	00	43	00	43	
00	36	00	51	00	02	fe	ff	06	00	
fd	ff	ff	ff	00	00	01	00	f7	00	
5e	00	44	00	5e	00	44	00	36	00	
02	54	00	01	00	00	00	2a	9a	2c	
3f	00	00	e4	41	b2	7a	df	4f	0d	
3e	01	00	00	00	00	00	0f	04	00	
8f	c2	f5	3b	7b	14	2e	bd	8f	c2	
f5	3c	03	03	03	03	03	03	