55	45	4c	59	53	59	53	08	1a	c2	
89	00	c9	00	0f	da	ab	b9	d0	03	
00	6b	07	00	00	21	01	01	01	01	
01	ed	00	01	00	00	00	23	01	02	
00	00	00	64	00	4f	00	01	01	00	
00	00	00	01	01	04	01	03	9c	ff	
21	7a	07	00	00	04	00	50	0d	00	
00	0f	01	00	00	1d	00	8e	fe	54	
01	01	00	00	00	01	00	03	00	04	
00	02	00	05	00	02	00	02	00	01	
00	01	00	00	00	00	00	00	00	00	
00	03	00	02	00	ff	ff	06	00	08	
00	03	00	14	01	28	00	28	00	43	
00	51	00	1b	00	02	ff	ff	06	00	
fc	ff	ff	ff	00	00	01	00	d8	00	
36	00	36	00	43	00	1b	00	36	00	
02	54	00	01	00	00	00	20	32	13	
3f	00	00	de	41	ee	79	cf	f7	53	
bf	01	00	00	00	00	00	0f	04	00	
0a	d7	a3	3c	8f	c2	f5	bc	8f	c2	
f5	3c	03	03	03	03	03	03	