55	45	4c	59	53	59	53	08	1a	c3	
cf	00	c9	00	0f	b8	54	16	8d	01	
00	b5	05	00	00	21	01	01	01	01	
01	e2	00	01	00	00	00	3e	01	02	
00	00	00	64	00	4f	00	01	01	00	
00	00	00	10	01	13	01	03	96	ff	
7b	72	07	00	00	04	00	7e	96	01	
00	0f	01	00	00	1d	00	8e	fe	5a	
01	01	00	00	00	01	00	03	00	04	
00	02	00	05	00	02	00	02	00	01	
00	01	00	00	00	00	00	00	00	00	
00	03	00	02	00	ff	ff	06	00	08	
00	03	00	f5	00	43	00	43	00	35	
00	36	00	43	00	02	fe	ff	06	00	
fc	ff	ff	ff	00	00	01	00	f7	00	
51	00	36	00	51	00	36	00	36	00	
02	54	00	01	00	00	00	5b	7e	c2	
3e	00	00	ce	41	7e	72	f8	53	e3	
3d	01	00	00	00	00	00	0f	04	00	
cc	cc	4c	3c	b8	1e	05	bd	99	99	
19	3d	03	03	03	03	03	03	