55	45	4c	59	53	59	53	08	1a	c0	
36	00	c9	00	0f	b9	dd	7a	6d	05	
00	c7	05	00	00	21	01	01	01	01	
01	e3	00	00	01	00	00	51	01	02	
00	00	00	64	00	4f	00	01	01	00	
00	00	00	24	01	29	01	03	54	ff	
b9	7a	07	00	00	04	00	b1	d5	00	
00	0f	01	00	00	1e	00	1e	00	6a	
01	01	00	b2	00	01	00	03	00	04	
00	02	00	5f	01	02	00	02	00	01	
01	01	00	01	00	00	00	00	01	00	
00	03	00	02	00	fe	ff	06	00	08	
00	03	00	04	01	43	00	43	00	43	
00	36	00	51	00	02	ff	ff	06	00	
fd	ff	ff	ff	00	00	01	00	f7	00	
51	00	36	00	5e	00	44	00	44	00	
02	54	00	01	00	00	00	16	02	1e	
3f	00	00	f4	41	97	7a	c1	ca	01	
bf	01	00	00	00	00	00	0b	04	00	
8f	c2	f5	3b	8f	c2	f5	bc	29	5c	
0f	3d	03	03	03	03	03	03	