55	45	4c	59	53	59	53	08	1a	c0	
1e	00	c9	00	0f	4b	0d	62	b4	03	
00	3d	00	00	00	11	01	01	01	01	
01	e2	00	01	00	00	00	50	01	02	
00	00	00	64	00	4f	00	01	01	00	
00	00	00	1f	01	23	01	03	76	ff	
20	7b	07	00	00	04	00	a4	44	01	
00	0f	01	00	00	1b	00	8f	fe	59	
01	01	00	00	00	01	00	03	00	04	
00	02	00	5e	01	02	00	02	00	01	
00	01	00	00	00	00	00	00	01	00	
00	03	00	02	00	fe	ff	06	00	08	
00	03	00	04	01	43	00	43	00	43	
00	36	00	51	00	02	fe	ff	06	00	
fc	ff	ff	ff	00	00	01	00	e8	00	
51	00	44	00	5e	00	36	00	36	00	
02	54	00	01	00	00	00	3e	b8	2f	
3f	00	00	e4	41	0b	7b	bc	74	13	
3e	01	00	00	00	00	00	0f	04	00	
cc	cc	4c	3c	29	5c	0f	bd	ad	47	
e1	3c	03	03	03	03	03	03	