55	45	4c	59	53	59	53	08	1a	c0	
3a	00	c9	00	0f	4c	de	16	8c	01	
00	55	00	00	00	21	01	01	01	01	
01	e2	00	01	00	00	00	5b	01	02	
00	00	00	64	00	4f	00	01	01	00	
00	00	00	1f	01	22	01	03	9d	ff	
cf	7b	07	00	00	04	00	01	02	02	
00	0f	01	00	00	1b	00	8e	fe	62	
01	01	00	00	00	01	00	03	00	04	
00	02	00	05	00	02	00	02	00	01	
00	01	00	00	00	00	00	00	00	00	
00	03	00	02	00	ff	ff	06	00	08	
00	03	00	04	01	43	00	43	00	43	
00	36	00	51	00	02	fe	ff	06	00	
fc	ff	ff	ff	00	00	01	00	f7	00	
5e	00	44	00	5e	00	36	00	36	00	
02	54	00	01	00	00	00	c9	66	3a	
3f	00	00	dd	41	bd	7b	87	16	d9	
3d	01	00	00	00	00	00	0f	04	00	
8f	c2	75	3c	8f	c2	f5	bc	29	5c	
0f	3d	03	03	03	03	03	03	