55	45	4c	59	53	59	53	08	1a	c0	
d0	00	c9	00	0f	64	32	d5	db	02	
00	7f	01	00	00	21	01	01	01	01	
01	ec	00	00	01	00	00	2b	01	02	
00	00	00	64	00	4f	00	01	01	00	
00	00	00	04	01	08	01	03	76	ff	
c3	7a	07	00	00	04	00	fe	83	00	
00	0f	01	00	00	21	00	8e	fe	68	
01	01	00	00	00	01	00	03	00	04	
00	02	00	5b	01	02	00	02	00	01	
00	01	00	00	00	00	00	00	01	00	
00	03	00	02	00	ff	ff	06	00	08	
00	03	00	f5	00	43	00	36	00	43	
00	28	00	43	00	02	ff	ff	06	00	
fd	ff	ff	ff	00	00	01	00	e8	00	
51	00	36	00	51	00	36	00	36	00	
02	54	00	01	00	00	00	f4	42	2d	
3f	00	00	cc	41	a9	7a	df	4f	0d	
3e	01	00	00	00	00	00	0f	04	00	
00	00	00	00	b8	1e	05	bd	b8	1e	
05	3d	03	03	03	03	03	03	