55	45	4c	59	53	59	53	08	1a	c0	
81	00	c9	00	0f	55	30	16	99	01	
00	c0	00	00	00	21	01	01	01	01	
01	e2	00	01	00	00	00	48	01	02	
00	00	00	64	00	4f	00	01	01	00	
00	00	00	1d	01	20	01	03	79	ff	
26	7c	07	00	00	04	00	ee	36	02	
00	0f	01	00	00	1c	00	8e	fe	56	
01	01	00	00	00	01	00	03	00	04	
00	40	01	05	00	02	00	02	00	01	
00	01	00	00	00	00	00	01	00	00	
00	02	00	02	00	ff	ff	06	00	08	
00	03	00	04	01	43	00	43	00	43	
00	36	00	51	00	02	fe	ff	06	00	
fd	ff	ff	ff	00	00	01	00	f7	00	
5e	00	51	00	6c	00	51	00	51	00	
02	54	00	01	00	00	00	41	ab	34	
3f	00	00	e8	41	0d	7c	6d	e7	fb	
bd	01	00	00	00	00	00	0f	04	00	
cc	cc	4c	3c	b8	1e	05	bd	cc	cc	
cc	3c	03	03	03	03	03	03	