55	45	4c	59	53	59	53	08	1a	c0	
c1	00	c9	00	0f	5c	b0	18	93	01	
00	20	01	00	00	21	01	01	01	01	
01	e2	00	01	00	00	00	45	01	02	
00	00	00	64	00	4f	00	01	01	00	
00	00	00	15	01	19	01	03	9c	ff	
83	7a	07	00	00	04	00	2d	f2	01	
00	0f	01	00	00	1d	00	8e	fe	63	
01	01	00	00	00	01	00	03	00	04	
00	02	00	05	00	02	00	02	00	01	
00	01	00	00	00	00	00	00	00	00	
00	03	00	02	00	ff	ff	06	00	07	
00	03	00	f5	00	43	00	43	00	43	
00	36	00	43	00	02	ff	ff	06	00	
fd	ff	ff	ff	00	00	01	00	e8	00	
51	00	36	00	51	00	36	00	36	00	
02	54	00	01	00	00	00	7e	e3	2e	
3f	00	00	d6	41	6b	7a	87	16	d9	
3d	01	00	00	00	00	00	0f	04	00	
0a	d7	23	3c	0a	d7	23	bd	8f	c2	
f5	3c	03	03	03	03	03	03	