55	45	4c	59	53	59	53	08	1a	c2	
cb	00	c9	00	0f	99	dc	16	8c	01	
00	2f	04	00	00	21	01	01	01	01	
01	e2	00	01	00	00	00	3d	01	02	
00	00	00	64	00	4f	00	01	01	00	
00	00	00	10	01	13	01	03	97	ff	
c8	74	07	00	00	04	00	fa	b4	01	
00	0f	01	00	00	1c	00	8e	fe	70	
01	01	00	00	00	01	00	03	00	04	
00	02	00	05	00	02	00	02	00	01	
00	01	00	00	00	00	00	00	00	00	
00	02	00	02	00	ff	ff	06	00	07	
00	03	00	f5	00	43	00	43	00	43	
00	28	00	43	00	02	ff	ff	06	00	
fc	ff	ff	ff	00	00	01	00	e8	00	
51	00	36	00	51	00	36	00	44	00	
02	54	00	01	00	00	00	c1	89	f7	
3e	00	00	ce	41	d3	74	87	16	d9	
3d	01	00	00	00	00	00	0f	04	00	
cc	cc	4c	3c	99	99	19	bd	ad	47	
e1	3c	03	03	03	03	03	03	