55	45	4c	59	53	59	53	08	1a	c1	
a7	00	c9	00	0f	77	a4	18	94	01	
00	79	02	00	00	21	01	01	01	01	
01	e2	00	01	00	00	00	4b	01	02	
00	00	00	64	00	4f	00	01	01	00	
00	00	00	1a	01	1d	01	03	6c	ff	
21	7c	07	00	00	04	00	75	14	02	
00	0f	01	00	00	1d	00	1a	00	52	
01	01	00	00	00	01	00	03	00	04	
00	02	00	5a	01	02	00	02	00	01	
01	01	00	00	00	00	00	00	01	00	
00	02	00	02	00	ff	ff	06	00	08	
00	03	00	f5	00	43	00	43	00	43	
00	28	00	51	00	02	ff	ff	06	00	
fc	ff	ff	ff	00	00	01	00	f7	00	
5e	00	44	00	5e	00	51	00	51	00	
02	54	00	01	00	00	00	5b	19	38	
3f	00	00	dc	41	04	7c	42	60	e5	
bd	01	00	00	00	00	00	0b	04	00	
cc	cc	4c	3c	8f	c2	f5	bc	29	5c	
0f	3d	03	03	03	03	03	03	