55	45	4c	59	53	59	53	08	1a	c3	
3e	00	c9	00	0f	ac	6c	3f	a2	04	
00	1b	05	00	00	21	01	01	01	01	
01	e2	00	01	00	00	00	4c	01	02	
00	00	00	64	00	4f	00	01	01	00	
00	00	00	22	01	24	01	03	6c	ff	
c8	74	07	00	00	04	00	36	e3	00	
00	0f	01	00	00	22	00	8e	fe	6c	
01	01	00	00	00	01	00	03	00	04	
00	02	00	05	00	ca	00	02	00	01	
00	01	00	00	00	00	00	00	00	01	
00	03	00	02	00	ff	ff	06	00	08	
00	03	00	04	01	43	00	43	00	43	
00	36	00	51	00	02	ff	ff	06	00	
fd	ff	ff	ff	00	00	01	00	f7	00	
51	00	36	00	5e	00	44	00	36	00	
02	00	00	00	00	00	00	00	00	00	
00	00	00	00	00	00	00	00	00	00	
00	00	00	00	00	00	00	0f	04	00	
0a	d7	a3	3b	0a	d7	23	bd	8f	c2	
f5	3c	03	03	03	03	03	03	