55	45	4c	59	53	59	53	08	1a	c0	
ea	00	c9	00	0f	61	7e	16	9d	01	
00	5d	01	00	00	21	01	01	01	01	
01	e2	00	01	00	00	00	43	01	02	
00	00	00	64	00	4f	00	01	01	00	
00	00	00	15	01	18	01	03	9b	ff	
29	7a	07	00	00	04	00	5f	ed	01	
00	0f	01	00	00	1e	00	8e	fe	5d	
01	01	00	00	00	01	00	03	00	04	
00	02	00	05	00	02	00	02	00	01	
00	01	00	00	00	00	00	00	00	00	
00	02	00	02	00	ff	ff	06	00	08	
00	03	00	f5	00	43	00	43	00	35	
00	28	00	43	00	02	fe	ff	06	00	
fd	ff	ff	ff	00	00	01	00	e8	00	
51	00	36	00	5e	00	36	00	44	00	
02	54	00	01	00	00	00	5c	5d	2b	
3f	00	00	d4	41	1a	7a	17	d9	ce	
3d	01	00	00	00	00	00	0f	04	00	
0a	d7	23	3c	b8	1e	05	bd	cc	cc	
cc	3c	03	03	03	03	03	03	