55	45	4c	59	53	59	53	08	1a	c1	
86	00	c9	00	0f	73	c6	14	8b	01	
00	47	02	00	00	21	01	01	01	01	
01	e2	00	01	00	00	00	4f	01	02	
00	00	00	64	00	4f	00	01	01	00	
00	00	00	18	01	1c	01	03	6b	ff	
d4	7b	07	00	00	04	00	54	18	02	
00	0f	01	00	00	1c	00	1e	00	51	
01	01	00	00	00	01	00	03	00	04	
00	02	00	5c	01	02	00	02	00	01	
01	01	00	00	00	00	00	00	01	00	
00	02	00	02	00	ff	ff	06	00	08	
00	03	00	04	01	43	00	43	00	43	
00	36	00	43	00	02	ff	ff	06	00	
fd	ff	ff	ff	00	00	01	00	e8	00	
51	00	36	00	5e	00	36	00	44	00	
02	54	00	01	00	00	00	bf	9f	33	
3f	00	00	d8	41	b4	7b	42	60	65	
be	01	00	00	00	00	00	0b	04	00	
8f	c2	f5	3b	7b	14	2e	bd	29	5c	
0f	3d	03	03	03	03	03	03	