55	45	4c	59	53	59	53	08	1a	c3	
5c	00	c9	00	0f	aa	da	16	93	01	
00	08	05	00	00	21	01	01	01	01	
01	e2	00	01	00	00	00	3d	01	02	
00	00	00	64	00	4f	00	01	01	00	
00	00	00	10	01	13	01	03	96	ff	
69	73	07	00	00	04	00	f9	a3	01	
00	0f	01	00	00	21	00	8f	fe	59	
01	01	00	00	00	01	00	03	00	04	
00	02	00	05	00	02	00	02	00	01	
00	01	00	00	00	00	00	00	00	00	
00	02	00	02	00	fe	ff	06	00	07	
00	03	00	f5	00	36	00	36	00	43	
00	36	00	51	00	02	fe	ff	06	00	
fd	ff	ff	ff	00	00	01	00	e8	00	
51	00	36	00	5e	00	36	00	36	00	
02	54	00	01	00	00	00	6f	97	d9	
3e	00	00	ce	41	6e	73	87	16	d9	
3d	01	00	00	00	00	00	0f	04	00	
0a	d7	a3	3b	8f	c2	f5	bc	8f	c2	
f5	3c	03	03	03	03	03	03	