55	45	4c	59	53	59	53	08	1a	c0	
eb	00	c9	00	0f	66	b2	3f	86	04	
00	9f	01	00	00	21	01	01	01	01	
01	e2	00	01	00	00	00	55	01	02	
00	00	00	64	00	4f	00	01	01	00	
00	00	00	24	01	29	01	03	6a	ff	
69	7b	07	00	00	04	00	f8	28	01	
00	2c	01	00	00	1d	00	21	00	69	
01	01	00	00	00	01	00	03	00	04	
00	02	00	53	01	02	00	02	00	01	
01	01	00	00	00	00	00	00	01	00	
00	02	00	02	00	ff	ff	06	00	08	
00	03	00	04	01	43	00	51	00	43	
00	36	00	51	00	02	fe	ff	06	00	
fd	ff	ff	ff	00	00	01	00	f7	00	
51	00	44	00	5e	00	36	00	44	00	
02	54	00	01	00	00	00	c5	c5	2f	
3f	00	00	e2	41	49	7b	10	58	39	
be	01	00	00	00	00	00	0b	04	00	
0a	d7	23	3c	29	5c	0f	bd	8f	c2	
f5	3c	03	03	03	03	03	03	