55	45	4c	59	53	59	53	08	1a	c1	
1e	00	c9	00	0f	6c	ac	41	95	04	
00	eb	01	00	00	21	01	01	01	01	
01	e2	00	01	00	00	00	5d	01	02	
00	00	00	64	00	4f	00	01	01	00	
00	00	00	27	01	2b	01	03	77	ff	
d5	7b	07	00	00	04	00	fd	22	01	
00	0f	01	00	00	1e	00	8e	fe	58	
01	01	00	00	00	01	00	03	00	04	
00	02	00	55	01	02	00	02	00	01	
00	01	00	00	00	00	00	00	01	00	
00	03	00	02	00	ff	ff	06	00	08	
00	03	00	f5	00	43	00	43	00	43	
00	36	00	51	00	02	ff	ff	06	00	
fd	ff	ff	ff	00	00	01	00	f7	00	
5e	00	44	00	5e	00	44	00	44	00	
02	54	00	01	00	00	00	30	e6	34	
3f	00	00	e4	41	bd	7b	42	60	e5	
bd	01	00	00	00	00	00	0f	04	00	
0a	d7	a3	3b	8f	c2	f5	bc	99	99	
19	3d	03	03	03	03	03	03	