55	45	4c	59	53	59	53	08	1a	c1	
13	00	c9	00	0f	df	68	26	bf	07	
00	a7	07	00	00	21	01	01	01	01	
01	e3	00	00	01	00	00	35	01	02	
00	00	00	64	00	4f	00	01	01	00	
00	00	00	09	01	0b	01	03	70	ff	
0b	76	07	00	00	04	00	fd	af	00	
00	2c	01	00	00	22	00	8e	fe	58	
01	01	00	00	00	01	00	03	00	04	
00	02	00	5a	01	02	00	02	00	01	
00	01	00	00	00	00	00	00	01	00	
00	03	00	02	00	fe	ff	06	00	08	
00	03	00	f5	00	36	00	43	00	35	
00	28	00	51	00	02	fe	ff	06	00	
fc	ff	ff	ff	00	00	01	00	f7	00	
51	00	36	00	51	00	36	00	36	00	
02	54	00	01	00	00	00	d7	aa	07	
3f	00	00	cc	41	13	76	75	93	18	
3e	01	00	00	00	00	00	0b	04	00	
0a	d7	23	3c	29	5c	0f	bd	8f	c2	
f5	3c	03	03	03	03	03	03	