55	45	4c	59	53	59	53	08	1a	c2	
7e	00	c9	00	0f	d9	61	b7	d1	03	
00	5a	07	00	00	21	01	01	01	01	
01	ed	00	01	00	00	00	22	01	02	
00	00	00	64	00	4f	00	01	01	00	
00	00	00	01	01	04	01	03	9a	ff	
7b	79	07	00	00	04	00	9a	0e	00	
00	0f	01	00	00	1f	00	8f	fe	53	
01	01	00	00	00	01	00	03	00	04	
00	02	00	05	00	02	00	02	00	01	
00	01	00	00	00	00	00	00	00	00	
00	03	00	02	00	ff	ff	06	00	08	
00	03	00	14	01	28	00	28	00	43	
00	51	00	28	00	02	fe	ff	06	00	
fd	ff	ff	ff	00	00	01	00	e8	00	
36	00	36	00	43	00	28	00	36	00	
02	54	00	01	00	00	00	bc	ef	0a	
3f	00	00	de	41	45	79	7d	3f	85	
bf	01	00	00	00	00	00	0f	04	00	
0a	d7	23	3c	b8	1e	05	bd	b8	1e	
05	3d	03	03	03	03	03	03	