55	45	4c	59	53	59	53	08	1a	c2	
95	00	c9	00	0f	98	9e	3f	97	04	
00	1e	04	00	00	21	01	01	01	01	
01	e2	00	01	00	00	00	58	01	02	
00	00	00	64	00	4f	00	01	01	00	
00	00	00	2c	01	2f	01	03	99	ff	
bb	76	07	00	00	04	00	06	f7	00	
00	2c	01	00	00	20	00	8e	fe	5a	
01	01	00	00	00	01	00	03	00	04	
00	02	00	05	00	02	00	02	00	01	
00	01	00	00	00	00	00	00	00	00	
00	03	00	02	00	ff	ff	06	00	08	
00	03	00	04	01	43	00	43	00	43	
00	36	00	51	00	02	fe	ff	06	00	
fd	ff	ff	ff	00	00	01	00	f7	00	
5e	00	44	00	5e	00	44	00	36	00	
02	54	00	01	00	00	00	a7	99	0d	
3f	00	00	ee	41	aa	76	87	16	d9	
3d	01	00	00	00	00	00	0f	04	00	
0a	d7	a3	3b	29	5c	0f	bd	0a	d7	
23	3d	03	03	03	03	03	03	