55	45	4c	59	53	59	53	08	1a	c1	
38	00	c9	00	0f	6f	b8	3f	a9	04	
00	12	02	00	00	21	01	01	01	01	
01	e2	00	01	00	00	00	57	01	02	
00	00	00	64	00	4f	00	01	01	00	
00	00	00	27	01	2a	01	03	77	ff	
00	7c	07	00	00	04	00	f1	1f	01	
00	0f	01	00	00	1f	00	8e	fe	58	
01	01	00	00	00	01	00	03	00	04	
00	02	00	57	01	02	00	02	00	01	
00	01	00	00	00	00	00	00	01	00	
00	03	00	02	00	ff	ff	06	00	08	
00	03	00	04	01	43	00	43	00	43	
00	36	00	51	00	02	fe	ff	06	00	
fd	ff	ff	ff	00	00	01	00	f7	00	
5e	00	44	00	5e	00	51	00	51	00	
02	54	00	01	00	00	00	b4	1b	37	
3f	00	00	e4	41	e9	7b	0a	d7	a3	
bd	01	00	00	00	00	00	0f	04	00	
cc	cc	4c	3c	b8	1e	05	bd	29	5c	
0f	3d	03	03	03	03	03	03	