55	45	4c	59	53	59	53	08	1a	c0	
4f	00	c9	00	0f	97	df	b7	d1	03	
00	14	04	00	00	21	01	01	01	01	
01	ed	00	01	00	00	00	1c	01	02	
00	00	00	64	00	4f	00	01	01	00	
00	00	00	f7	00	fa	00	03	99	ff	
51	75	07	00	00	04	00	24	50	00	
00	0f	01	00	00	24	00	8e	fe	53	
01	01	00	00	00	01	00	03	00	04	
00	02	00	05	00	02	00	02	00	01	
00	01	00	00	00	00	00	00	00	00	
00	02	00	02	00	fe	ff	06	00	08	
00	03	00	04	01	28	00	28	00	43	
00	43	00	28	00	02	fe	ff	06	00	
fd	ff	ff	ff	00	00	01	00	d8	00	
36	00	36	00	43	00	28	00	28	00	
02	54	00	01	00	00	00	5b	96	00	
3f	00	00	be	41	58	75	87	16	d9	
3d	01	00	00	00	00	00	0f	04	00	
8f	c2	75	3c	cc	cc	cc	bc	cc	cc	
cc	3c	03	03	03	03	03	03	