55	45	4c	59	53	59	53	08	1a	c1	
4a	00	c9	00	0f	b5	49	b7	e2	03	
00	8c	05	00	00	21	01	01	01	01	
01	ed	00	01	00	00	00	1c	01	02	
00	00	00	64	00	4f	00	01	01	00	
00	00	00	f7	00	fa	00	03	97	ff	
0c	73	07	00	00	04	00	b7	32	00	
00	0f	01	00	00	21	00	8e	fe	57	
01	01	00	00	00	01	00	03	00	04	
00	02	00	05	00	02	00	02	00	01	
00	01	00	00	00	00	00	00	00	00	
00	03	00	02	00	ff	ff	06	00	08	
00	03	00	04	01	28	00	28	00	43	
00	51	00	1b	00	02	ff	ff	06	00	
fd	ff	ff	ff	00	00	01	00	d8	00	
36	00	36	00	43	00	28	00	28	00	
02	54	00	01	00	00	00	32	6c	d0	
3e	00	00	bc	41	0c	73	87	16	d9	
3d	01	00	00	00	00	00	0f	04	00	
8f	c2	f5	3b	cc	cc	cc	bc	cc	cc	
cc	3c	03	03	03	03	03	03	