55	45	4c	59	53	59	53	08	1a	c0	
0a	00	c9	00	0f	48	b5	64	a5	03	
00	1f	00	00	00	11	01	01	01	01	
01	e2	00	01	00	00	00	4b	01	02	
00	00	00	64	00	4f	00	01	01	00	
00	00	00	1f	01	22	01	03	9c	ff	
6a	7b	07	00	00	04	00	fc	46	01	
00	0f	01	00	00	1c	00	8f	fe	5a	
01	01	00	00	00	01	00	03	00	04	
00	02	00	05	00	02	00	02	00	01	
00	01	00	00	00	00	00	00	00	00	
00	03	00	02	00	ff	ff	06	00	08	
00	03	00	04	01	43	00	43	00	43	
00	36	00	51	00	02	fe	ff	06	00	
fd	ff	ff	ff	00	00	01	00	f7	00	
51	00	44	00	5e	00	36	00	44	00	
02	54	00	01	00	00	00	e6	6a	31	
3f	00	00	e8	41	5b	7b	17	d9	ce	
3d	01	00	00	00	00	00	0f	04	00	
cc	cc	4c	3c	99	99	19	bd	ad	47	
e1	3c	03	03	03	03	03	03	