55	45	4c	59	53	59	53	08	1a	c0	
18	00	c9	00	0f	c1	fe	26	bb	07	
00	2e	06	00	00	21	01	01	01	01	
01	e3	00	00	01	00	00	4e	01	02	
00	00	00	64	00	4f	00	01	01	00	
00	00	00	1d	01	21	01	03	56	ff	
b1	7a	07	00	00	04	00	6a	cd	00	
00	0f	01	00	00	1f	00	21	00	60	
01	01	00	b1	00	01	00	03	00	04	
00	02	00	58	01	02	00	02	00	01	
01	01	00	01	00	00	00	00	01	00	
00	03	00	02	00	ff	ff	06	00	08	
00	03	00	04	01	43	00	43	00	43	
00	36	00	51	00	02	fe	ff	06	00	
fd	ff	ff	ff	00	00	01	00	e8	00	
51	00	44	00	5e	00	44	00	36	00	
02	54	00	01	00	00	00	30	3b	2b	
3f	00	00	e8	41	a0	7a	58	39	34	
3e	01	00	00	00	00	00	0b	04	00	
8f	c2	f5	3b	99	99	19	bd	99	99	
19	3d	03	03	03	03	03	03	