55	45	4c	59	53	59	53	08	1a	c3	
3b	00	c9	00	0f	ac	12	40	07	04	
00	17	05	00	00	21	01	01	01	01	
01	e2	00	01	00	00	00	4c	01	02	
00	00	00	64	00	4f	00	01	01	00	
00	00	00	22	01	24	01	03	69	ff	
d1	74	07	00	00	04	00	90	e3	00	
00	0f	01	00	00	1f	00	8f	fe	5b	
01	01	00	00	00	01	00	03	00	04	
00	02	00	05	00	d4	00	02	00	01	
00	01	00	00	00	00	00	00	00	01	
00	03	00	02	00	ff	ff	06	00	08	
00	03	00	f5	00	43	00	43	00	43	
00	36	00	51	00	02	ff	ff	06	00	
fd	ff	ff	ff	00	00	01	00	f7	00	
51	00	44	00	51	00	44	00	44	00	
02	54	00	01	00	00	00	13	5a	f6	
3e	00	00	de	41	c0	74	2d	b2	1d	
3e	01	00	00	00	00	00	0f	04	00	
0a	d7	23	3c	7b	14	2e	bd	ad	47	
e1	3c	03	03	03	03	03	03	