55	45	4c	59	53	59	53	08	1a	c1	
d6	00	c9	00	0f	82	3c	3f	97	04	
00	ff	02	00	00	21	01	01	01	01	
01	e2	00	01	00	00	00	58	01	02	
00	00	00	64	00	4f	00	01	01	00	
00	00	00	36	01	3a	01	03	7f	fe	
d0	78	07	00	00	04	00	6b	0d	01	
00	0f	01	00	00	1f	00	8f	fe	58	
01	01	00	00	00	01	00	ca	04	b9	
00	02	00	53	01	02	00	02	00	01	
00	01	00	00	00	01	01	00	01	00	
00	02	00	02	00	ff	ff	06	00	08	
00	03	00	04	01	51	00	51	00	43	
00	36	00	51	00	02	fe	ff	06	00	
fd	ff	ff	ff	00	00	01	00	f7	00	
5e	00	44	00	5e	00	44	00	44	00	
02	54	00	01	00	00	00	ed	ae	22	
3f	00	00	ea	41	c8	78	27	31	c8	
3e	01	00	00	00	00	00	0f	04	00	
0a	d7	23	3c	b8	1e	05	bd	29	5c	
0f	3d	03	03	03	03	03	03	