55	45	4c	59	53	59	53	08	1a	c2	
6c	00	c9	00	0f	93	d0	41	96	04	
00	e0	03	00	00	21	01	01	01	01	
01	e2	00	01	00	00	00	61	01	02	
00	00	00	64	00	4f	00	01	01	00	
00	00	00	33	01	38	01	03	9a	ff	
2a	77	07	00	00	04	00	d5	fb	00	
00	2c	01	00	00	1e	00	8e	fe	59	
01	01	00	00	00	01	00	03	00	04	
00	02	00	05	00	02	00	02	00	01	
00	01	00	00	00	00	00	00	00	00	
00	03	00	02	00	ff	ff	06	00	08	
00	03	00	04	01	43	00	51	00	43	
00	36	00	51	00	02	ff	ff	06	00	
fd	ff	ff	ff	00	00	01	00	f7	00	
5e	00	44	00	5e	00	44	00	44	00	
02	54	00	01	00	00	00	32	9c	11	
3f	00	00	f5	41	0b	77	87	16	d9	
3d	01	00	00	00	00	00	0f	04	00	
0a	d7	a3	3b	99	99	19	bd	b8	1e	
05	3d	03	03	03	03	03	03	