55	45	4c	59	53	59	53	08	1a	c1	
5f	00	c9	00	0f	6f	34	18	99	01	
00	0d	02	00	00	21	01	01	01	01	
01	e2	00	01	00	00	00	3f	01	02	
00	00	00	64	00	4f	00	01	01	00	
00	00	00	10	01	15	01	03	9b	ff	
ff	78	07	00	00	04	00	a7	df	01	
00	0f	01	00	00	1b	00	8e	fe	59	
01	01	00	00	00	01	00	03	00	04	
00	02	00	05	00	02	00	02	00	01	
00	01	00	00	00	00	00	00	00	00	
00	02	00	02	00	ff	ff	06	00	07	
00	03	00	f5	00	43	00	43	00	43	
00	36	00	43	00	02	fe	ff	06	00	
fc	ff	ff	ff	00	00	01	00	16	01	
51	00	51	00	43	00	36	00	44	00	
02	54	00	01	00	00	00	86	22	21	
3f	00	00	d4	41	ec	78	87	16	d9	
3d	01	00	00	00	00	00	0f	04	00	
0a	d7	23	3c	7b	14	2e	bd	b8	1e	
05	3d	03	03	03	03	03	03	