55	45	4c	59	53	59	53	08	1a	c0	
34	00	c9	00	0f	4c	2a	10	a4	01	
00	4c	00	00	00	21	01	01	01	01	
01	e2	00	01	00	00	00	55	01	02	
00	00	00	64	00	4f	00	01	01	00	
00	00	00	1f	01	22	01	03	60	ff	
e6	72	07	00	00	04	00	78	56	02	
00	0f	01	00	00	1e	00	1c	00	5b	
01	01	00	00	00	01	00	03	00	04	
00	3d	01	05	00	02	00	02	00	01	
01	01	00	00	00	00	00	01	00	00	
00	03	00	02	00	ff	ff	06	00	08	
00	03	00	04	01	43	00	43	00	43	
00	36	00	51	00	02	fe	ff	06	00	
fc	ff	ff	ff	00	00	01	00	f7	00	
5e	00	44	00	5e	00	36	00	36	00	
02	54	00	01	00	00	00	d6	a2	d0	
3e	00	00	dd	41	d7	72	2d	b2	1d	
3e	01	00	00	00	00	00	0b	04	00	
0a	d7	23	3c	0a	d7	23	bd	8f	c2	
f5	3c	03	03	03	03	03	03	