55	45	4c	59	53	59	53	08	1a	c0	
1c	00	c9	00	0f	eb	20	a2	72	11	
00	38	08	00	00	21	01	01	01	01	
01	ec	00	00	01	00	00	32	01	02	
00	00	00	64	00	4f	00	01	01	00	
00	00	00	04	01	08	01	03	99	ff	
0a	75	07	00	00	04	00	bf	a2	00	
00	0f	01	00	00	1e	00	8e	fe	64	
01	01	00	00	00	01	00	03	00	04	
00	02	00	05	00	02	00	02	00	01	
00	01	00	00	00	00	00	00	00	00	
00	03	00	02	00	fe	ff	06	00	08	
00	03	00	04	01	43	00	43	00	35	
00	28	00	43	00	02	fe	ff	06	00	
fd	ff	ff	ff	00	00	01	00	e8	00	
51	00	36	00	51	00	36	00	36	00	
02	54	00	01	00	00	00	cc	9c	f9	
3e	00	00	c8	41	11	75	f8	53	e3	
3d	01	00	00	00	00	00	0f	04	00	
cc	cc	4c	3c	29	5c	0f	bd	8f	c2	
f5	3c	03	03	03	03	03	03	