55	45	4c	59	53	59	53	08	1a	c1	
51	00	c9	00	0f	b6	1b	b9	ca	03	
00	97	05	00	00	21	01	01	01	01	
01	ed	00	01	00	00	00	1c	01	02	
00	00	00	64	00	4f	00	01	01	00	
00	00	00	f7	00	fa	00	03	97	ff	
fd	72	07	00	00	04	00	e5	31	00	
00	0f	01	00	00	22	00	8e	fe	56	
01	01	00	00	00	01	00	03	00	04	
00	02	00	05	00	02	00	02	00	01	
00	01	00	00	00	00	00	00	00	00	
00	03	00	02	00	ff	ff	06	00	08	
00	03	00	14	01	36	00	28	00	35	
00	43	00	28	00	02	ff	ff	06	00	
fd	ff	ff	ff	00	00	01	00	e8	00	
36	00	44	00	43	00	28	00	36	00	
02	54	00	01	00	00	00	db	1d	cf	
3e	00	00	bc	41	fb	72	87	16	d9	
3d	01	00	00	00	00	00	0f	04	00	
8f	c2	75	3c	8f	c2	f5	bc	8f	c2	
f5	3c	03	03	03	03	03	03	