55	45	4c	59	53	59	53	08	1a	c0	
ff	00	c9	00	0f	63	f4	04	8e	01	
00	7d	01	00	00	21	01	01	01	01	
01	e2	00	01	00	00	00	4d	01	02	
00	00	00	64	00	4f	00	01	01	00	
00	00	00	1f	01	22	01	03	97	ff	
f0	73	07	00	00	04	00	25	5f	02	
00	2c	01	00	00	1b	00	8e	fe	5b	
01	01	00	00	00	01	00	03	00	04	
00	02	00	05	00	02	00	02	00	01	
00	01	00	00	00	00	00	00	00	00	
00	03	00	02	00	fe	ff	06	00	08	
00	03	00	04	01	43	00	43	00	35	
00	36	00	43	00	02	fe	ff	06	00	
fc	ff	ff	ff	00	00	01	00	f7	00	
51	00	36	00	5e	00	36	00	44	00	
02	54	00	01	00	00	00	66	e6	e5	
3e	00	00	dd	41	e2	73	87	16	d9	
3d	01	00	00	00	00	00	0b	04	00	
cc	cc	4c	3c	29	5c	0f	bd	ad	47	
e1	3c	03	03	03	03	03	03	