55	45	4c	59	53	59	53	08	1a	c0	
15	00	c9	00	0f	48	88	16	8b	01	
00	1e	00	00	00	21	01	01	01	01	
01	e2	00	01	00	00	00	58	01	02	
00	00	00	64	00	4f	00	01	01	00	
00	00	00	1f	01	23	01	03	95	fe	
06	7c	07	00	00	04	00	58	06	02	
00	0f	01	00	00	1e	00	d7	01	65	
01	01	00	00	00	01	00	03	00	04	
00	02	00	5a	01	cd	00	02	00	01	
01	01	00	00	00	00	00	00	01	01	
00	02	00	02	00	ff	ff	06	00	08	
00	03	00	04	01	43	00	43	00	43	
00	36	00	51	00	02	fe	ff	06	00	
fc	ff	ff	ff	00	00	01	00	f7	00	
5e	00	44	00	5e	00	51	00	51	00	
02	54	00	01	00	00	00	05	48	3b	
3f	00	00	dc	41	f2	7b	25	06	81	
3d	01	00	00	00	00	00	0b	04	00	
0a	d7	a3	3c	7b	14	2e	bd	29	5c	
0f	3d	03	03	03	03	03	03	