55	45	4c	59	53	59	53	08	1a	c0	
69	00	c9	00	0f	52	60	02	8c	01	
00	9c	00	00	00	21	01	01	01	01	
01	e2	00	01	00	00	00	65	01	02	
00	00	00	64	00	4f	00	01	01	00	
00	00	00	27	01	28	01	03	60	ff	
d1	75	07	00	00	04	00	bc	70	02	
00	0f	01	00	00	1d	00	1d	00	5b	
01	01	00	00	00	01	00	03	00	04	
00	02	00	05	00	ca	00	02	00	01	
01	01	00	00	00	00	00	00	00	01	
00	02	00	02	00	ff	ff	06	00	07	
00	03	00	04	01	43	00	43	00	43	
00	36	00	51	00	02	ff	ff	06	00	
fc	ff	ff	ff	00	00	01	00	f7	00	
5e	00	36	00	5e	00	36	00	36	00	
02	54	00	01	00	00	00	1d	9c	08	
3f	00	00	dd	41	c2	75	c3	f5	28	
3e	01	00	00	00	00	00	0b	04	00	
8f	c2	f5	3b	8f	c2	f5	bc	99	99	
19	3d	03	03	03	03	03	03	