55	45	4c	59	53	59	53	08	1a	c0	
03	00	c9	00	0f	49	38	86	aa	02	
00	26	00	00	00	14	01	01	01	01	
01	e2	00	01	00	00	00	53	01	02	
00	00	00	64	00	4f	00	01	01	00	
00	00	00	1d	01	21	01	03	4f	ff	
4c	7c	07	00	00	04	00	3e	09	02	
00	2c	01	00	00	1c	00	00	00	58	
01	01	00	00	00	01	00	03	00	04	
00	02	00	57	01	cc	00	02	00	01	
01	01	00	00	00	00	00	00	01	01	
00	03	00	02	00	fe	ff	06	00	08	
00	03	00	04	01	51	00	51	00	50	
00	43	00	5f	00	02	ff	ff	06	00	
fc	ff	ff	ff	00	00	01	00	f7	00	
5e	00	51	00	6c	00	44	00	51	00	
02	54	00	01	00	00	00	92	ef	3b	
3f	00	00	dc	41	30	7c	58	39	34	
bc	01	00	00	00	00	00	0f	04	00	
8f	c2	75	3c	b8	1e	05	bd	8f	c2	
f5	3c	03	03	03	03	03	03	