55	45	4c	59	53	59	53	08	1a	c1	
a9	00	c9	00	0f	7d	a0	d5	f5	02	
00	c5	02	00	00	21	01	01	01	01	
01	ec	00	00	01	00	00	22	01	02	
00	00	00	64	00	4f	00	01	01	00	
00	00	00	fc	00	fe	00	03	9a	ff	
92	77	07	00	00	04	00	8d	6a	00	
00	2c	01	00	00	21	00	8e	fe	53	
01	01	00	00	00	01	00	03	00	04	
00	02	00	05	00	02	00	02	00	01	
00	01	00	00	00	00	00	00	00	00	
00	03	00	02	00	ff	ff	06	00	08	
00	03	00	f5	00	36	00	43	00	35	
00	28	00	43	00	02	fe	ff	06	00	
fc	ff	ff	ff	00	00	01	00	e8	00	
51	00	36	00	51	00	36	00	36	00	
02	54	00	01	00	00	00	d4	7e	16	
3f	00	00	c2	41	92	77	87	16	d9	
3d	01	00	00	00	00	00	0f	04	00	
8f	c2	75	3c	8f	c2	f5	bc	8f	c2	
f5	3c	03	03	03	03	03	03	