55	45	4c	59	53	59	53	08	1a	c2	
ac	00	c9	00	0f	9b	50	3f	a8	04	
00	40	04	00	00	21	01	01	01	01	
01	e2	00	01	00	00	00	55	01	02	
00	00	00	64	00	4f	00	01	01	00	
00	00	00	27	01	2b	01	03	99	ff	
80	76	07	00	00	04	00	54	f4	00	
00	0f	01	00	00	1f	00	8e	fe	59	
01	01	00	00	00	01	00	03	00	04	
00	02	00	05	00	02	00	02	00	01	
00	01	00	00	00	00	00	00	00	00	
00	03	00	02	00	ff	ff	06	00	08	
00	03	00	04	01	43	00	43	00	43	
00	28	00	51	00	02	ff	ff	06	00	
fc	ff	ff	ff	00	00	01	00	f7	00	
51	00	36	00	5e	00	44	00	44	00	
02	54	00	01	00	00	00	e3	4e	0b	
3f	00	00	ea	41	74	76	87	16	d9	
3d	01	00	00	00	00	00	0f	04	00	
0a	d7	23	3c	0a	d7	23	bd	29	5c	
0f	3d	03	03	03	03	03	03	