55	45	4c	59	53	59	53	08	1a	c0	
6d	00	c9	00	0f	9b	63	b7	d3	03	
00	41	04	00	00	21	01	01	01	01	
01	ed	00	01	00	00	00	1c	01	02	
00	00	00	64	00	4f	00	01	01	00	
00	00	00	f5	00	f9	00	03	99	ff	
0a	75	07	00	00	04	00	a0	4c	00	
00	2c	01	00	00	21	00	8e	fe	75	
01	01	00	00	00	01	00	03	00	04	
00	02	00	05	00	02	00	02	00	01	
00	01	00	00	00	00	00	00	00	00	
00	03	00	02	00	ff	ff	06	00	08	
00	03	00	14	01	28	00	28	00	43	
00	43	00	28	00	02	fe	ff	06	00	
fd	ff	ff	ff	00	00	01	00	d8	00	
36	00	44	00	43	00	28	00	28	00	
02	54	00	01	00	00	00	ec	4b	fb	
3e	00	00	bc	41	08	75	87	16	d9	
3d	01	00	00	00	00	00	0f	04	00	
cc	cc	4c	3c	8f	c2	f5	bc	eb	51	
b8	3c	03	03	03	03	03	03	