55	45	4c	59	53	59	53	08	1a	c1	
93	00	c9	00	0f	7a	62	3f	83	04	
00	9b	02	00	00	21	01	01	01	01	
01	e2	00	01	00	00	00	50	01	02	
00	00	00	64	00	4f	00	01	01	00	
00	00	00	24	01	28	01	03	77	ff	
69	7b	07	00	00	04	00	46	15	01	
00	0f	01	00	00	20	00	8e	fe	64	
01	01	00	00	00	01	00	03	00	04	
00	02	00	54	01	02	00	02	00	01	
00	01	00	00	00	00	00	00	01	00	
00	03	00	02	00	ff	ff	06	00	08	
00	03	00	04	01	43	00	43	00	43	
00	36	00	51	00	02	fe	ff	06	00	
fd	ff	ff	ff	00	00	01	00	f7	00	
5e	00	44	00	5e	00	36	00	36	00	
02	54	00	01	00	00	00	2b	97	36	
3f	00	00	e2	41	5b	7b	df	4f	0d	
3e	01	00	00	00	00	00	0f	04	00	
8f	c2	f5	3b	99	99	19	bd	29	5c	
0f	3d	03	03	03	03	03	03	