55	45	4c	59	53	59	53	08	1a	c0	
c0	00	c9	00	0f	5c	92	16	7d	01	
00	1e	01	00	00	21	01	01	01	01	
01	e2	00	01	00	00	00	49	01	02	
00	00	00	64	00	4f	00	01	01	00	
00	00	00	1d	01	20	01	03	9d	ff	
69	7c	07	00	00	04	00	8b	2f	02	
00	0f	01	00	00	1c	00	8e	fe	54	
01	01	00	00	00	01	00	03	00	04	
00	02	00	05	00	02	00	02	00	01	
00	01	00	00	00	00	00	00	00	00	
00	03	00	02	00	ff	ff	06	00	08	
00	03	00	04	01	51	00	51	00	50	
00	43	00	5f	00	02	ff	ff	06	00	
fc	ff	ff	ff	00	00	01	00	f7	00	
5e	00	51	00	6c	00	44	00	44	00	
02	54	00	01	00	00	00	2c	1e	39	
3f	00	00	de	41	54	7c	fc	a9	71	
bd	01	00	00	00	00	00	0f	04	00	
8f	c2	75	3c	eb	51	38	bd	29	5c	
0f	3d	03	03	03	03	03	03	