55	45	4c	59	53	59	53	08	1a	c3	
70	00	c9	00	0f	b2	48	3f	a5	04	
00	66	05	00	00	21	01	01	01	01	
01	e2	00	01	00	00	00	53	01	02	
00	00	00	64	00	4f	00	01	01	00	
00	00	00	1f	01	23	01	03	bd	fe	
fd	73	07	00	00	04	00	59	dd	00	
00	0f	01	00	00	1f	00	8e	fe	59	
01	01	00	00	00	01	00	03	00	04	
00	02	00	05	00	02	00	02	00	01	
00	01	00	00	00	00	00	00	00	00	
00	03	00	02	00	ff	ff	06	00	08	
00	03	00	04	01	43	00	43	00	43	
00	28	00	51	00	02	fe	ff	06	00	
fd	ff	ff	ff	00	00	01	00	f7	00	
51	00	36	00	51	00	36	00	36	00	
02	54	00	01	00	00	00	99	be	e9	
3e	00	00	de	41	f4	73	e7	fb	a9	
3e	01	00	00	00	00	00	0e	04	00	
0a	d7	a3	3b	99	99	19	bd	8f	c2	
f5	3c	03	03	03	03	03	03	