55	45	4c	59	53	59	53	08	1a	c2	
2e	00	c9	00	0f	8c	8c	3f	9e	04	
00	83	03	00	00	21	01	01	01	01	
01	e2	00	01	00	00	00	66	01	02	
00	00	00	64	00	4f	00	01	01	00	
00	00	00	45	01	49	01	03	7d	fe	
4a	78	07	00	00	04	00	19	03	01	
00	2c	01	00	00	1c	00	8f	fe	59	
01	01	00	00	00	01	00	cc	04	b9	
00	02	00	51	01	02	00	02	00	01	
00	01	00	00	00	01	01	00	01	00	
00	02	00	02	00	ff	ff	06	00	08	
00	03	00	14	01	51	00	51	00	50	
00	36	00	51	00	02	fe	ff	06	00	
fd	ff	ff	ff	00	00	01	00	f7	00	
5e	00	51	00	5e	00	44	00	44	00	
02	54	00	01	00	00	00	01	cb	0c	
3f	00	00	f6	41	1f	78	3f	35	7e	
bf	01	00	00	00	00	00	0f	04	00	
8f	c2	75	3c	8f	c2	f5	bc	29	5c	
0f	3d	03	03	03	03	03	03	