55	45	4c	59	53	59	53	08	1a	c0	
0c	00	c9	00	0f	47	7a	16	82	01	
00	10	00	00	00	21	01	01	01	01	
01	e2	00	01	00	00	00	51	01	02	
00	00	00	64	00	4f	00	01	01	00	
00	00	00	1f	01	22	01	03	93	fe	
14	7c	07	00	00	04	00	66	07	02	
00	0f	01	00	00	1a	00	d9	01	58	
01	01	00	00	00	01	00	03	00	04	
00	02	00	5a	01	cc	00	02	00	01	
01	01	00	00	00	00	00	00	01	01	
00	03	00	02	00	ff	ff	06	00	08	
00	03	00	04	01	43	00	43	00	43	
00	36	00	51	00	02	ff	ff	06	00	
fc	ff	ff	ff	00	00	01	00	f7	00	
6c	00	51	00	6c	00	51	00	51	00	
02	54	00	01	00	00	00	d4	bf	3b	
3f	00	00	dc	41	04	7c	c1	ca	a1	
3d	01	00	00	00	00	00	0b	04	00	
8f	c2	75	3c	7b	14	2e	bd	b8	1e	
05	3d	03	03	03	03	03	03	