55	45	4c	59	53	59	53	08	1a	c0	
14	00	c9	00	0f	90	f5	b9	ea	03	
00	bb	03	00	00	21	01	01	01	01	
01	ed	00	01	00	00	00	1d	01	02	
00	00	00	64	00	4f	00	01	01	00	
00	00	00	f7	00	fa	00	03	99	ff	
e2	75	07	00	00	04	00	0f	57	00	
00	0f	01	00	00	1f	00	8e	fe	53	
01	01	00	00	00	01	00	03	00	04	
00	02	00	05	00	02	00	02	00	01	
00	01	00	00	00	00	00	00	00	00	
00	02	00	02	00	ff	ff	06	00	08	
00	03	00	14	01	28	00	28	00	43	
00	43	00	1b	00	02	ff	ff	06	00	
fd	ff	ff	ff	00	00	01	00	d8	00	
36	00	44	00	43	00	28	00	36	00	
02	54	00	01	00	00	00	37	52	06	
3f	00	00	be	41	e7	75	87	16	d9	
3d	01	00	00	00	00	00	0f	04	00	
00	00	00	00	8f	c2	f5	bc	b8	1e	
05	3d	03	03	03	03	03	03	