08	1a	c0	77	00	c9	00	0f	54	04	
0c	8d	55	45	4c	59	53	59	53	01	
00	b1	00	00	00	21	01	01	01	01	
01	e2	00	01	00	00	00	48	01	02	
00	00	00	64	00	4f	00	01	01	00	
00	00	00	1a	01	1f	01	03	9c	ff	
2c	79	07	00	00	04	00	ad	83	02	
00	0f	01	00	00	1c	00	8e	fe	71	
01	01	00	00	00	01	00	03	00	04	
00	02	00	05	00	02	00	02	00	01	
00	01	00	00	00	00	00	00	00	00	
00	03	00	02	00	ff	ff	06	00	07	
00	03	00	f5	00	43	00	43	00	43	
00	28	00	51	00	02	fe	ff	06	00	
fd	ff	ff	ff	00	00	01	00	f7	00	
51	00	36	00	5e	00	36	00	36	00	
02	54	00	01	00	00	00	a4	49	23	
3f	00	00	dc	41	35	79	87	16	d9	
3d	01	00	00	00	00	00	0f	04	00	
cc	cc	4c	3c	99	99	19	bd	8f	c2	
f5	3c	03	03	03	03	03	03	