55	45	4c	59	53	59	53	08	1a	c4	
8d	00	c9	00	0f	ce	98	16	81	01	
00	d2	06	00	00	21	01	01	01	01	
01	e2	00	01	00	00	00	3e	01	02	
00	00	00	64	00	4f	00	01	01	00	
00	00	00	10	01	14	01	03	93	ff	
e6	70	07	00	00	04	00	37	80	01	
00	2c	01	00	00	1e	00	8e	fe	59	
01	01	00	00	00	01	00	03	00	04	
00	02	00	05	00	02	00	02	00	01	
00	01	00	00	00	00	00	00	00	00	
00	02	00	02	00	ff	ff	06	00	08	
00	03	00	f5	00	43	00	43	00	43	
00	36	00	43	00	02	fe	ff	06	00	
fd	ff	ff	ff	00	00	01	00	e8	00	
51	00	36	00	51	00	36	00	36	00	
02	54	00	01	00	00	00	33	47	9e	
3e	00	00	d4	41	d3	70	87	16	d9	
3d	01	00	00	00	00	00	0f	04	00	
8f	c2	75	3c	0a	d7	23	bd	ad	47	
e1	3c	03	03	03	03	03	03	