55	45	4c	59	53	59	53	08	1a	c3	
60	00	c9	00	0f	b0	68	3f	87	04	
00	4e	05	00	00	21	01	01	01	01	
01	e2	00	01	00	00	00	52	01	02	
00	00	00	64	00	4f	00	01	01	00	
00	00	00	1f	01	23	01	03	8a	ff	
73	74	07	00	00	04	00	39	df	00	
00	0f	01	00	00	1e	00	18	00	62	
01	01	00	00	00	01	00	03	00	04	
00	02	00	05	00	02	00	02	00	01	
01	01	00	00	00	00	00	00	00	00	
00	03	00	02	00	ff	ff	06	00	08	
00	03	00	04	01	43	00	43	00	43	
00	36	00	43	00	02	fe	ff	06	00	
fc	ff	ff	ff	00	00	01	00	e8	00	
51	00	44	00	51	00	36	00	36	00	
02	54	00	01	00	00	00	1b	a0	ed	
3e	00	00	de	41	5e	74	23	db	f9	
3d	01	00	00	00	00	00	0b	04	00	
0a	d7	23	3c	29	5c	0f	bd	b8	1e	
05	3d	03	03	03	03	03	03	