55	45	4c	59	53	59	53	08	1a	c0	
23	00	c9	00	0f	b7	a3	7c	79	05	
00	ab	05	00	00	21	01	01	01	01	
01	e3	00	00	01	00	00	4f	01	02	
00	00	00	64	00	4f	00	01	01	00	
00	00	00	24	01	29	01	03	8f	ff	
f3	79	07	00	00	04	00	eb	d7	00	
00	2c	01	00	00	1f	00	1e	00	59	
01	01	00	00	00	01	00	03	00	04	
00	02	00	05	00	02	00	02	00	01	
01	01	00	00	00	00	00	00	00	00	
00	03	00	02	00	ff	ff	06	00	08	
00	03	00	04	01	43	00	43	00	43	
00	36	00	51	00	02	ff	ff	06	00	
fd	ff	ff	ff	00	00	01	00	e8	00	
5e	00	44	00	5e	00	44	00	44	00	
02	54	00	01	00	00	00	0c	c9	13	
3f	00	00	f4	41	c2	79	cf	f7	53	
bf	01	00	00	00	00	00	0b	04	00	
0a	d7	23	3b	99	99	19	bd	99	99	
19	3d	03	03	03	03	03	03	