55	45	4c	59	53	59	53	08	1a	c0	
04	00	c9	00	0f	b4	01	7a	6a	05	
00	7c	05	00	00	21	01	01	01	01	
01	e2	00	01	00	00	00	51	01	02	
00	00	00	64	00	4f	00	01	01	00	
00	00	00	22	01	25	01	03	34	ff	
d0	76	07	00	00	04	00	8d	db	00	
00	2c	01	00	00	1d	00	1e	00	51	
04	01	00	00	00	01	00	03	00	04	
00	02	00	05	00	02	00	02	00	01	
01	01	00	00	00	00	00	00	00	00	
00	02	00	02	00	ff	ff	06	00	08	
00	03	00	04	01	43	00	43	00	43	
00	36	00	43	00	02	ff	ff	06	00	
fd	ff	ff	ff	00	00	01	00	e8	00	
51	00	44	00	5e	00	44	00	36	00	
02	54	00	01	00	00	00	a8	28	e8	
3e	00	00	e4	41	86	76	c7	4b	d7	
bf	01	00	00	00	00	00	0b	04	00	
8f	c2	f5	3b	8f	c2	f5	bc	ad	47	
e1	3c	03	03	03	03	03	03	