55	45	4c	59	53	59	53	08	1a	c2	
19	00	c9	00	0f	8a	c0	d5	f2	02	
00	6d	03	00	00	21	01	01	01	01	
01	ec	00	00	01	00	00	1e	01	02	
00	00	00	64	00	4f	00	01	01	00	
00	00	00	f7	00	fb	00	03	9a	ff	
64	76	07	00	00	04	00	6b	5d	00	
00	0f	01	00	00	20	00	8e	fe	53	
01	01	00	00	00	01	00	03	00	04	
00	02	00	05	00	02	00	02	00	01	
00	01	00	00	00	00	00	00	00	00	
00	02	00	02	00	ff	ff	06	00	08	
00	03	00	f5	00	36	00	43	00	35	
00	28	00	43	00	02	ff	ff	06	00	
fd	ff	ff	ff	00	00	01	00	e8	00	
51	00	36	00	51	00	36	00	36	00	
02	54	00	01	00	00	00	f1	a3	0b	
3f	00	00	c0	41	6c	76	17	d9	ce	
3d	01	00	00	00	00	00	0f	04	00	
00	00	00	00	8f	c2	f5	bc	8f	c2	
f5	3c	03	03	03	03	03	03	