55	45	4c	59	53	59	53	08	1a	c0	
d2	00	c9	00	0f	63	c4	3f	a4	04	
00	79	01	00	00	21	01	01	01	01	
01	e2	00	01	00	00	00	52	01	02	
00	00	00	64	00	4f	00	01	01	00	
00	00	00	22	01	27	01	03	10	ff	
4f	7a	07	00	00	04	00	e6	2b	01	
00	0f	01	00	00	1d	00	1d	00	65	
04	01	00	00	00	01	00	03	00	04	
00	02	00	55	01	02	00	02	00	01	
01	01	00	00	00	00	00	00	01	00	
00	03	00	02	00	ff	ff	06	00	08	
00	03	00	f5	00	43	00	43	00	35	
00	36	00	51	00	02	fe	ff	06	00	
fc	ff	ff	ff	00	00	01	00	e8	00	
5e	00	44	00	5e	00	44	00	36	00	
02	54	00	01	00	00	00	22	b2	2b	
3f	00	00	de	41	3e	7a	6d	e7	7b	
3e	01	00	00	00	00	00	0b	04	00	
8f	c2	75	3c	7b	14	2e	bd	29	5c	
0f	3d	03	03	03	03	03	03	