55	45	4c	59	53	59	53	08	1a	c0	
76	00	c9	00	0f	cd	02	26	c0	07	
00	bb	06	00	00	21	01	01	01	01	
01	e3	00	00	01	00	00	40	01	02	
00	00	00	64	00	4f	00	01	01	00	
00	00	00	0e	01	12	01	03	53	ff	
43	79	07	00	00	04	00	65	c2	00	
00	0f	01	00	00	1c	00	1d	00	60	
01	01	00	b1	00	01	00	03	00	04	
00	02	00	5a	01	02	00	02	00	01	
01	01	00	01	00	00	00	00	01	00	
00	03	00	02	00	ff	ff	06	00	07	
00	03	00	f5	00	43	00	43	00	35	
00	28	00	43	00	02	fe	ff	06	00	
fd	ff	ff	ff	00	00	01	00	e8	00	
51	00	36	00	51	00	36	00	36	00	
02	54	00	01	00	00	00	bb	10	1f	
3f	00	00	da	41	33	79	10	58	39	
3e	01	00	00	00	00	00	0b	04	00	
8f	c2	75	3c	99	99	19	bd	8f	c2	
f5	3c	03	03	03	03	03	03	