55	45	4c	59	53	59	53	08	1a	c0	
e9	00	c9	00	0f	66	76	3f	97	04	
00	9c	01	00	00	21	01	01	01	01	
01	e2	00	01	00	00	00	56	01	02	
00	00	00	64	00	4f	00	01	01	00	
00	00	00	24	01	29	01	03	69	ff	
61	7b	07	00	00	04	00	34	29	01	
00	2c	01	00	00	1e	00	1d	00	5a	
01	01	00	00	00	01	00	03	00	04	
00	02	00	54	01	02	00	02	00	01	
01	01	00	00	00	00	00	00	01	00	
00	03	00	02	00	ff	ff	06	00	08	
00	03	00	04	01	43	00	43	00	43	
00	36	00	51	00	02	ff	ff	06	00	
fd	ff	ff	ff	00	00	01	00	f7	00	
5e	00	44	00	5e	00	44	00	44	00	
02	54	00	01	00	00	00	9c	77	2f	
3f	00	00	e2	41	49	7b	ee	7c	3f	
be	01	00	00	00	00	00	0b	04	00	
8f	c2	f5	3b	99	99	19	bd	0a	d7	
23	3d	03	03	03	03	03	03	