55	45	4c	59	53	59	53	08	1a	c0	
bb	00	c9	00	0f	61	bc	d7	e2	02	
00	60	01	00	00	21	01	01	01	01	
01	ec	00	00	01	00	00	2e	01	02	
00	00	00	64	00	4f	00	01	01	00	
00	00	00	04	01	08	01	03	62	ff	
08	7b	07	00	00	04	00	74	86	00	
00	2c	01	00	00	1f	00	8e	fe	5d	
01	01	00	b1	00	01	00	03	00	04	
00	02	00	5c	01	02	00	02	00	01	
00	01	00	01	00	00	00	00	01	00	
00	02	00	02	00	ff	ff	06	00	08	
00	03	00	f5	00	36	00	43	00	35	
00	28	00	43	00	02	ff	ff	06	00	
fd	ff	ff	ff	00	00	01	00	e8	00	
51	00	36	00	51	00	36	00	36	00	
02	54	00	01	00	00	00	cf	90	2f	
3f	00	00	cc	41	0d	7b	0a	d7	23	
3e	01	00	00	00	00	00	0f	04	00	
0a	d7	23	3c	b8	1e	05	bd	8f	c2	
f5	3c	03	03	03	03	03	03	