55	45	4c	59	53	59	53	08	1a	c0	
0e	00	c9	00	0f	47	b6	06	93	01	
00	13	00	00	00	21	01	01	01	01	
01	ec	00	00	01	00	00	30	01	02	
00	00	00	64	00	4f	00	01	01	00	
00	00	00	04	01	08	01	03	99	ff	
dc	74	07	00	00	04	00	91	a0	00	
00	0f	01	00	00	1e	00	8e	fe	53	
01	01	00	00	00	01	00	03	00	04	
00	02	00	05	00	02	00	02	00	01	
00	01	00	00	00	00	00	00	00	00	
00	02	00	02	00	ff	ff	06	00	08	
00	03	00	f5	00	36	00	43	00	35	
00	28	00	43	00	02	ff	ff	06	00	
fd	ff	ff	ff	00	00	01	00	e8	00	
51	00	36	00	51	00	36	00	36	00	
02	54	00	01	00	00	00	3a	06	f6	
3e	00	00	c8	41	db	74	87	16	d9	
3d	01	00	00	00	00	00	0f	04	00	
8f	c2	f5	3b	b8	1e	05	bd	ad	47	
e1	3c	03	03	03	03	03	03	