55	45	4c	59	53	59	53	08	1a	c0	
2a	00	c9	00	0f	c4	1a	26	ac	07	
00	49	06	00	00	21	01	01	01	01	
01	e3	00	00	01	00	00	48	01	02	
00	00	00	64	00	4f	00	01	01	00	
00	00	00	18	01	1c	01	03	56	ff	
6a	7a	07	00	00	04	00	4e	cb	00	
00	2c	01	00	00	21	00	20	00	58	
01	01	00	b1	00	01	00	03	00	04	
00	02	00	58	01	02	00	02	00	01	
01	01	00	01	00	00	00	00	01	00	
00	03	00	02	00	ff	ff	06	00	08	
00	03	00	04	01	43	00	43	00	43	
00	36	00	51	00	02	fe	ff	06	00	
fd	ff	ff	ff	00	00	01	00	f7	00	
51	00	36	00	5e	00	36	00	36	00	
02	54	00	01	00	00	00	57	fb	28	
3f	00	00	e4	41	59	7a	7b	14	2e	
3e	01	00	00	00	00	00	0b	04	00	
8f	c2	f5	3b	99	99	19	bd	b8	1e	
05	3d	03	03	03	03	03	03	