55	45	4c	59	53	59	53	08	1a	c0	
a7	00	c9	00	0f	5f	64	d5	fa	02	
00	42	01	00	00	21	01	01	01	01	
01	ec	00	00	01	00	00	2c	01	02	
00	00	00	64	00	4f	00	01	01	00	
00	00	00	06	01	09	01	03	63	ff	
cb	7b	07	00	00	04	00	cd	88	00	
00	0f	01	00	00	20	00	8e	fe	52	
01	01	00	b1	00	01	00	03	00	04	
00	02	00	5b	01	02	00	02	00	01	
00	01	00	01	00	00	00	00	01	00	
00	02	00	02	00	ff	ff	06	00	08	
00	03	00	f5	00	43	00	43	00	35	
00	36	00	43	00	02	fe	ff	06	00	
fd	ff	ff	ff	00	00	01	00	07	01	
51	00	44	00	36	00	36	00	51	00	
02	54	00	01	00	00	00	c5	58	31	
3f	00	00	d0	41	ab	7b	27	31	08	
be	01	00	00	00	00	00	0f	04	00	
cc	cc	4c	3c	0a	d7	23	bd	b8	1e	
05	3d	03	03	03	03	03	03	