55	45	4c	59	53	59	53	08	1a	c0	
be	00	c9	00	0f	a4	e1	b7	d2	03	
00	ba	04	00	00	21	01	01	01	01	
01	ed	00	01	00	00	00	1c	01	02	
00	00	00	64	00	4f	00	01	01	00	
00	00	00	f5	00	f9	00	03	97	ff	
45	74	07	00	00	04	00	21	43	00	
00	0f	01	00	00	20	00	8e	fe	58	
01	01	00	00	00	01	00	03	00	04	
00	02	00	05	00	02	00	02	00	01	
00	01	00	00	00	00	00	00	00	00	
00	03	00	02	00	ff	ff	06	00	08	
00	03	00	14	01	28	00	28	00	43	
00	43	00	28	00	02	fe	ff	06	00	
fc	ff	ff	ff	00	00	01	00	e8	00	
36	00	36	00	43	00	28	00	28	00	
02	54	00	01	00	00	00	e3	96	eb	
3e	00	00	bc	41	44	74	87	16	d9	
3d	01	00	00	00	00	00	0f	04	00	
cc	cc	4c	3c	cc	cc	cc	bc	ad	47	
e1	3c	03	03	03	03	03	03	