55	45	4c	59	53	59	53	08	1a	c1	
c5	00	c9	00	0f	7b	28	16	a5	01	
00	a6	02	00	00	21	01	01	01	01	
01	e2	00	01	00	00	00	3e	01	02	
00	00	00	64	00	4f	00	01	01	00	
00	00	00	10	01	13	01	03	9a	ff	
70	77	07	00	00	04	00	b1	d3	01	
00	0f	01	00	00	1d	00	8e	fe	5c	
01	01	00	00	00	01	00	03	00	04	
00	02	00	05	00	02	00	02	00	01	
00	01	00	00	00	00	00	00	00	00	
00	02	00	02	00	ff	ff	06	00	08	
00	03	00	14	01	36	00	51	00	28	
00	36	00	36	00	02	fe	ff	06	00	
fc	ff	ff	ff	00	00	01	00	e8	00	
51	00	36	00	5e	00	36	00	36	00	
02	54	00	01	00	00	00	ce	26	17	
3f	00	00	d4	41	5c	77	87	16	d9	
3d	01	00	00	00	00	00	0f	04	00	
8f	c2	f5	3b	b8	1e	05	bd	8f	c2	
f5	3c	03	03	03	03	03	03	