55	45	4c	59	53	59	53	08	1a	c1	
ee	00	c9	00	0f	c8	81	b9	d1	03	
00	82	06	00	00	21	01	01	01	01	
01	ed	00	01	00	00	00	1f	01	02	
00	00	00	64	00	4f	00	01	01	00	
00	00	00	f7	00	fc	00	03	96	ff	
cf	71	07	00	00	04	00	7c	1f	00	
00	0f	01	00	00	21	00	8e	fe	53	
01	01	00	00	00	01	00	03	00	04	
00	02	00	05	00	02	00	02	00	01	
00	01	00	00	00	00	00	00	00	00	
00	03	00	02	00	fe	ff	06	00	08	
00	03	00	14	01	28	00	28	00	43	
00	51	00	1b	00	02	ff	ff	06	00	
fd	ff	ff	ff	00	00	01	00	d8	00	
36	00	36	00	43	00	1b	00	36	00	
02	54	00	01	00	00	00	4b	45	b2	
3e	00	00	be	41	cc	71	87	16	d9	
3d	01	00	00	00	00	00	0f	04	00	
0a	d7	23	3c	ad	47	e1	bc	8f	c2	
f5	3c	03	03	03	03	03	03	