55	45	4c	59	53	59	53	08	1a	c1	
50	00	c9	00	0f	73	32	d5	dc	02	
00	3f	02	00	00	21	01	01	01	01	
01	ec	00	00	01	00	00	25	01	02	
00	00	00	64	00	4f	00	01	01	00	
00	00	00	fc	00	01	01	03	75	ff	
36	79	07	00	00	04	00	fc	74	00	
00	0f	01	00	00	24	00	8e	fe	65	
01	01	00	00	00	01	00	03	00	04	
00	02	00	5d	01	02	00	02	00	01	
00	01	00	00	00	00	00	00	01	00	
00	02	00	02	00	ff	ff	06	00	08	
00	03	00	f5	00	36	00	36	00	35	
00	28	00	43	00	02	fe	ff	06	00	
fd	ff	ff	ff	00	00	01	00	e8	00	
51	00	36	00	51	00	36	00	36	00	
02	54	00	01	00	00	00	88	1c	20	
3f	00	00	c6	41	3e	79	bc	74	13	
3e	01	00	00	00	00	00	0f	04	00	
cc	cc	4c	3c	99	99	19	bd	8f	c2	
f5	3c	03	03	03	03	03	03	