55	45	4c	59	53	59	53	08	1a	c5	
56	00	c9	00	0f	e6	26	18	8d	01	
00	ff	07	00	00	21	01	01	01	01	
01	e2	00	01	00	00	00	40	01	02	
00	00	00	64	00	4f	00	01	01	00	
00	00	00	13	01	16	01	03	92	ff	
c2	6e	07	00	00	04	00	a6	68	01	
00	2c	01	00	00	1d	00	8e	fe	5b	
01	01	00	00	00	01	00	03	00	04	
00	02	00	05	00	02	00	02	00	01	
00	01	00	00	00	00	00	00	00	00	
00	02	00	02	00	ff	ff	06	00	08	
00	03	00	f5	00	43	00	43	00	35	
00	28	00	43	00	02	fe	ff	06	00	
fc	ff	ff	ff	00	00	01	00	e8	00	
51	00	36	00	51	00	36	00	36	00	
02	54	00	01	00	00	00	69	3e	6f	
3e	00	00	d4	41	ab	6e	f8	53	e3	
3d	01	00	00	00	00	00	0f	04	00	
cc	cc	4c	3c	7b	14	2e	bd	ad	47	
e1	3c	03	03	03	03	03	03	