55	45	4c	59	53	59	53	08	1a	c0	
39	00	c9	00	0f	95	4b	b9	c5	03	
00	f3	03	00	00	21	01	01	01	01	
01	ed	00	01	00	00	00	1c	01	02	
00	00	00	64	00	4f	00	01	01	00	
00	00	00	f5	00	fa	00	03	99	ff	
89	75	07	00	00	04	00	b9	52	00	
00	0f	01	00	00	21	00	8e	fe	63	
01	01	00	00	00	01	00	03	00	04	
00	02	00	05	00	02	00	02	00	01	
00	01	00	00	00	00	00	00	00	00	
00	02	00	02	00	ff	ff	06	00	08	
00	03	00	14	01	1b	00	28	00	43	
00	43	00	1b	00	02	fe	ff	06	00	
fc	ff	ff	ff	00	00	01	00	d8	00	
36	00	36	00	43	00	1b	00	36	00	
02	54	00	01	00	00	00	50	bc	02	
3f	00	00	be	41	8e	75	87	16	d9	
3d	01	00	00	00	00	00	0f	04	00	
8f	c2	f5	3b	b8	1e	05	bd	b8	1e	
05	3d	03	03	03	03	03	03	