55	45	4c	59	53	59	53	08	1a	c3	
65	00	c9	00	0f	b0	fe	3f	86	04	
00	56	05	00	00	21	01	01	01	01	
01	e2	00	01	00	00	00	52	01	02	
00	00	00	64	00	4f	00	01	01	00	
00	00	00	1f	01	23	01	03	89	ff	
62	74	07	00	00	04	00	a3	de	00	
00	2c	01	00	00	1e	00	1c	00	59	
01	01	00	00	00	01	00	03	00	04	
00	02	00	05	00	02	00	02	00	01	
01	01	00	00	00	00	00	00	00	00	
00	03	00	02	00	fe	ff	06	00	08	
00	03	00	04	01	43	00	43	00	43	
00	28	00	51	00	02	ff	ff	06	00	
fd	ff	ff	ff	00	00	01	00	f7	00	
51	00	36	00	5e	00	44	00	36	00	
02	54	00	01	00	00	00	21	7b	ec	
3e	00	00	de	41	4d	74	4a	0c	02	
3e	01	00	00	00	00	00	0b	04	00	
0a	d7	a3	3b	29	5c	0f	bd	29	5c	
0f	3d	03	03	03	03	03	03	