55	45	4c	59	53	59	53	08	1a	c0	
0e	00	c9	00	0f	e9	7a	8f	d7	04	
00	28	08	00	00	21	01	01	01	01	
01	ee	00	01	00	00	00	33	01	04	
00	00	00	02	00	50	00	01	01	00	
00	00	00	01	01	05	01	03	9d	ff	
8c	7b	07	00	00	05	00	66	a1	02	
00	00	00	00	00	21	00	8e	fe	5a	
01	01	00	00	00	01	00	03	00	04	
00	02	00	05	00	02	00	02	00	01	
00	01	00	00	00	00	00	00	00	00	
00	03	00	02	00	fe	ff	06	00	08	
00	03	00	f5	00	36	00	28	00	50	
00	36	00	36	00	02	fe	ff	06	00	
fd	ff	ff	ff	00	00	01	00	f7	00	
51	00	51	00	51	00	36	00	36	00	
02	55	00	01	00	00	00	8e	06	3a	
3f	00	00	ce	41	6b	7b	87	16	d9	
3d	01	00	00	00	00	00	0f	04	00	
0a	d7	23	3c	ad	47	e1	bc	8f	c2	
f5	3c	03	03	03	03	03	03	