55	45	4c	59	53	59	53	08	1a	c0	
12	00	c9	00	0f	4d	ee	d5	eb	02	
00	62	00	00	00	21	01	01	01	01	
01	ec	00	00	01	00	00	2d	01	02	
00	00	00	64	00	4f	00	01	01	00	
00	00	00	04	01	08	01	03	59	ff	
ff	73	07	00	00	04	00	45	9a	00	
00	2c	01	00	00	22	00	8e	fe	53	
01	01	00	b1	00	01	00	03	00	04	
00	02	00	5c	01	02	00	02	00	01	
00	01	00	01	00	00	00	00	01	00	
00	03	00	02	00	ff	ff	06	00	08	
00	03	00	f5	00	36	00	36	00	43	
00	36	00	43	00	02	ff	ff	06	00	
fc	ff	ff	ff	00	00	01	00	e8	00	
51	00	36	00	51	00	36	00	36	00	
02	54	00	01	00	00	00	9e	39	e7	
3e	00	00	c8	41	06	74	a0	1a	2f	
3e	01	00	00	00	00	00	0f	04	00	
0a	d7	a3	3b	29	5c	0f	bd	ad	47	
e1	3c	03	03	03	03	03	03	