55	45	4c	59	53	59	53	08	1a	c0	
69	00	c9	00	0f	52	60	18	8d	01	
00	9c	00	00	00	21	01	01	01	01	
01	e2	00	01	00	00	00	4e	01	02	
00	00	00	64	00	4f	00	01	01	00	
00	00	00	1a	01	1e	01	03	9c	ff	
4f	7b	07	00	00	04	00	7e	fc	01	
00	2c	01	00	00	1d	00	8e	fe	5b	
01	01	00	00	00	01	00	03	00	04	
00	02	00	05	00	02	00	02	00	01	
00	01	00	00	00	00	00	00	00	00	
00	03	00	02	00	ff	ff	06	00	08	
00	03	00	f5	00	43	00	43	00	43	
00	36	00	51	00	02	fe	ff	06	00	
fd	ff	ff	ff	00	00	01	00	f7	00	
51	00	36	00	5e	00	36	00	36	00	
02	54	00	01	00	00	00	5e	7e	36	
3f	00	00	dc	41	40	7b	17	d9	ce	
3d	01	00	00	00	00	00	0f	04	00	
0a	d7	23	3c	99	99	19	bd	8f	c2	
f5	3c	03	03	03	03	03	03	