55	45	4c	59	53	59	53	08	1a	c3	
5b	00	c9	00	0f	af	d2	3f	a5	04	
00	47	05	00	00	21	01	01	01	01	
01	e2	00	01	00	00	00	50	01	02	
00	00	00	64	00	4f	00	01	01	00	
00	00	00	1f	01	23	01	03	89	ff	
81	74	07	00	00	04	00	cf	df	00	
00	0f	01	00	00	1b	00	1f	00	5d	
01	01	00	00	00	01	00	03	00	04	
00	02	00	05	00	02	00	02	00	01	
01	01	00	00	00	00	00	00	00	00	
00	03	00	02	00	ff	ff	06	00	08	
00	03	00	f5	00	43	00	43	00	43	
00	36	00	51	00	02	fe	ff	06	00	
fd	ff	ff	ff	00	00	01	00	e8	00	
51	00	44	00	5e	00	36	00	36	00	
02	54	00	01	00	00	00	88	c7	ee	
3e	00	00	de	41	70	74	23	db	f9	
3d	01	00	00	00	00	00	0b	04	00	
8f	c2	75	3c	b8	1e	05	bd	8f	c2	
f5	3c	03	03	03	03	03	03	