55	45	4c	59	53	59	53	08	1a	c0	
54	00	c9	00	0f	4f	ea	16	8e	01	
00	7c	00	00	00	21	01	01	01	01	
01	e2	00	01	00	00	00	49	01	02	
00	00	00	64	00	4f	00	01	01	00	
00	00	00	1d	01	22	01	03	78	ff	
b9	7b	07	00	00	04	00	34	3c	02	
00	0f	01	00	00	1c	00	8f	fe	52	
01	01	00	00	00	01	00	03	00	04	
00	51	01	05	00	02	00	02	00	01	
00	01	00	00	00	00	00	01	00	00	
00	03	00	02	00	fe	ff	06	00	08	
00	03	00	f5	00	43	00	43	00	43	
00	36	00	51	00	02	ff	ff	06	00	
fc	ff	ff	ff	00	00	01	00	e8	00	
51	00	44	00	5e	00	36	00	44	00	
02	54	00	01	00	00	00	80	36	2d	
3f	00	00	ee	41	99	7b	04	56	8e	
be	01	00	00	00	00	00	0f	04	00	
29	5c	8f	3c	8f	c2	f5	bc	ad	47	
e1	3c	03	03	03	03	03	03	