55	45	4c	59	53	59	53	08	1a	c1	
49	00	c9	00	0f	6c	a0	16	a1	01	
00	ec	01	00	00	21	01	01	01	01	
01	e2	00	01	00	00	00	40	01	02	
00	00	00	64	00	4f	00	01	01	00	
00	00	00	10	01	15	01	03	9b	ff	
46	79	07	00	00	04	00	3b	e2	01	
00	0f	01	00	00	20	00	8e	fe	5a	
01	01	00	00	00	01	00	03	00	04	
00	02	00	05	00	02	00	02	00	01	
00	01	00	00	00	00	00	00	00	00	
00	03	00	02	00	ff	ff	06	00	07	
00	03	00	f5	00	43	00	43	00	35	
00	28	00	43	00	02	fe	ff	06	00	
fd	ff	ff	ff	00	00	01	00	f7	00	
51	00	36	00	51	00	36	00	36	00	
02	54	00	01	00	00	00	18	1b	23	
3f	00	00	d4	41	33	79	17	d9	ce	
3d	01	00	00	00	00	00	0f	04	00	
8f	c2	f5	3b	99	99	19	bd	0a	d7	
a3	3c	03	03	03	03	03	03	