55	45	4c	59	53	59	53	08	1a	c1	
93	00	c9	00	0f	75	4c	14	7c	01	
00	5b	02	00	00	21	01	01	01	01	
01	e2	00	01	00	00	00	4e	01	02	
00	00	00	64	00	4f	00	01	01	00	
00	00	00	18	01	1d	01	03	6c	ff	
fa	7b	07	00	00	04	00	ce	16	02	
00	0f	01	00	00	1b	00	1d	00	54	
01	01	00	00	00	01	00	03	00	04	
00	02	00	59	01	02	00	02	00	01	
01	01	00	00	00	00	00	00	01	00	
00	03	00	02	00	ff	ff	06	00	08	
00	03	00	f5	00	43	00	43	00	35	
00	36	00	51	00	02	fe	ff	06	00	
fc	ff	ff	ff	00	00	01	00	f7	00	
5e	00	51	00	6c	00	51	00	51	00	
02	54	00	01	00	00	00	8e	bd	35	
3f	00	00	d8	41	e0	7b	a0	1a	2f	
be	01	00	00	00	00	00	0b	04	00	
8f	c2	75	3c	0a	d7	23	bd	8f	c2	
f5	3c	03	03	03	03	03	03	