55	45	4c	59	53	59	53	08	1a	c2	
dd	00	c9	00	0f	e4	83	b7	c0	03	
00	e9	07	00	00	21	01	01	01	01	
01	ed	00	01	00	00	00	25	01	02	
00	00	00	64	00	4f	00	01	01	00	
00	00	00	01	01	05	01	03	9d	ff	
ff	7b	07	00	00	04	00	77	03	00	
00	0f	01	00	00	20	00	8e	fe	53	
01	01	00	00	00	01	00	03	00	04	
00	02	00	05	00	02	00	02	00	01	
00	01	00	00	00	00	00	00	00	00	
00	02	00	02	00	ff	ff	06	00	08	
00	03	00	14	01	28	00	28	00	43	
00	51	00	1b	00	02	ff	ff	06	00	
fd	ff	ff	ff	00	00	01	00	f7	00	
43	00	51	00	5e	00	36	00	44	00	
02	54	00	01	00	00	00	89	28	31	
3f	00	00	d4	41	e0	7b	ee	7c	3f	
be	01	00	00	00	00	00	0f	04	00	
8f	c2	75	3c	8f	c2	f5	bc	8f	c2	
f5	3c	03	03	03	03	03	03	