55	45	4c	59	53	59	53	08	1a	c0	
15	00	c9	00	0f	48	88	16	8c	01	
00	1e	00	00	00	21	01	01	01	01	
01	e2	00	01	00	00	00	4b	01	02	
00	00	00	64	00	4f	00	01	01	00	
00	00	00	1f	01	22	01	03	77	ff	
0a	7a	07	00	00	04	00	97	43	02	
00	0f	01	00	00	1d	00	8e	fe	53	
01	01	00	00	00	01	00	03	00	04	
00	4a	01	05	00	02	00	02	00	01	
00	01	00	00	00	00	00	01	00	00	
00	03	00	02	00	ff	ff	06	00	08	
00	03	00	04	01	43	00	43	00	43	
00	36	00	51	00	02	ff	ff	06	00	
fc	ff	ff	ff	00	00	01	00	f7	00	
51	00	36	00	5e	00	36	00	36	00	
02	54	00	01	00	00	00	13	80	12	
3f	00	00	f6	41	dc	79	79	e9	66	
bf	01	00	00	00	00	00	0f	04	00	
8f	c2	75	3c	b8	1e	05	bd	8f	c2	
f5	3c	03	03	03	03	03	03	