55	45	4c	59	53	59	53	08	1a	c0	
27	00	c9	00	0f	b8	1b	7c	72	05	
00	b1	05	00	00	21	01	01	01	01	
01	e3	00	00	01	00	00	4f	01	02	
00	00	00	64	00	4f	00	01	01	00	
00	00	00	27	01	29	01	03	8f	ff	
2e	7a	07	00	00	04	00	73	d7	00	
00	2c	01	00	00	1f	00	1d	00	5c	
01	01	00	00	00	01	00	03	00	04	
00	02	00	05	00	02	00	02	00	01	
01	01	00	00	00	00	00	00	00	00	
00	03	00	02	00	ff	ff	06	00	08	
00	03	00	04	01	51	00	43	00	43	
00	36	00	51	00	02	ff	ff	06	00	
fd	ff	ff	ff	00	00	01	00	f7	00	
51	00	44	00	5e	00	44	00	44	00	
02	54	00	01	00	00	00	ae	54	16	
3f	00	00	f4	41	ed	79	b6	f3	3d	
bf	01	00	00	00	00	00	0b	04	00	
0a	d7	23	3b	b8	1e	05	bd	0a	d7	
23	3d	03	03	03	03	03	03	