55	45	4c	59	53	59	53	08	1a	c4	
6f	00	c9	00	0f	cb	14	18	8c	01	
00	a5	06	00	00	21	01	01	01	01	
01	e2	00	01	00	00	00	3e	01	02	
00	00	00	64	00	4f	00	01	01	00	
00	00	00	10	01	13	01	03	95	ff	
29	71	07	00	00	04	00	bb	83	01	
00	0f	01	00	00	1d	00	8e	fe	74	
01	01	00	00	00	01	00	03	00	04	
00	02	00	05	00	02	00	02	00	01	
00	01	00	00	00	00	00	00	00	00	
00	03	00	02	00	fe	ff	06	00	08	
00	03	00	f5	00	43	00	43	00	43	
00	36	00	43	00	02	fe	ff	06	00	
fd	ff	ff	ff	00	00	01	00	e8	00	
51	00	36	00	51	00	36	00	36	00	
02	54	00	01	00	00	00	73	fa	a3	
3e	00	00	d4	41	2c	71	f8	53	e3	
3d	01	00	00	00	00	00	0f	04	00	
cc	cc	4c	3c	29	5c	0f	bd	cc	cc	
cc	3c	03	03	03	03	03	03	