55	45	4c	59	53	59	53	08	1a	c0	
05	00	c9	00	0f	e8	6c	8f	d8	04	
00	1b	08	00	00	21	01	01	01	01	
01	ee	00	01	00	00	00	28	01	04	
00	00	00	02	00	50	00	01	01	00	
00	00	00	01	01	05	01	03	9c	ff	
ba	7b	07	00	00	05	00	74	a2	02	
00	00	00	00	00	24	00	8e	fe	56	
01	01	00	00	00	01	00	03	00	04	
00	02	00	05	00	02	00	02	00	01	
00	01	00	00	00	00	00	00	00	00	
00	03	00	02	00	fe	ff	06	00	08	
00	03	00	f5	00	28	00	36	00	50	
00	36	00	36	00	02	ff	ff	06	00	
fc	ff	ff	ff	00	00	01	00	07	01	
6c	00	6c	00	5e	00	51	00	51	00	
02	55	00	01	00	00	00	80	a0	3b	
3f	00	00	ce	41	98	7b	87	16	d9	
3d	01	00	00	00	00	00	0f	04	00	
0a	d7	a3	3b	8f	c2	f5	bc	8f	c2	
f5	3c	03	03	03	03	03	03	