55	45	4c	59	53	59	53	08	1a	c1	
e1	00	c9	00	0f	84	30	d5	f2	02	
00	19	03	00	00	21	01	01	01	01	
01	ec	00	00	01	00	00	20	01	02	
00	00	00	64	00	4f	00	01	01	00	
00	00	00	fa	00	fd	00	03	9a	ff	
ee	76	07	00	00	04	00	fc	63	00	
00	0f	01	00	00	22	00	8e	fe	55	
01	01	00	00	00	01	00	03	00	04	
00	02	00	05	00	02	00	02	00	01	
00	01	00	00	00	00	00	00	00	00	
00	03	00	02	00	ff	ff	06	00	08	
00	03	00	f5	00	36	00	36	00	35	
00	28	00	51	00	02	ff	ff	06	00	
fd	ff	ff	ff	00	00	01	00	e8	00	
51	00	36	00	51	00	36	00	36	00	
02	54	00	01	00	00	00	1f	18	11	
3f	00	00	c1	41	f2	76	87	16	d9	
3d	01	00	00	00	00	00	0f	04	00	
0a	d7	23	3b	ad	47	e1	bc	b8	1e	
05	3d	03	03	03	03	03	03	