55	45	4c	59	53	59	53	08	1a	c1	
c0	00	c9	00	0f	7f	a8	3f	98	04	
00	de	02	00	00	21	01	01	01	01	
01	e2	00	01	00	00	00	53	01	02	
00	00	00	64	00	4f	00	01	01	00	
00	00	00	31	01	33	01	03	80	fe	
a3	79	07	00	00	04	00	ff	0f	01	
00	2c	01	00	00	1e	00	8e	fe	78	
01	01	00	00	00	01	00	c9	04	b8	
00	02	00	55	01	02	00	02	00	01	
00	01	00	00	00	01	01	00	01	00	
00	03	00	02	00	ff	ff	06	00	08	
00	03	00	04	01	51	00	43	00	43	
00	36	00	51	00	02	ff	ff	06	00	
fd	ff	ff	ff	00	00	01	00	26	01	
51	00	5f	00	36	00	28	00	51	00	
02	54	00	01	00	00	00	70	98	29	
3f	00	00	e8	41	9e	79	27	31	c8	
3e	01	00	00	00	00	00	0f	04	00	
8f	c2	f5	3b	99	99	19	bd	8f	c2	
f5	3c	03	03	03	03	03	03	