55	45	4c	59	53	59	53	08	1a	c5	
ef	00	c9	00	0f	f8	14	18	98	01	
00	e5	08	00	00	21	01	01	01	01	
01	e2	00	01	00	00	00	44	01	02	
00	00	00	64	00	4f	00	01	01	00	
00	00	00	1a	01	1e	01	03	9c	ff	
63	7a	07	00	00	04	00	b6	56	01	
00	0f	01	00	00	20	00	8e	fe	59	
01	01	00	00	00	01	00	03	00	04	
00	02	00	05	00	02	00	02	00	01	
00	01	00	00	00	00	00	00	00	00	
00	02	00	02	00	ff	ff	06	00	08	
00	03	00	f5	00	43	00	43	00	43	
00	28	00	43	00	02	fe	ff	06	00	
fd	ff	ff	ff	00	00	01	00	f7	00	
51	00	36	00	5e	00	36	00	36	00	
02	54	00	01	00	00	00	f2	f8	13	
3f	00	00	fc	41	22	7a	cb	a1	65	
bf	01	00	00	00	00	00	0f	04	00	
cc	cc	4c	3c	8f	c2	f5	bc	b8	1e	
05	3d	03	03	03	03	03	03	