55	45	4c	59	53	59	53	08	1a	c1	
89	00	c9	00	0f	79	36	3f	97	04	
00	8c	02	00	00	21	01	01	01	01	
01	e2	00	01	00	00	00	51	01	02	
00	00	00	64	00	4f	00	01	01	00	
00	00	00	24	01	27	01	03	77	ff	
8e	7b	07	00	00	04	00	72	16	01	
00	0f	01	00	00	1d	00	8f	fe	58	
01	01	00	00	00	01	00	03	00	04	
00	02	00	54	01	02	00	02	00	01	
00	01	00	00	00	00	00	00	01	00	
00	03	00	02	00	ff	ff	06	00	08	
00	03	00	04	01	43	00	43	00	43	
00	36	00	51	00	02	ff	ff	06	00	
fd	ff	ff	ff	00	00	01	00	f7	00	
51	00	44	00	5e	00	36	00	44	00	
02	54	00	01	00	00	00	40	b0	37	
3f	00	00	e2	41	7e	7b	df	4f	0d	
3e	01	00	00	00	00	00	0f	04	00	
0a	d7	23	3c	29	5c	0f	bd	ad	47	
e1	3c	03	03	03	03	03	03	