55	45	4c	59	53	59	53	08	1a	c1	
a4	00	c9	00	0f	7c	60	3f	86	04	
00	b4	02	00	00	21	01	01	01	01	
01	e2	00	01	00	00	00	52	01	02	
00	00	00	64	00	4f	00	01	01	00	
00	00	00	27	01	2a	01	03	85	fe	
89	7a	07	00	00	04	00	47	13	01	
00	0f	01	00	00	1d	00	8e	fe	58	
01	01	00	00	00	01	00	c3	04	b8	
00	02	00	57	01	02	00	02	00	01	
00	01	00	00	00	01	01	00	01	00	
00	03	00	02	00	ff	ff	06	00	08	
00	03	00	04	01	43	00	43	00	50	
00	36	00	51	00	02	fe	ff	06	00	
fd	ff	ff	ff	00	00	01	00	f7	00	
5e	00	36	00	5e	00	44	00	44	00	
02	54	00	01	00	00	00	db	36	32	
3f	00	00	e4	41	85	7a	5c	8f	c2	
3e	01	00	00	00	00	00	0f	04	00	
0a	d7	23	3c	b8	1e	05	bd	8f	c2	
f5	3c	03	03	03	03	03	03	