55	45	4c	59	53	59	53	08	1a	c0	
1b	00	c9	00	0f	eb	00	91	df	04	
00	3c	08	00	00	21	01	01	01	01	
01	ee	00	01	00	00	00	2f	01	04	
00	00	00	02	00	50	00	01	01	00	
00	00	00	04	01	06	01	03	77	ff	
4c	7b	07	00	00	05	00	df	9f	02	
00	00	00	00	00	1f	00	8e	fe	52	
01	01	00	00	00	01	00	03	00	04	
00	5c	01	05	00	02	00	02	00	01	
00	01	00	00	00	00	00	01	00	00	
00	03	00	02	00	ff	ff	06	00	08	
00	03	00	e6	00	36	00	36	00	50	
00	28	00	36	00	02	fe	ff	06	00	
fc	ff	ff	ff	00	00	01	00	e8	00	
51	00	51	00	51	00	36	00	36	00	
02	55	00	01	00	00	00	d3	1c	38	
3f	00	00	cc	41	2d	7b	bc	74	13	
3e	01	00	00	00	00	00	0f	04	00	
0a	d7	23	3b	99	99	19	bd	8f	c2	
f5	3c	03	03	03	03	03	03	