55	45	4c	59	53	59	53	08	1a	c0	
a2	00	c9	00	0f	5e	ce	d5	f3	02	
00	3a	01	00	00	21	01	01	01	01	
01	ec	00	00	01	00	00	2d	01	02	
00	00	00	64	00	4f	00	01	01	00	
00	00	00	06	01	09	01	03	63	ff	
c3	7b	07	00	00	04	00	63	89	00	
00	0f	01	00	00	21	00	8e	fe	60	
01	01	00	b3	00	01	00	03	00	04	
00	02	00	5c	01	02	00	02	00	01	
00	01	00	01	00	00	00	00	01	00	
00	03	00	02	00	ff	ff	06	00	08	
00	03	00	f5	00	43	00	43	00	35	
00	28	00	43	00	02	fe	ff	06	00	
fd	ff	ff	ff	00	00	01	00	e8	00	
51	00	36	00	5e	00	36	00	36	00	
02	54	00	01	00	00	00	5d	b6	30	
3f	00	00	d2	41	a2	7b	bc	74	13	
be	01	00	00	00	00	00	0f	04	00	
0a	d7	23	3c	8f	c2	f5	bc	b8	1e	
05	3d	03	03	03	03	03	03	