55	45	4c	59	53	59	53	08	1a	c1	
17	00	c9	00	0f	df	e0	26	c1	07	
00	ad	07	00	00	21	01	01	01	01	
01	e3	00	00	01	00	00	35	01	02	
00	00	00	64	00	4f	00	01	01	00	
00	00	00	06	01	0b	01	03	70	ff	
ff	75	07	00	00	04	00	84	af	00	
00	2c	01	00	00	20	00	8e	fe	59	
01	01	00	00	00	01	00	03	00	04	
00	02	00	5c	01	02	00	02	00	01	
00	01	00	00	00	00	00	00	01	00	
00	03	00	02	00	fe	ff	06	00	08	
00	03	00	f5	00	36	00	43	00	35	
00	28	00	43	00	02	fe	ff	06	00	
fd	ff	ff	ff	00	00	01	00	f7	00	
28	00	36	00	43	00	36	00	36	00	
02	54	00	01	00	00	00	cb	24	07	
3f	00	00	cc	41	01	76	75	93	18	
3e	01	00	00	00	00	00	0b	04	00	
0a	d7	a3	3b	8f	c2	f5	bc	29	5c	
0f	3d	03	03	03	03	03	03	