55	45	4c	59	53	59	53	08	1a	c2	
06	00	c9	00	0f	88	86	d5	eb	02	
00	50	03	00	00	21	01	01	01	01	
01	ec	00	00	01	00	00	1f	01	02	
00	00	00	64	00	4f	00	01	01	00	
00	00	00	fa	00	fc	00	03	99	ff	
93	76	07	00	00	04	00	a6	5f	00	
00	0f	01	00	00	1e	00	8e	fe	54	
01	01	00	00	00	01	00	03	00	04	
00	02	00	05	00	02	00	02	00	01	
00	01	00	00	00	00	00	00	00	00	
00	03	00	02	00	fe	ff	06	00	08	
00	03	00	f5	00	36	00	36	00	35	
00	28	00	43	00	02	ff	ff	06	00	
fd	ff	ff	ff	00	00	01	00	e8	00	
51	00	36	00	51	00	36	00	36	00	
02	54	00	01	00	00	00	6c	81	0d	
3f	00	00	c1	41	99	76	f8	53	e3	
3d	01	00	00	00	00	00	0f	04	00	
8f	c2	f5	3b	b8	1e	05	bd	0a	d7	
23	3d	03	03	03	03	03	03	