55	45	4c	59	53	59	53	08	1a	c6	
24	00	c9	00	0f	fe	4a	16	8c	01	
00	34	09	00	00	21	01	01	01	01	
01	e2	00	01	00	00	00	46	01	02	
00	00	00	64	00	4f	00	01	01	00	
00	00	00	1d	01	20	01	03	9c	ff	
cf	7b	07	00	00	04	00	7f	50	01	
00	2c	01	00	00	1f	00	8f	fe	5a	
01	01	00	00	00	01	00	03	00	04	
00	02	00	05	00	02	00	02	00	01	
00	01	00	00	00	00	00	00	00	00	
00	03	00	02	00	ff	ff	06	00	08	
00	03	00	04	01	43	00	43	00	43	
00	36	00	51	00	02	fe	ff	06	00	
fd	ff	ff	ff	00	00	01	00	f7	00	
51	00	36	00	5e	00	36	00	36	00	
02	54	00	01	00	00	00	69	25	2c	
3f	00	00	f2	41	b4	7b	0a	d7	a3	
be	01	00	00	00	00	00	0f	04	00	
8f	c2	75	3c	29	5c	0f	bd	8f	c2	
f5	3c	03	03	03	03	03	03	