55	45	4c	59	53	59	53	08	1a	c4	
7d	00	c9	00	0f	cc	b8	16	9b	01	
00	ba	06	00	00	21	01	01	01	01	
01	e2	00	01	00	00	00	3e	01	02	
00	00	00	64	00	4f	00	01	01	00	
00	00	00	10	01	13	01	03	95	ff	
0a	71	07	00	00	04	00	17	82	01	
00	0f	01	00	00	1b	00	8e	fe	5b	
01	01	00	00	00	01	00	03	00	04	
00	02	00	05	00	02	00	02	00	01	
00	01	00	00	00	00	00	00	00	00	
00	03	00	02	00	ff	ff	06	00	08	
00	03	00	f5	00	36	00	43	00	43	
00	28	00	43	00	02	fe	ff	06	00	
fd	ff	ff	ff	00	00	01	00	e8	00	
51	00	36	00	5e	00	36	00	36	00	
02	54	00	01	00	00	00	24	5d	a1	
3e	00	00	d4	41	11	71	f8	53	e3	
3d	01	00	00	00	00	00	0f	04	00	
00	00	00	00	99	99	19	bd	99	99	
19	3d	03	03	03	03	03	03	