55	45	4c	59	53	59	53	08	1a	c0	
72	00	c9	00	0f	53	6e	16	9b	01	
00	a9	00	00	00	21	01	01	01	01	
01	e2	00	01	00	00	00	49	01	02	
00	00	00	64	00	4f	00	01	01	00	
00	00	00	1d	01	21	01	03	79	ff	
0c	7c	07	00	00	04	00	b0	38	02	
00	0f	01	00	00	1f	00	8e	fe	6b	
01	01	00	00	00	01	00	03	00	04	
00	48	01	05	00	02	00	02	00	01	
00	01	00	00	00	00	00	01	00	00	
00	03	00	02	00	fe	ff	06	00	08	
00	03	00	f5	00	43	00	43	00	43	
00	36	00	51	00	02	ff	ff	06	00	
fd	ff	ff	ff	00	00	01	00	f7	00	
5e	00	44	00	5e	00	51	00	51	00	
02	54	00	01	00	00	00	ec	c6	32	
3f	00	00	e9	41	f2	7b	0a	d7	23	
be	01	00	00	00	00	00	0f	04	00	
0a	d7	a3	3b	99	99	19	bd	ad	47	
e1	3c	03	03	03	03	03	03	