55	45	4c	59	53	59	53	08	1a	c0	
06	00	c9	00	0f	48	2b	8a	f8	02	
00	18	00	00	00	14	01	01	01	01	
01	e2	00	01	00	00	00	4e	01	02	
00	00	00	64	00	4f	00	01	01	00	
00	00	00	1d	01	20	01	03	90	ff	
16	7c	07	00	00	04	00	a4	4d	01	
00	0f	01	00	00	1d	00	1c	00	5a	
01	01	00	00	00	01	00	03	00	04	
00	02	00	05	00	02	00	02	00	01	
01	01	00	00	00	00	00	00	00	00	
00	03	00	02	00	ff	ff	06	00	08	
00	03	00	04	01	43	00	43	00	43	
00	36	00	51	00	02	fe	ff	06	00	
fc	ff	ff	ff	00	00	01	00	f7	00	
5e	00	51	00	5e	00	51	00	44	00	
02	54	00	01	00	00	00	2c	54	31	
3f	00	00	ec	41	fb	7b	a6	9b	44	
be	01	00	00	00	00	00	0b	04	00	
0a	d7	23	3c	8f	c2	f5	bc	eb	51	
b8	3c	03	03	03	03	03	03	