55	45	4c	59	53	59	53	08	1a	c2	
ef	00	c9	00	0f	a3	2a	41	96	04	
00	a5	04	00	00	21	01	01	01	01	
01	e2	00	01	00	00	00	4f	01	02	
00	00	00	64	00	4f	00	01	01	00	
00	00	00	22	01	25	01	03	34	ff	
a2	75	07	00	00	04	00	79	ec	00	
00	0f	01	00	00	20	00	8e	fe	61	
01	01	00	00	00	01	00	03	00	04	
00	02	00	05	00	02	00	0c	02	01	
00	01	00	00	00	00	00	00	00	00	
01	03	00	02	00	ff	ff	06	00	08	
00	03	00	04	01	43	00	43	00	43	
00	36	00	51	00	02	ff	ff	06	00	
fd	ff	ff	ff	00	00	01	00	f7	00	
5e	00	44	00	5e	00	36	00	44	00	
02	54	00	01	00	00	00	5b	28	04	
3f	00	00	e4	41	96	75	f4	fd	54	
3e	01	00	00	00	00	00	0f	04	00	
0a	d7	23	3c	29	5c	0f	bd	b8	1e	
05	3d	03	03	03	03	03	03	