55	45	4c	59	53	59	53	08	1a	c0	
9a	00	c9	00	0f	58	1e	16	84	01	
00	e5	00	00	00	21	01	01	01	01	
01	e2	00	01	00	00	00	48	01	02	
00	00	00	64	00	4f	00	01	01	00	
00	00	00	1d	01	20	01	03	79	ff	
46	7c	07	00	00	04	00	ff	33	02	
00	0f	01	00	00	1b	00	8e	fe	51	
01	01	00	00	00	01	00	03	00	04	
00	58	01	05	00	02	00	02	00	01	
00	01	00	00	00	00	00	01	00	00	
00	02	00	02	00	fe	ff	06	00	08	
00	03	00	04	01	43	00	51	00	50	
00	43	00	5f	00	02	fe	ff	06	00	
fd	ff	ff	ff	00	00	01	00	f7	00	
5e	00	51	00	5e	00	44	00	44	00	
02	54	00	01	00	00	00	1f	e6	36	
3f	00	00	e4	41	30	7c	df	4f	8d	
bd	01	00	00	00	00	00	0f	04	00	
8f	c2	75	3c	8f	c2	f5	bc	99	99	
19	3d	03	03	03	03	03	03	