55	45	4c	59	53	59	53	08	1a	c2	
05	00	c9	00	0f	87	be	3f	9a	04	
00	46	03	00	00	21	01	01	01	01	
01	e2	00	01	00	00	00	62	01	02	
00	00	00	64	00	4f	00	01	01	00	
00	00	00	40	01	43	01	03	78	fe	
aa	76	07	00	00	04	00	e8	07	01	
00	2c	01	00	00	1a	00	8e	fe	5a	
01	01	00	00	00	01	00	cc	04	b8	
00	02	00	50	01	02	00	02	00	01	
00	01	00	00	00	01	01	00	01	00	
00	03	00	02	00	ff	ff	06	00	08	
00	03	00	04	01	51	00	51	00	43	
00	36	00	51	00	02	fe	ff	06	00	
fd	ff	ff	ff	00	00	01	00	f7	00	
5e	00	51	00	5e	00	44	00	44	00	
02	54	00	01	00	00	00	dc	39	13	
3f	00	00	f0	41	a1	76	83	c0	ca	
3e	01	00	00	00	00	00	0f	04	00	
0a	d7	23	3c	b8	1e	05	bd	29	5c	
0f	3d	03	03	03	03	03	03	