55	45	4c	59	53	59	53	08	1a	c0	
33	00	c9	00	0f	51	cc	d5	d5	02	
00	94	00	00	00	21	01	01	01	01	
01	ec	00	00	01	00	00	2c	01	02	
00	00	00	64	00	4f	00	01	01	00	
00	00	00	06	01	0b	01	03	60	ff	
45	79	07	00	00	04	00	67	96	00	
00	0f	01	00	00	1f	00	8e	fe	52	
01	01	00	b1	00	01	00	03	00	04	
00	02	00	5e	01	02	00	02	00	01	
00	01	00	01	00	00	00	00	01	00	
00	03	00	02	00	ff	ff	06	00	08	
00	03	00	f5	00	36	00	43	00	35	
00	36	00	43	00	02	fe	ff	06	00	
fc	ff	ff	ff	00	00	01	00	e8	00	
51	00	36	00	51	00	36	00	36	00	
02	54	00	01	00	00	00	e9	44	0e	
3f	00	00	d6	41	10	79	e5	d0	62	
bf	01	00	00	00	00	00	0f	04	00	
8f	c2	f5	3b	99	99	19	bd	8f	c2	
f5	3c	03	03	03	03	03	03	