55	45	4c	59	53	59	53	08	1a	c1	
57	00	c9	00	0f	74	04	d5	f8	02	
00	4a	02	00	00	21	01	01	01	01	
01	ec	00	00	01	00	00	24	01	02	
00	00	00	64	00	4f	00	01	01	00	
00	00	00	fc	00	01	01	03	74	ff	
18	79	07	00	00	04	00	2a	74	00	
00	0f	01	00	00	20	00	8e	fe	52	
01	01	00	00	00	01	00	03	00	04	
00	02	00	5c	01	02	00	02	00	01	
00	01	00	00	00	00	00	00	01	00	
00	02	00	02	00	ff	ff	06	00	08	
00	03	00	f5	00	43	00	43	00	35	
00	28	00	43	00	02	fe	ff	06	00	
fd	ff	ff	ff	00	00	01	00	e8	00	
51	00	36	00	51	00	36	00	36	00	
02	54	00	01	00	00	00	1b	59	1f	
3f	00	00	c6	41	23	79	bc	74	13	
3e	01	00	00	00	00	00	0f	04	00	
8f	c2	f5	3b	8f	c2	f5	bc	29	5c	
0f	3d	03	03	03	03	03	03	