55	45	4c	59	53	59	53	08	1a	c6	
06	00	c9	00	0f	fa	c6	18	94	01	
00	07	09	00	00	21	01	01	01	01	
01	e2	00	01	00	00	00	45	01	02	
00	00	00	64	00	4f	00	01	01	00	
00	00	00	1d	01	1f	01	03	9c	ff	
38	7b	07	00	00	04	00	03	54	01	
00	2c	01	00	00	1e	00	8e	fe	7d	
01	01	00	00	00	01	00	03	00	04	
00	02	00	05	00	02	00	02	00	01	
00	01	00	00	00	00	00	00	00	00	
00	03	00	02	00	ff	ff	06	00	08	
00	03	00	f5	00	43	00	43	00	43	
00	36	00	51	00	02	fe	ff	06	00	
fd	ff	ff	ff	00	00	01	00	e8	00	
51	00	44	00	5e	00	36	00	36	00	
02	54	00	01	00	00	00	68	5d	21	
3f	00	00	f6	41	14	7b	b2	9d	0f	
bf	01	00	00	00	00	00	0f	04	00	
0a	d7	23	3c	eb	51	38	bd	8f	c2	
f5	3c	03	03	03	03	03	03	