55	45	4c	59	53	59	53	08	1a	c0	
fc	00	c9	00	0f	63	9a	18	92	01	
00	78	01	00	00	21	01	01	01	01	
01	e2	00	01	00	00	00	42	01	02	
00	00	00	64	00	4f	00	01	01	00	
00	00	00	13	01	17	01	03	9c	ff	
04	7a	07	00	00	04	00	42	eb	01	
00	0f	01	00	00	1a	00	8e	fe	5a	
01	01	00	00	00	01	00	03	00	04	
00	02	00	05	00	02	00	02	00	01	
00	01	00	00	00	00	00	00	00	00	
00	02	00	02	00	fe	ff	06	00	08	
00	03	00	f5	00	43	00	43	00	43	
00	28	00	43	00	02	fe	ff	06	00	
fc	ff	ff	ff	00	00	01	00	e8	00	
51	00	36	00	5e	00	36	00	36	00	
02	54	00	01	00	00	00	e7	d0	29	
3f	00	00	d4	41	ee	79	17	d9	ce	
3d	01	00	00	00	00	00	0f	04	00	
8f	c2	75	3c	29	5c	0f	bd	8f	c2	
f5	3c	03	03	03	03	03	03	