55	45	4c	59	53	59	53	08	1a	c0	
eb	00	c9	00	0f	da	b8	26	cd	07	
00	6b	07	00	00	21	01	01	01	01	
01	e3	00	00	01	00	00	3f	01	02	
00	00	00	64	00	4f	00	01	01	00	
00	00	00	09	01	0d	01	03	50	ff	
8a	76	07	00	00	04	00	ad	b4	00	
00	0f	01	00	00	22	00	20	00	65	
01	01	00	b1	00	01	00	03	00	04	
00	02	00	5c	01	02	00	02	00	01	
01	01	00	01	00	00	00	00	01	00	
00	02	00	02	00	fe	ff	06	00	08	
00	03	00	f5	00	43	00	43	00	35	
00	28	00	51	00	02	ff	ff	06	00	
fd	ff	ff	ff	00	00	01	00	e8	00	
51	00	36	00	51	00	36	00	36	00	
02	54	00	01	00	00	00	76	29	0d	
3f	00	00	cc	41	74	76	10	58	39	
3e	01	00	00	00	00	00	0b	04	00	
cc	cc	4c	3c	7b	14	2e	bd	ad	47	
e1	3c	03	03	03	03	03	03	