55	45	4c	59	53	59	53	08	1a	c5	
89	00	c9	00	0f	ec	20	16	8c	01	
00	4c	08	00	00	21	01	01	01	01	
01	e2	00	01	00	00	00	40	01	02	
00	00	00	64	00	4f	00	01	01	00	
00	00	00	13	01	15	01	03	92	ff	
fa	6d	07	00	00	04	00	ab	62	01	
00	0f	01	00	00	1d	00	8e	fe	5a	
01	01	00	00	00	01	00	03	00	04	
00	02	00	05	00	02	00	02	00	01	
00	01	00	00	00	00	00	00	00	00	
00	03	00	02	00	ff	ff	06	00	08	
00	03	00	f5	00	43	00	43	00	43	
00	36	00	43	00	02	ff	ff	06	00	
fc	ff	ff	ff	00	00	01	00	e8	00	
51	00	36	00	51	00	36	00	36	00	
02	54	00	01	00	00	00	b3	be	59	
3e	00	00	d4	41	e8	6d	f8	53	e3	
3d	01	00	00	00	00	00	0f	04	00	
8f	c2	f5	3b	0a	d7	23	bd	8f	c2	
f5	3c	03	03	03	03	03	03	