55	45	4c	59	53	59	53	08	1a	c0	
1c	00	c9	00	0f	b6	d1	7c	5b	05	
00	a0	05	00	00	21	01	01	01	01	
01	e3	00	00	01	00	00	4f	01	00	
00	00	00	00	00	00	00	00	00	00	
00	00	00	00	00	00	00	00	00	00	
00	00	00	00	00	00	00	00	00	00	
00	00	00	00	00	1f	00	1f	00	59	
01	01	00	00	00	01	00	03	00	04	
00	02	00	05	00	02	00	02	00	01	
01	01	00	00	00	00	00	00	00	00	
00	03	00	02	00	ff	ff	06	00	08	
00	03	00	04	01	43	00	43	00	43	
00	36	00	51	00	02	ff	ff	06	00	
fd	ff	ff	ff	00	00	01	00	f7	00	
5e	00	36	00	5e	00	44	00	36	00	
02	54	00	01	00	00	00	1f	aa	0e	
3f	00	00	f2	41	57	79	85	eb	81	
bf	01	00	00	00	00	00	0b	04	00	
cc	cc	4c	3c	99	99	19	bd	ad	47	
e1	3c	03	03	03	03	03	03	