55	45	4c	59	53	59	53	08	1a	c1	
08	00	c9	00	0f	6a	c2	d5	d4	02	
00	d3	01	00	00	21	01	01	01	01	
01	ec	00	00	01	00	00	28	01	02	
00	00	00	64	00	4f	00	01	01	00	
00	00	00	01	01	04	01	03	75	ff	
1a	7a	07	00	00	04	00	6d	7d	00	
00	0f	01	00	00	1f	00	8e	fe	52	
01	01	00	00	00	01	00	03	00	04	
00	02	00	5d	01	02	00	02	00	01	
00	01	00	00	00	00	00	00	01	00	
00	02	00	02	00	ff	ff	06	00	08	
00	03	00	f5	00	43	00	43	00	35	
00	28	00	43	00	02	fe	ff	06	00	
fd	ff	ff	ff	00	00	01	00	e8	00	
51	00	36	00	51	00	36	00	36	00	
02	54	00	01	00	00	00	dd	99	27	
3f	00	00	cc	41	25	7a	df	4f	0d	
3e	01	00	00	00	00	00	0f	04	00	
cc	cc	4c	3c	8f	c2	f5	bc	cc	cc	
cc	3c	03	03	03	03	03	03	