55	45	4c	59	53	59	53	08	1a	c1	
ca	00	c9	00	0f	7b	be	14	9d	01	
00	ad	02	00	00	21	01	01	01	01	
01	e2	00	01	00	00	00	49	01	02	
00	00	00	64	00	4f	00	01	01	00	
00	00	00	1a	01	1d	01	03	6c	ff	
48	7c	07	00	00	04	00	5b	10	02	
00	0f	01	00	00	1c	00	22	00	53	
01	01	00	00	00	01	00	03	00	04	
00	02	00	5a	01	02	00	02	00	01	
01	01	00	00	00	00	00	00	01	00	
00	03	00	02	00	ff	ff	06	00	08	
00	03	00	04	01	51	00	51	00	50	
00	43	00	5f	00	02	fe	ff	06	00	
fd	ff	ff	ff	00	00	01	00	07	01	
5e	00	51	00	6c	00	51	00	51	00	
02	54	00	01	00	00	00	7f	9c	3a	
3f	00	00	dc	41	30	7c	87	16	59	
bd	01	00	00	00	00	00	0b	04	00	
0a	d7	23	3c	99	99	19	bd	cc	cc	
cc	3c	03	03	03	03	03	03	