55	45	4c	59	53	59	53	08	1a	c1	
59	00	c9	00	0f	6e	80	18	8d	01	
00	04	02	00	00	21	01	01	01	01	
01	e2	00	01	00	00	00	3f	01	02	
00	00	00	64	00	4f	00	01	01	00	
00	00	00	10	01	15	01	03	9a	ff	
13	79	07	00	00	04	00	5b	e0	01	
00	2c	01	00	00	1e	00	8e	fe	59	
01	01	00	00	00	01	00	03	00	04	
00	02	00	05	00	02	00	02	00	01	
00	01	00	00	00	00	00	00	00	00	
00	02	00	02	00	ff	ff	06	00	07	
00	03	00	04	01	43	00	43	00	43	
00	36	00	43	00	02	ff	ff	06	00	
fd	ff	ff	ff	00	00	01	00	e8	00	
51	00	36	00	51	00	36	00	36	00	
02	54	00	01	00	00	00	70	a9	21	
3f	00	00	d4	41	23	79	87	16	d9	
3d	01	00	00	00	00	00	0f	04	00	
0a	d7	23	3c	29	5c	0f	bd	b8	1e	
05	3d	03	03	03	03	03	03	