55	45	4c	59	53	59	53	08	1a	c0	
49	00	c9	00	0f	bc	17	7c	7b	05	
00	e4	05	00	00	21	01	01	01	01	
01	e3	00	00	01	00	00	50	01	02	
00	00	00	64	00	4f	00	01	01	00	
00	00	00	27	01	29	01	03	56	ff	
24	7b	07	00	00	04	00	76	d3	00	
00	2c	01	00	00	1f	00	18	00	57	
01	01	00	b2	00	01	00	03	00	04	
00	02	00	58	01	02	00	02	00	01	
01	01	00	01	00	00	00	00	01	00	
00	03	00	02	00	ff	ff	06	00	08	
00	03	00	04	01	43	00	43	00	43	
00	36	00	51	00	02	fe	ff	06	00	
fd	ff	ff	ff	00	00	01	00	f7	00	
5e	00	44	00	5e	00	36	00	44	00	
02	54	00	01	00	00	00	ec	04	25	
3f	00	00	f0	41	02	7b	4a	0c	c2	
be	01	00	00	00	00	00	0b	04	00	
8f	c2	75	3c	99	99	19	bd	8f	c2	
f5	3c	03	03	03	03	03	03	