55	45	4c	59	53	59	53	08	1a	c0	
35	00	c9	00	0f	b9	bf	7a	6a	05	
00	c6	05	00	00	21	01	01	01	01	
01	e3	00	00	01	00	00	50	01	02	
00	00	00	64	00	4f	00	01	01	00	
00	00	00	24	01	29	01	03	54	ff	
b4	7a	07	00	00	04	00	cf	d5	00	
00	0f	01	00	00	1d	00	1d	00	57	
01	01	00	b1	00	01	00	03	00	04	
00	02	00	61	01	02	00	02	00	01	
01	01	00	01	00	00	00	00	01	00	
00	03	00	02	00	ff	ff	06	00	08	
00	03	00	04	01	51	00	43	00	43	
00	36	00	43	00	02	fe	ff	06	00	
fd	ff	ff	ff	00	00	01	00	f7	00	
5e	00	44	00	5e	00	44	00	44	00	
02	54	00	01	00	00	00	03	97	1d	
3f	00	00	f4	41	8e	7a	a6	9b	04	
bf	01	00	00	00	00	00	0b	04	00	
0a	d7	23	3c	29	5c	0f	bd	99	99	
19	3d	03	03	03	03	03	03	