55	45	4c	59	53	59	53	08	1a	c1	
3d	00	c9	00	0f	70	4e	3f	9a	04	
00	1a	02	00	00	21	01	01	01	01	
01	e2	00	01	00	00	00	56	01	02	
00	00	00	64	00	4f	00	01	01	00	
00	00	00	27	01	2a	01	03	78	ff	
07	7c	07	00	00	04	00	5b	1f	01	
00	0f	01	00	00	1d	00	8f	fe	58	
01	01	00	00	00	01	00	03	00	04	
00	02	00	54	01	02	00	02	00	01	
00	01	00	00	00	00	00	00	01	00	
00	03	00	02	00	ff	ff	06	00	08	
00	03	00	04	01	43	00	43	00	43	
00	36	00	51	00	02	fe	ff	06	00	
fd	ff	ff	ff	00	00	01	00	f7	00	
5e	00	44	00	6c	00	51	00	51	00	
02	54	00	01	00	00	00	d5	73	37	
3f	00	00	e4	41	f2	7b	9a	99	99	
bd	01	00	00	00	00	00	0f	04	00	
cc	cc	4c	3c	b8	1e	05	bd	8f	c2	
f5	3c	03	03	03	03	03	03	