55	45	4c	59	53	59	53	08	1a	c0	
d9	00	c9	00	0f	5f	80	18	92	01	
00	44	01	00	00	21	01	01	01	01	
01	e2	00	01	00	00	00	43	01	02	
00	00	00	64	00	4f	00	01	01	00	
00	00	00	15	01	18	01	03	9c	ff	
4e	7a	07	00	00	04	00	5d	ef	01	
00	0f	01	00	00	1c	00	8e	fe	5a	
01	01	00	00	00	01	00	03	00	04	
00	02	00	05	00	02	00	02	00	01	
00	01	00	00	00	00	00	00	00	00	
00	02	00	02	00	ff	ff	06	00	08	
00	03	00	04	01	43	00	36	00	43	
00	36	00	51	00	02	fe	ff	06	00	
fd	ff	ff	ff	00	00	01	00	f7	00	
51	00	44	00	5e	00	36	00	44	00	
02	54	00	01	00	00	00	61	cf	2c	
3f	00	00	d6	41	3e	7a	87	16	d9	
3d	01	00	00	00	00	00	0f	04	00	
0a	d7	a3	3b	99	99	19	bd	b8	1e	
05	3d	03	03	03	03	03	03	