55	45	4c	59	53	59	53	08	1a	c0	
80	00	c9	00	0f	55	12	16	8c	01	
00	be	00	00	00	21	01	01	01	01	
01	e2	00	01	00	00	00	4a	01	02	
00	00	00	64	00	4f	00	01	01	00	
00	00	00	1a	01	1d	01	03	9c	ff	
18	7b	07	00	00	04	00	cc	f9	01	
00	0f	01	00	00	1d	00	8e	fe	59	
01	01	00	00	00	01	00	03	00	04	
00	02	00	05	00	02	00	02	00	01	
00	01	00	00	00	00	00	00	00	00	
00	03	00	02	00	ff	ff	06	00	08	
00	03	00	04	01	43	00	43	00	43	
00	36	00	51	00	02	fe	ff	06	00	
fc	ff	ff	ff	00	00	01	00	f7	00	
51	00	44	00	5e	00	44	00	44	00	
02	54	00	01	00	00	00	8d	7e	34	
3f	00	00	dc	41	02	7b	17	d9	ce	
3d	01	00	00	00	00	00	0f	04	00	
8f	c2	75	3c	29	5c	0f	bd	b8	1e	
05	3d	03	03	03	03	03	03	