55	45	4c	59	53	59	53	08	1a	c2	
c5	00	c9	00	0f	e1	b3	b7	d2	03	
00	c5	07	00	00	21	01	01	01	01	
01	ed	00	01	00	00	00	25	01	02	
00	00	00	64	00	4f	00	01	01	00	
00	00	00	01	01	05	01	03	9c	ff	
b4	7b	07	00	00	04	00	47	06	00	
00	0f	01	00	00	22	00	8e	fe	56	
01	01	00	00	00	01	00	03	00	04	
00	02	00	05	00	02	00	02	00	01	
00	01	00	00	00	00	00	00	00	00	
00	02	00	02	00	ff	ff	06	00	08	
00	03	00	14	01	28	00	28	00	43	
00	43	00	28	00	02	ff	ff	06	00	
fd	ff	ff	ff	00	00	01	00	e8	00	
36	00	44	00	43	00	28	00	36	00	
02	54	00	01	00	00	00	ae	38	2c	
3f	00	00	d6	41	90	7b	60	e5	90	
be	01	00	00	00	00	00	0f	04	00	
0a	d7	a3	3b	29	5c	0f	bd	8f	c2	
f5	3c	03	03	03	03	03	03	