55	45	4c	59	53	59	53	08	1a	c0	
d7	00	c9	00	0f	a7	cf	b7	d2	03	
00	e0	04	00	00	21	01	01	01	01	
01	ed	00	01	00	00	00	1c	01	02	
00	00	00	64	00	4f	00	01	01	00	
00	00	00	f5	00	f9	00	03	97	ff	
0a	74	07	00	00	04	00	32	40	00	
00	0f	01	00	00	1f	00	8e	fe	62	
01	01	00	00	00	01	00	03	00	04	
00	02	00	05	00	02	00	02	00	01	
00	01	00	00	00	00	00	00	00	00	
00	02	00	02	00	ff	ff	06	00	08	
00	03	00	14	01	28	00	28	00	43	
00	43	00	1b	00	02	ff	ff	06	00	
fd	ff	ff	ff	00	00	01	00	e8	00	
36	00	36	00	43	00	28	00	36	00	
02	54	00	01	00	00	00	3a	bc	e6	
3e	00	00	bc	41	06	74	17	d9	ce	
3d	01	00	00	00	00	00	0f	04	00	
8f	c2	f5	3b	ad	47	e1	bc	b8	1e	
05	3d	03	03	03	03	03	03	