55	45	4c	59	53	59	53	08	1a	c0	
11	00	c9	00	0f	48	10	10	a4	01	
00	18	00	00	00	21	01	01	01	01	
01	e2	00	01	00	00	00	4c	01	02	
00	00	00	64	00	4f	00	01	01	00	
00	00	00	1d	01	20	01	03	97	ff	
98	73	07	00	00	04	00	92	5a	02	
00	0f	01	00	00	1c	00	8e	fe	59	
01	01	00	00	00	01	00	03	00	04	
00	02	00	05	00	02	00	02	00	01	
00	01	00	00	00	00	00	00	00	00	
00	03	00	02	00	fe	ff	06	00	07	
00	03	00	f5	00	43	00	43	00	43	
00	28	00	51	00	02	fe	ff	06	00	
fc	ff	ff	ff	00	00	01	00	f7	00	
51	00	44	00	51	00	36	00	36	00	
02	54	00	01	00	00	00	94	9e	dd	
3e	00	00	dc	41	80	73	f8	53	e3	
3d	01	00	00	00	00	00	0f	04	00	
29	5c	8f	3c	3d	0a	57	bd	ad	47	
e1	3c	03	03	03	03	03	03	