55	45	4c	59	53	59	53	08	1a	c1	
6d	00	c9	00	0f	76	98	d6	00	02	
00	6b	02	00	00	21	01	01	01	01	
01	ec	00	00	01	00	00	24	01	02	
00	00	00	64	00	4f	00	01	01	00	
00	00	00	fc	00	00	01	03	74	ff	
a7	78	07	00	00	04	00	96	71	00	
00	0f	01	00	00	20	00	8e	fe	56	
01	01	00	00	00	01	00	03	00	04	
00	02	00	5d	01	02	00	02	00	01	
00	01	00	00	00	00	00	00	01	00	
00	03	00	02	00	ff	ff	06	00	08	
00	03	00	f5	00	36	00	43	00	35	
00	28	00	43	00	02	ff	ff	06	00	
fd	ff	ff	ff	00	00	01	00	e8	00	
51	00	36	00	51	00	36	00	36	00	
02	54	00	01	00	00	00	16	f1	1c	
3f	00	00	c2	41	af	78	bc	74	13	
3e	01	00	00	00	00	00	0f	04	00	
cc	cc	4c	3c	8f	c2	f5	bc	8f	c2	
f5	3c	03	03	03	03	03	03	