55	45	4c	59	53	59	53	08	1a	c0	
5a	00	c9	00	0f	f2	62	91	e6	04	
00	9a	08	00	00	21	01	01	01	01	
01	ee	00	01	00	00	00	2c	01	04	
00	00	00	02	00	50	00	01	01	00	
00	00	00	06	01	09	01	03	76	ff	
78	7a	07	00	00	05	00	7d	98	02	
00	00	00	00	00	20	00	8e	fe	52	
01	01	00	00	00	01	00	03	00	04	
00	57	01	05	00	02	00	02	00	01	
00	01	00	00	00	00	00	01	00	00	
00	03	00	02	00	ff	ff	06	00	08	
00	03	00	e6	00	36	00	36	00	50	
00	36	00	36	00	02	ff	ff	06	00	
fd	ff	ff	ff	00	00	01	00	f7	00	
51	00	51	00	51	00	36	00	36	00	
02	55	00	01	00	00	00	82	c2	2f	
3f	00	00	cc	41	6b	7a	bc	74	13	
3e	01	00	00	00	00	00	0f	04	00	
0a	d7	a3	3b	8f	c2	f5	bc	b8	1e	
05	3d	03	03	03	03	03	03	