55	45	4c	59	53	59	53	08	1a	c1	
14	00	c9	00	0f	6b	80	3f	83	04	
00	dc	01	00	00	21	01	01	01	01	
01	e2	00	01	00	00	00	5f	01	02	
00	00	00	64	00	4f	00	01	01	00	
00	00	00	27	01	2b	01	03	78	ff	
c0	7b	07	00	00	04	00	29	24	01	
00	0f	01	00	00	1e	00	8e	fe	5a	
01	01	00	00	00	01	00	03	00	04	
00	02	00	55	01	02	00	02	00	01	
00	01	00	00	00	00	00	00	01	00	
00	03	00	02	00	ff	ff	06	00	08	
00	03	00	04	01	43	00	43	00	43	
00	36	00	51	00	02	fe	ff	06	00	
fd	ff	ff	ff	00	00	01	00	f7	00	
5e	00	44	00	5e	00	36	00	44	00	
02	54	00	01	00	00	00	be	cd	33	
3f	00	00	e4	41	a2	7b	27	31	08	
be	01	00	00	00	00	00	0f	04	00	
0a	d7	23	3c	7b	14	2e	bd	0a	d7	
23	3d	03	03	03	03	03	03	