55	45	4c	59	53	59	53	08	1a	c0	
0f	00	c9	00	0f	90	5f	b7	d2	03	
00	b4	03	00	00	21	01	01	01	01	
01	ed	00	01	00	00	00	1d	01	02	
00	00	00	64	00	4f	00	01	01	00	
00	00	00	f7	00	fa	00	03	99	ff	
ed	75	07	00	00	04	00	a5	57	00	
00	0f	01	00	00	1e	00	8e	fe	6b	
01	01	00	00	00	01	00	03	00	04	
00	02	00	05	00	02	00	02	00	01	
00	01	00	00	00	00	00	00	00	00	
00	02	00	02	00	ff	ff	06	00	08	
00	03	00	04	01	28	00	28	00	43	
00	51	00	1b	00	02	fe	ff	06	00	
fc	ff	ff	ff	00	00	01	00	d8	00	
36	00	36	00	43	00	1b	00	36	00	
02	54	00	01	00	00	00	44	d0	06	
3f	00	00	c0	41	f0	75	87	16	d9	
3d	01	00	00	00	00	00	0f	04	00	
cc	cc	4c	3c	cc	cc	cc	bc	ad	47	
e1	3c	03	03	03	03	03	03	