55	45	4c	59	53	59	53	08	1a	c0	
ef	00	c9	00	0f	62	14	02	7d	01	
00	65	01	00	00	21	01	01	01	01	
01	e2	00	01	00	00	00	50	01	02	
00	00	00	64	00	4f	00	01	01	00	
00	00	00	1f	01	23	01	03	96	ff	
17	74	07	00	00	04	00	06	61	02	
00	0f	01	00	00	19	00	8e	fe	5b	
01	01	00	00	00	01	00	03	00	04	
00	02	00	05	00	02	00	02	00	01	
00	01	00	00	00	00	00	00	00	00	
00	02	00	02	00	fe	ff	06	00	08	
00	03	00	04	01	43	00	43	00	43	
00	36	00	51	00	02	fe	ff	06	00	
fd	ff	ff	ff	00	00	01	00	f7	00	
51	00	36	00	5e	00	36	00	36	00	
02	54	00	01	00	00	00	12	4b	e9	
3e	00	00	dd	41	06	74	87	16	d9	
3d	01	00	00	00	00	00	0b	04	00	
8f	c2	f5	3b	99	99	19	bd	b8	1e	
05	3d	03	03	03	03	03	03	