55	45	4c	59	53	59	53	08	1a	c1	
4c	00	c9	00	0f	b5	85	b7	e2	03	
00	8f	05	00	00	21	01	01	01	01	
01	ed	00	01	00	00	00	1c	01	02	
00	00	00	64	00	4f	00	01	01	00	
00	00	00	f5	00	fa	00	03	98	ff	
06	73	07	00	00	04	00	7b	32	00	
00	0f	01	00	00	22	00	8e	fe	5e	
01	01	00	00	00	01	00	03	00	04	
00	02	00	05	00	02	00	02	00	01	
00	01	00	00	00	00	00	00	00	00	
00	03	00	02	00	fe	ff	06	00	07	
00	03	00	14	01	28	00	28	00	43	
00	43	00	1b	00	02	ff	ff	06	00	
fd	ff	ff	ff	00	00	01	00	e8	00	
36	00	36	00	43	00	28	00	36	00	
02	54	00	01	00	00	00	db	0c	d0	
3e	00	00	bc	41	04	73	87	16	d9	
3d	01	00	00	00	00	00	0f	04	00	
cc	cc	4c	3c	29	5c	0f	bd	29	5c	
0f	3d	03	03	03	03	03	03	