55	45	4c	59	53	59	53	08	1a	c1	
cc	00	c9	00	0f	7b	fa	14	9c	01	
00	b0	02	00	00	21	01	01	01	01	
01	e2	00	01	00	00	00	4a	01	02	
00	00	00	64	00	4f	00	01	01	00	
00	00	00	1a	01	1d	01	03	bb	fe	
21	7c	07	00	00	04	00	1f	10	02	
00	0f	01	00	00	1b	00	e4	01	52	
01	01	00	00	00	01	00	03	00	04	
00	02	00	5a	01	02	00	02	00	01	
01	01	00	00	00	00	00	00	01	00	
00	02	00	02	00	ff	ff	06	00	08	
00	03	00	f5	00	43	00	43	00	43	
00	36	00	43	00	02	fe	ff	06	00	
fc	ff	ff	ff	00	00	01	00	f7	00	
5e	00	51	00	6c	00	44	00	51	00	
02	54	00	01	00	00	00	97	a5	3a	
3f	00	00	dc	41	0d	7c	68	91	6d	
3d	01	00	00	00	00	00	0b	04	00	
8f	c2	75	3c	8f	c2	f5	bc	ad	47	
e1	3c	03	03	03	03	03	03	