55	45	4c	59	53	59	53	08	1a	c1	
0a	00	c9	00	0f	de	5a	26	be	07	
00	99	07	00	00	21	01	01	01	01	
01	e3	00	00	01	00	00	37	01	02	
00	00	00	64	00	4f	00	01	01	00	
00	00	00	09	01	0c	01	03	71	ff	
29	76	07	00	00	04	00	0b	b1	00	
00	0f	01	00	00	1d	00	8e	fe	5a	
01	01	00	00	00	01	00	03	00	04	
00	02	00	5c	01	02	00	02	00	01	
00	01	00	00	00	00	00	00	01	00	
00	02	00	02	00	fe	ff	06	00	08	
00	03	00	f5	00	36	00	43	00	43	
00	28	00	51	00	02	fe	ff	06	00	
fd	ff	ff	ff	00	00	01	00	e8	00	
51	00	36	00	51	00	36	00	36	00	
02	54	00	01	00	00	00	80	da	08	
3f	00	00	cc	41	2e	76	bc	74	13	
3e	01	00	00	00	00	00	0b	04	00	
8f	c2	f5	3b	8f	c2	f5	bc	cc	cc	
cc	3c	03	03	03	03	03	03	