55	45	4c	59	53	59	53	08	1a	c0	
17	00	c9	00	0f	48	c4	00	9a	01	
00	21	00	00	00	21	01	01	01	01	
01	e2	00	01	00	00	00	50	01	02	
00	00	00	64	00	4f	00	01	01	00	
00	00	00	1d	01	21	01	03	43	ff	
49	7c	07	00	00	04	00	b6	09	02	
00	0f	01	00	00	1d	00	20	00	53	
01	01	00	00	00	01	00	03	00	04	
00	02	00	59	01	cc	00	02	00	01	
01	01	00	00	00	00	00	00	01	01	
00	03	00	02	00	ff	ff	06	00	08	
00	03	00	04	01	51	00	51	00	50	
00	43	00	5f	00	02	ff	ff	06	00	
fc	ff	ff	ff	00	00	01	00	07	01	
5e	00	44	00	6c	00	51	00	44	00	
02	54	00	01	00	00	00	98	de	3b	
3f	00	00	dc	41	30	7c	58	39	34	
bc	01	00	00	00	00	00	0b	04	00	
8f	c2	75	3c	0a	d7	23	bd	b8	1e	
05	3d	03	03	03	03	03	03	