55	45	4c	59	53	59	53	08	1a	c3	
2a	00	c9	00	0f	aa	14	3f	98	04	
00	fd	04	00	00	21	01	01	01	01	
01	e2	00	01	00	00	00	4d	01	02	
00	00	00	64	00	4f	00	01	01	00	
00	00	00	1f	01	23	01	03	82	ff	
14	75	07	00	00	04	00	8e	e5	00	
00	2c	01	00	00	1f	00	8e	fe	5b	
01	01	00	b1	00	01	00	03	00	04	
00	02	00	05	00	02	00	02	00	01	
00	01	00	01	00	00	00	00	00	00	
00	03	00	02	00	ff	ff	06	00	08	
00	03	00	04	01	43	00	43	00	43	
00	36	00	43	00	02	ff	ff	06	00	
fd	ff	ff	ff	00	00	01	00	f7	00	
51	00	36	00	5e	00	44	00	36	00	
02	54	00	01	00	00	00	c7	c2	fa	
3e	00	00	de	41	ff	74	4a	0c	02	
3e	01	00	00	00	00	00	0f	04	00	
cc	cc	4c	3c	b8	1e	05	bd	99	99	
19	3d	03	03	03	03	03	03	