55	45	4c	59	53	59	53	08	1a	c2	
6f	00	c9	00	0f	94	2a	3f	87	04	
00	e5	03	00	00	21	01	01	01	01	
01	e2	00	01	00	00	00	60	01	02	
00	00	00	64	00	4f	00	01	01	00	
00	00	00	33	01	37	01	03	99	ff	
21	77	07	00	00	04	00	7a	fb	00	
00	2c	01	00	00	20	00	8e	fe	59	
01	01	00	00	00	01	00	03	00	04	
00	02	00	05	00	02	00	02	00	01	
00	01	00	00	00	00	00	00	00	00	
00	03	00	02	00	ff	ff	06	00	08	
00	03	00	04	01	51	00	43	00	43	
00	36	00	51	00	02	ff	ff	06	00	
fd	ff	ff	ff	00	00	01	00	16	01	
43	00	44	00	28	00	36	00	44	00	
02	54	00	01	00	00	00	ab	4f	11	
3f	00	00	f4	41	14	77	87	16	d9	
3d	01	00	00	00	00	00	0f	04	00	
0a	d7	23	3c	29	5c	0f	bd	29	5c	
0f	3d	03	03	03	03	03	03	