55	45	4c	59	53	59	53	08	1a	c1	
53	00	c9	00	0f	b6	57	b9	c4	03	
00	9a	05	00	00	21	01	01	01	01	
01	ed	00	01	00	00	00	1c	01	02	
00	00	00	64	00	4f	00	01	01	00	
00	00	00	f7	00	fa	00	03	97	ff	
f7	72	07	00	00	04	00	a9	31	00	
00	0f	01	00	00	20	00	8e	fe	5c	
01	01	00	00	00	01	00	03	00	04	
00	02	00	05	00	02	00	02	00	01	
00	01	00	00	00	00	00	00	00	00	
00	02	00	02	00	ff	ff	06	00	08	
00	03	00	04	01	28	00	28	00	43	
00	43	00	28	00	02	ff	ff	06	00	
fd	ff	ff	ff	00	00	01	00	e8	00	
36	00	44	00	43	00	28	00	36	00	
02	54	00	01	00	00	00	ce	be	ce	
3e	00	00	bc	41	fb	72	87	16	d9	
3d	01	00	00	00	00	00	0f	04	00	
0a	d7	23	3c	b8	1e	05	bd	8f	c2	
f5	3c	03	03	03	03	03	03	