55	45	4c	59	53	59	53	08	1a	c6	
15	00	c9	00	0f	fc	88	18	8a	01	
00	1e	09	00	00	21	01	01	01	01	
01	e2	00	01	00	00	00	45	01	02	
00	00	00	64	00	4f	00	01	01	00	
00	00	00	1d	01	1f	01	03	9c	ff	
8d	7b	07	00	00	04	00	41	52	01	
00	0f	01	00	00	1b	00	8e	fe	59	
01	01	00	00	00	01	00	03	00	04	
00	02	00	05	00	02	00	02	00	01	
00	01	00	00	00	00	00	00	00	00	
00	03	00	02	00	fe	ff	06	00	08	
00	03	00	04	01	43	00	43	00	43	
00	36	00	51	00	02	fe	ff	06	00	
fd	ff	ff	ff	00	00	01	00	e8	00	
51	00	36	00	5e	00	36	00	44	00	
02	54	00	01	00	00	00	69	7b	27	
3f	00	00	f5	41	6d	7b	62	10	d8	
be	01	00	00	00	00	00	0f	04	00	
cc	cc	4c	3c	99	99	19	bd	b8	1e	
05	3d	03	03	03	03	03	03	