55	45	4c	59	53	59	53	08	1a	c0	
28	00	c9	00	0f	4a	c2	02	93	01	
00	3a	00	00	00	21	01	01	01	01	
01	e2	00	01	00	00	00	48	01	02	
00	00	00	64	00	4f	00	01	01	00	
00	00	00	1d	01	20	01	03	62	ff	
64	77	07	00	00	04	00	5b	78	02	
00	0f	01	00	00	1e	00	1d	00	5a	
01	01	00	00	00	01	00	03	00	04	
00	02	00	05	00	ca	00	02	00	01	
01	01	00	00	00	00	00	00	00	01	
00	03	00	02	00	ff	ff	06	00	08	
00	03	00	04	01	36	00	43	00	35	
00	36	00	43	00	02	fe	ff	06	00	
fd	ff	ff	ff	00	00	01	00	f7	00	
51	00	36	00	51	00	36	00	36	00	
02	54	00	01	00	00	00	99	f2	17	
3f	00	00	dc	41	6e	77	0a	d7	23	
3e	01	00	00	00	00	00	0b	04	00	
cc	cc	4c	3c	8f	c2	f5	bc	ad	47	
e1	3c	03	03	03	03	03	03	