55	45	4c	59	53	59	53	08	1a	c0	
12	00	c9	00	0f	49	93	8a	ec	02	
00	2a	00	00	00	14	01	01	01	01	
01	e2	00	01	00	00	00	4d	01	02	
00	00	00	64	00	4f	00	01	01	00	
00	00	00	1d	01	21	01	03	90	ff	
30	7c	07	00	00	04	00	3c	4c	01	
00	0f	01	00	00	1e	00	1f	00	61	
01	01	00	00	00	01	00	03	00	04	
00	02	00	05	00	02	00	02	00	01	
01	01	00	00	00	00	00	00	00	00	
00	03	00	02	00	ff	ff	06	00	08	
00	03	00	14	01	43	00	51	00	50	
00	36	00	5f	00	02	ff	ff	06	00	
fc	ff	ff	ff	00	00	01	00	f7	00	
5e	00	44	00	6c	00	51	00	44	00	
02	54	00	01	00	00	00	2d	21	33	
3f	00	00	ea	41	16	7c	75	93	18	
be	01	00	00	00	00	00	0f	04	00	
0a	d7	23	3c	99	99	19	bd	99	99	
19	3d	03	03	03	03	03	03	