55	45	4c	59	53	59	53	08	1a	c1	
f7	00	c9	00	0f	86	c4	d5	e7	02	
00	3a	03	00	00	21	01	01	01	01	
01	ec	00	00	01	00	00	1f	01	02	
00	00	00	64	00	4f	00	01	01	00	
00	00	00	fa	00	fc	00	03	9a	ff	
b7	76	07	00	00	04	00	68	61	00	
00	0f	01	00	00	20	00	8e	fe	57	
01	01	00	00	00	01	00	03	00	04	
00	02	00	05	00	02	00	02	00	01	
00	01	00	00	00	00	00	00	00	00	
00	02	00	02	00	fe	ff	06	00	08	
00	03	00	f5	00	36	00	36	00	35	
00	28	00	43	00	02	fe	ff	06	00	
fd	ff	ff	ff	00	00	01	00	e8	00	
43	00	36	00	51	00	36	00	36	00	
02	54	00	01	00	00	00	aa	f4	0e	
3f	00	00	c1	41	bc	76	87	16	d9	
3d	01	00	00	00	00	00	0f	04	00	
8f	c2	f5	3b	b8	1e	05	bd	b8	1e	
05	3d	03	03	03	03	03	03	