55	45	4c	59	53	59	53	08	1a	c2	
68	00	c9	00	0f	d6	cd	b7	d2	03	
00	39	07	00	00	21	01	01	01	01	
01	ed	00	01	00	00	00	21	01	02	
00	00	00	64	00	4f	00	01	01	00	
00	00	00	ff	00	03	01	03	99	ff	
a6	77	07	00	00	04	00	2f	11	00	
00	0f	01	00	00	20	00	8e	fe	53	
01	01	00	00	00	01	00	03	00	04	
00	02	00	05	00	02	00	02	00	01	
00	01	00	00	00	00	00	00	00	00	
00	03	00	02	00	ff	ff	06	00	08	
00	03	00	14	01	28	00	28	00	43	
00	43	00	1b	00	02	fe	ff	06	00	
fd	ff	ff	ff	00	00	01	00	e8	00	
36	00	36	00	43	00	28	00	36	00	
02	54	00	01	00	00	00	de	39	e8	
3e	00	00	da	41	5c	77	56	0e	cd	
bf	01	00	00	00	00	00	0f	04	00	
cc	cc	4c	3c	8f	c2	f5	bc	b8	1e	
05	3d	03	03	03	03	03	03	