55	45	4c	59	53	59	53	08	1a	c0	
e9	00	c9	00	0f	61	60	16	7b	01	
00	5c	01	00	00	21	01	01	01	01	
01	e2	00	01	00	00	00	43	01	02	
00	00	00	64	00	4f	00	01	01	00	
00	00	00	15	01	18	01	03	9b	ff	
2c	7a	07	00	00	04	00	7d	ed	01	
00	0f	01	00	00	1f	00	8e	fe	5b	
01	01	00	00	00	01	00	03	00	04	
00	02	00	05	00	02	00	02	00	01	
00	01	00	00	00	00	00	00	00	00	
00	03	00	02	00	ff	ff	06	00	08	
00	03	00	f5	00	43	00	43	00	43	
00	36	00	51	00	02	fe	ff	06	00	
fd	ff	ff	ff	00	00	01	00	e8	00	
51	00	36	00	51	00	44	00	36	00	
02	54	00	01	00	00	00	35	73	2b	
3f	00	00	d4	41	1a	7a	87	16	d9	
3d	01	00	00	00	00	00	0f	04	00	
8f	c2	f5	3b	7b	14	2e	bd	b8	1e	
05	3d	03	03	03	03	03	03	