55	45	4c	59	53	59	53	08	1a	c0	
ad	00	c9	00	0f	d3	74	26	d9	07	
00	0e	07	00	00	21	01	01	01	01	
01	e3	00	00	01	00	00	3d	01	02	
00	00	00	64	00	4f	00	01	01	00	
00	00	00	0b	01	0e	01	03	52	ff	
d0	77	07	00	00	04	00	f2	bb	00	
00	0f	01	00	00	1e	00	20	00	68	
01	01	00	b1	00	01	00	03	00	04	
00	02	00	5a	01	02	00	02	00	01	
01	01	00	01	00	00	00	00	01	00	
00	03	00	02	00	ff	ff	06	00	08	
00	03	00	f5	00	43	00	43	00	35	
00	28	00	43	00	02	fe	ff	06	00	
fc	ff	ff	ff	00	00	01	00	e8	00	
51	00	36	00	51	00	36	00	36	00	
02	54	00	01	00	00	00	af	37	17	
3f	00	00	d4	41	be	77	58	39	34	
3e	01	00	00	00	00	00	0b	04	00	
cc	cc	4c	3c	b8	1e	05	bd	99	99	
19	3d	03	03	03	03	03	03	