08	1a	c0	20	00	c9	00	0f	49	d2	
0e	9f	55	45	4c	59	53	59	53	01	
00	2e	00	00	00	21	01	01	01	01	
01	e2	00	01	00	00	00	49	01	02	
00	00	00	64	00	4f	00	01	01	00	
00	00	00	1d	01	20	01	03	9d	ff	
01	7a	07	00	00	04	00	e0	8d	02	
00	0f	01	00	00	1e	00	8f	fe	53	
01	01	00	00	00	01	00	03	00	04	
00	02	00	05	00	02	00	02	00	01	
00	01	00	00	00	00	00	00	00	00	
00	02	00	02	00	fe	ff	06	00	07	
00	03	00	04	01	43	00	43	00	43	
00	28	00	51	00	02	fe	ff	06	00	
fd	ff	ff	ff	00	00	01	00	f7	00	
5e	00	36	00	5e	00	36	00	36	00	
02	54	00	01	00	00	00	d5	1f	2b	
3f	00	00	d8	41	0a	7a	17	d9	ce	
3d	01	00	00	00	00	00	0f	04	00	
0a	d7	23	3c	7b	14	2e	bd	8f	c2	
f5	3c	03	03	03	03	03	03	