55	45	4c	59	53	59	53	08	1a	c0	
6a	00	c9	00	0f	52	7e	18	8f	01	
00	9d	00	00	00	21	01	01	01	01	
01	e2	00	01	00	00	00	4e	01	02	
00	00	00	64	00	4f	00	01	01	00	
00	00	00	1a	01	1e	01	03	9c	ff	
4d	7b	07	00	00	04	00	60	fc	01	
00	2c	01	00	00	1d	00	8e	fe	5a	
01	01	00	00	00	01	00	03	00	04	
00	02	00	05	00	02	00	02	00	01	
00	01	00	00	00	00	00	00	00	00	
00	03	00	02	00	ff	ff	06	00	08	
00	03	00	04	01	43	00	43	00	43	
00	36	00	51	00	02	fe	ff	06	00	
fd	ff	ff	ff	00	00	01	00	f7	00	
51	00	36	00	5e	00	36	00	44	00	
02	54	00	01	00	00	00	6a	68	36	
3f	00	00	dc	41	37	7b	87	16	d9	
3d	01	00	00	00	00	00	0f	04	00	
cc	cc	4c	3c	99	99	19	bd	29	5c	
0f	3d	03	03	03	03	03	03	