55	45	4c	59	53	59	53	08	1a	c1	
62	00	c9	00	0f	75	4e	d5	ea	02	
00	5a	02	00	00	21	01	01	01	01	
01	ec	00	00	01	00	00	24	01	02	
00	00	00	64	00	4f	00	01	01	00	
00	00	00	fc	00	00	01	03	74	ff	
e3	78	07	00	00	04	00	e0	72	00	
00	2c	01	00	00	1e	00	8e	fe	61	
01	01	00	00	00	01	00	03	00	04	
00	02	00	5e	01	02	00	02	00	01	
00	01	00	00	00	00	00	00	01	00	
00	02	00	02	00	ff	ff	06	00	08	
00	03	00	f5	00	36	00	43	00	35	
00	28	00	43	00	02	ff	ff	06	00	
fd	ff	ff	ff	00	00	01	00	e8	00	
51	00	36	00	51	00	36	00	36	00	
02	54	00	01	00	00	00	b2	27	1e	
3f	00	00	c4	41	ed	78	75	93	18	
3e	01	00	00	00	00	00	0f	04	00	
0a	d7	23	3b	b8	1e	05	bd	b8	1e	
05	3d	03	03	03	03	03	03	