55	45	4c	59	53	59	53	08	1a	c0	
3b	00	c9	00	0f	ee	c0	8f	f4	04	
00	6c	08	00	00	21	01	01	01	01	
01	ee	00	01	00	00	00	2e	01	04	
00	00	00	02	00	50	00	01	01	00	
00	00	00	04	01	08	01	03	64	ff	
cd	7a	07	00	00	05	00	1f	9c	02	
00	00	00	00	00	22	00	8e	fe	53	
01	01	00	af	00	01	00	03	00	04	
00	47	01	05	00	02	00	02	00	01	
00	01	00	01	00	00	00	01	00	00	
00	03	00	02	00	ff	ff	06	00	08	
00	03	00	f5	00	36	00	28	00	50	
00	28	00	36	00	02	ff	ff	06	00	
fd	ff	ff	ff	00	00	01	00	f7	00	
5e	00	51	00	51	00	36	00	36	00	
02	00	00	00	00	00	00	00	00	00	
00	00	00	00	00	00	00	00	00	00	
00	00	00	00	00	00	00	0f	04	00	
0a	d7	23	3c	29	5c	0f	bd	8f	c2	
f5	3c	03	03	03	03	03	03	