55	45	4c	59	53	59	53	08	1a	c1	
ba	00	c9	00	0f	79	de	16	95	01	
00	95	02	00	00	21	01	01	01	01	
01	e2	00	01	00	00	00	3e	01	02	
00	00	00	64	00	4f	00	01	01	00	
00	00	00	10	01	13	01	03	99	ff	
95	77	07	00	00	04	00	fc	d4	01	
00	0f	01	00	00	1c	00	8e	fe	5b	
01	01	00	00	00	01	00	03	00	04	
00	02	00	05	00	02	00	02	00	01	
00	01	00	00	00	00	00	00	00	00	
00	02	00	02	00	ff	ff	06	00	08	
00	03	00	f5	00	43	00	43	00	35	
00	36	00	43	00	02	fe	ff	06	00	
fc	ff	ff	ff	00	00	01	00	e8	00	
51	00	36	00	51	00	36	00	36	00	
02	54	00	01	00	00	00	3f	49	18	
3f	00	00	d4	41	9b	77	17	d9	ce	
3d	01	00	00	00	00	00	0f	04	00	
cc	cc	4c	3c	b8	1e	05	bd	8f	c2	
f5	3c	03	03	03	03	03	03	