55	45	4c	59	53	59	53	08	1a	c5	
bd	00	c9	00	0f	f2	38	16	a2	01	
00	9a	08	00	00	21	01	01	01	01	
01	e2	00	01	00	00	00	41	01	02	
00	00	00	64	00	4f	00	01	01	00	
00	00	00	18	01	1a	01	03	97	ff	
5e	75	07	00	00	04	00	92	5c	01	
00	2c	01	00	00	1b	00	8e	fe	5a	
01	01	00	00	00	01	00	03	00	04	
00	02	00	05	00	02	00	02	00	01	
00	01	00	00	00	00	00	00	00	00	
00	02	00	02	00	fe	ff	06	00	07	
00	03	00	f5	00	36	00	43	00	43	
00	36	00	43	00	02	fe	ff	06	00	
fd	ff	ff	ff	00	00	01	00	e8	00	
51	00	36	00	5e	00	36	00	36	00	
02	54	00	01	00	00	00	ba	bd	af	
3e	00	00	ea	41	08	75	21	b0	f2	
bf	01	00	00	00	00	00	0f	04	00	
cc	cc	4c	3c	0a	d7	23	bd	0a	d7	
a3	3c	03	03	03	03	03	03	