55	45	4c	59	53	59	53	08	1a	c1	
34	00	c9	00	0f	6f	ea	d5	e9	02	
00	15	02	00	00	21	01	01	01	01	
01	ec	00	00	01	00	00	26	01	02	
00	00	00	64	00	4f	00	01	01	00	
00	00	00	ff	00	02	01	03	75	ff	
99	79	07	00	00	04	00	45	78	00	
00	0f	01	00	00	1d	00	8e	fe	52	
01	01	00	00	00	01	00	03	00	04	
00	02	00	5d	01	02	00	02	00	01	
00	01	00	00	00	00	00	00	01	00	
00	02	00	02	00	fe	ff	06	00	08	
00	03	00	f5	00	36	00	36	00	35	
00	36	00	43	00	02	fe	ff	06	00	
fd	ff	ff	ff	00	00	01	00	e8	00	
51	00	36	00	51	00	36	00	36	00	
02	54	00	01	00	00	00	f7	17	23	
3f	00	00	c6	41	9f	79	bc	74	13	
3e	01	00	00	00	00	00	0f	04	00	
8f	c2	f5	3b	8f	c2	f5	bc	8f	c2	
f5	3c	03	03	03	03	03	03	