55	45	4c	59	53	59	53	08	1a	c0	
2e	00	c9	00	0f	4b	76	16	81	01	
00	43	00	00	00	21	01	01	01	01	
01	e2	00	01	00	00	00	61	01	02	
00	00	00	64	00	4f	00	01	01	00	
00	00	00	1f	01	23	01	03	9c	ff	
f6	7b	07	00	00	04	00	69	03	02	
00	0f	01	00	00	1c	00	8e	fe	5a	
01	01	00	00	00	01	00	03	00	04	
00	02	00	05	00	02	00	02	00	01	
00	01	00	00	00	00	00	00	00	00	
00	03	00	02	00	ff	ff	06	00	08	
00	03	00	04	01	43	00	43	00	43	
00	36	00	51	00	02	ff	ff	06	00	
fc	ff	ff	ff	00	00	01	00	f7	00	
5e	00	44	00	6c	00	51	00	51	00	
02	54	00	01	00	00	00	e2	6c	3b	
3f	00	00	dd	41	e0	7b	87	16	d9	
3d	01	00	00	00	00	00	0f	04	00	
0a	d7	23	3c	8f	c2	f5	bc	29	5c	
0f	3d	03	03	03	03	03	03	