55	45	4c	59	53	59	53	08	1a	c0	
9f	00	c9	00	0f	58	b4	16	8d	01	
00	ed	00	00	00	21	01	01	01	01	
01	e2	00	01	00	00	00	47	01	02	
00	00	00	64	00	4f	00	01	01	00	
00	00	00	18	01	1b	01	03	9c	ff	
cd	7a	07	00	00	04	00	2a	f6	01	
00	0f	01	00	00	1e	00	8e	fe	59	
01	01	00	00	00	01	00	03	00	04	
00	02	00	05	00	02	00	02	00	01	
00	01	00	00	00	00	00	00	00	00	
00	02	00	02	00	ff	ff	06	00	08	
00	03	00	f5	00	43	00	43	00	43	
00	36	00	43	00	02	ff	ff	06	00	
fd	ff	ff	ff	00	00	01	00	f7	00	
51	00	44	00	5e	00	36	00	36	00	
02	54	00	01	00	00	00	a4	d7	31	
3f	00	00	d8	41	bb	7a	17	d9	ce	
3d	01	00	00	00	00	00	0f	04	00	
8f	c2	75	3c	b8	1e	05	bd	8f	c2	
f5	3c	03	03	03	03	03	03	