55	45	4c	59	53	59	53	08	1a	c0	
24	00	c9	00	0f	b7	c1	7c	7d	05	
00	ac	05	00	00	21	01	01	01	01	
01	e3	00	00	01	00	00	4f	01	02	
00	00	00	64	00	4f	00	01	01	00	
00	00	00	24	01	29	01	03	8f	ff	
03	7a	07	00	00	04	00	cd	d7	00	
00	2c	01	00	00	1f	00	20	00	71	
01	01	00	00	00	01	00	03	00	04	
00	02	00	05	00	02	00	02	00	01	
01	01	00	00	00	00	00	00	00	00	
00	03	00	02	00	ff	ff	06	00	08	
00	03	00	04	01	43	00	43	00	43	
00	36	00	51	00	02	ff	ff	06	00	
fd	ff	ff	ff	00	00	01	00	f7	00	
51	00	44	00	5e	00	44	00	36	00	
02	54	00	01	00	00	00	4d	72	14	
3f	00	00	f4	41	d3	79	56	0e	4d	
bf	01	00	00	00	00	00	0b	04	00	
0a	d7	23	3c	7b	14	2e	bd	b8	1e	
05	3d	03	03	03	03	03	03	