55	45	4c	59	53	59	53	08	1a	c5	
3d	00	c9	00	0f	e3	38	18	92	01	
00	da	07	00	00	21	01	01	01	01	
01	e2	00	01	00	00	00	40	01	02	
00	00	00	64	00	4f	00	01	01	00	
00	00	00	10	01	15	01	03	93	ff	
1e	6f	07	00	00	04	00	94	6b	01	
00	0f	01	00	00	1f	00	8e	fe	5a	
01	01	00	00	00	01	00	03	00	04	
00	02	00	05	00	02	00	02	00	01	
00	01	00	00	00	00	00	00	00	00	
00	02	00	02	00	ff	ff	06	00	08	
00	03	00	04	01	43	00	43	00	35	
00	28	00	43	00	02	fe	ff	06	00	
fc	ff	ff	ff	00	00	01	00	e8	00	
51	00	36	00	5e	00	36	00	36	00	
02	54	00	01	00	00	00	cc	67	79	
3e	00	00	d4	41	0d	6f	f8	53	e3	
3d	01	00	00	00	00	00	0f	04	00	
8f	c2	f5	3b	29	5c	0f	bd	8f	c2	
f5	3c	03	03	03	03	03	03	