55	45	4c	59	53	59	53	08	1a	c2	
c1	00	c9	00	0f	9d	c6	3f	a6	04	
00	60	04	00	00	21	01	01	01	01	
01	e2	00	01	00	00	00	52	01	02	
00	00	00	64	00	4f	00	01	01	00	
00	00	00	24	01	28	01	03	99	ff	
4d	76	07	00	00	04	00	dd	f1	00	
00	0f	01	00	00	21	00	8e	fe	63	
01	01	00	00	00	01	00	03	00	04	
00	02	00	05	00	02	00	02	00	01	
00	01	00	00	00	00	00	00	00	00	
00	02	00	02	00	ff	ff	06	00	08	
00	03	00	f5	00	43	00	43	00	43	
00	36	00	51	00	02	fe	ff	06	00	
fc	ff	ff	ff	00	00	01	00	e8	00	
51	00	36	00	5e	00	44	00	44	00	
02	54	00	01	00	00	00	6c	3a	09	
3f	00	00	e9	41	3f	76	f8	53	e3	
3d	01	00	00	00	00	00	0f	04	00	
cc	cc	4c	3c	b8	1e	05	bd	99	99	
19	3d	03	03	03	03	03	03	