55	45	4c	59	53	59	53	08	1a	c0	
cf	00	c9	00	0f	5e	54	04	8d	01	
00	35	01	00	00	21	01	01	01	01	
01	e2	00	01	00	00	00	59	01	02	
00	00	00	64	00	4f	00	01	01	00	
00	00	00	22	01	26	01	03	97	ff	
62	74	07	00	00	04	00	c6	64	02	
00	0f	01	00	00	1d	00	8e	fe	59	
01	01	00	00	00	01	00	03	00	04	
00	02	00	05	00	02	00	02	00	01	
00	01	00	00	00	00	00	00	00	00	
00	03	00	02	00	fe	ff	06	00	08	
00	03	00	04	01	43	00	43	00	43	
00	36	00	51	00	02	fe	ff	06	00	
fc	ff	ff	ff	00	00	01	00	f7	00	
51	00	36	00	5e	00	36	00	36	00	
02	54	00	01	00	00	00	22	03	f0	
3e	00	00	de	41	4d	74	f8	53	e3	
3d	01	00	00	00	00	00	0b	04	00	
cc	cc	4c	3c	29	5c	0f	bd	7b	14	
2e	3d	03	03	03	03	03	03	