55	45	4c	59	53	59	53	08	1a	c0	
77	00	c9	00	0f	cd	20	26	bf	07	
00	bd	06	00	00	21	01	01	01	01	
01	e3	00	00	01	00	00	3f	01	02	
00	00	00	64	00	4f	00	01	01	00	
00	00	00	0e	01	11	01	03	53	ff	
40	79	07	00	00	04	00	47	c2	00	
00	0f	01	00	00	22	00	20	00	61	
01	01	00	b1	00	01	00	03	00	04	
00	02	00	5a	01	02	00	02	00	01	
01	01	00	01	00	00	00	00	01	00	
00	03	00	02	00	ff	ff	06	00	08	
00	03	00	f5	00	36	00	43	00	43	
00	36	00	43	00	02	ff	ff	06	00	
fd	ff	ff	ff	00	00	01	00	e8	00	
51	00	44	00	51	00	36	00	36	00	
02	54	00	01	00	00	00	d1	ee	1e	
3f	00	00	da	41	2a	79	58	39	34	
3e	01	00	00	00	00	00	0b	04	00	
8f	c2	f5	3b	99	99	19	bd	29	5c	
0f	3d	03	03	03	03	03	03	