55	45	4c	59	53	59	53	08	1a	c0	
dd	00	c9	00	0f	5f	f8	02	7e	01	
00	4a	01	00	00	21	01	01	01	01	
01	e2	00	01	00	00	00	54	01	02	
00	00	00	64	00	4f	00	01	01	00	
00	00	00	22	01	25	01	03	96	ff	
41	74	07	00	00	04	00	22	63	02	
00	2c	01	00	00	1c	00	8e	fe	66	
01	01	00	00	00	01	00	03	00	04	
00	02	00	05	00	02	00	02	00	01	
00	01	00	00	00	00	00	00	00	00	
00	02	00	02	00	ff	ff	06	00	08	
00	03	00	f5	00	43	00	43	00	43	
00	36	00	51	00	02	fe	ff	06	00	
fd	ff	ff	ff	00	00	01	00	f7	00	
5e	00	36	00	5e	00	36	00	36	00	
02	54	00	01	00	00	00	ee	10	ed	
3e	00	00	de	41	32	74	87	16	d9	
3d	01	00	00	00	00	00	0b	04	00	
8f	c2	75	3c	8f	c2	f5	bc	29	5c	
0f	3d	03	03	03	03	03	03	