08	1a	c0	11	00	c9	00	0f	48	10	
0c	94	55	45	4c	59	53	59	53	01	
00	18	00	00	00	21	01	01	01	01	
01	e2	00	01	00	00	00	47	01	02	
00	00	00	64	00	4f	00	01	01	00	
00	00	00	1d	01	1f	01	03	9c	ff	
22	7a	07	00	00	04	00	a2	8f	02	
00	0f	01	00	00	1c	00	8e	fe	53	
01	01	00	00	00	01	00	03	00	04	
00	02	00	05	00	02	00	02	00	01	
00	01	00	00	00	00	00	00	00	00	
00	02	00	02	00	fe	ff	06	00	08	
00	03	00	f5	00	43	00	43	00	43	
00	36	00	51	00	02	fe	ff	06	00	
fc	ff	ff	ff	00	00	01	00	e8	00	
51	00	44	00	5e	00	36	00	44	00	
02	54	00	01	00	00	00	bd	70	2c	
3f	00	00	d8	41	2e	7a	87	16	d9	
3d	01	00	00	00	00	00	0f	04	00	
cc	cc	4c	3c	0a	d7	23	bd	29	5c	
0f	3d	03	03	03	03	03	03	