55	45	4c	59	53	59	53	08	1a	c0	
63	00	c9	00	0f	51	ac	14	9e	01	
00	93	00	00	00	21	01	01	01	01	
01	e2	00	01	00	00	00	49	01	02	
00	00	00	64	00	4f	00	01	01	00	
00	00	00	1d	01	21	01	03	78	ff	
e8	7b	07	00	00	04	00	72	3a	02	
00	0f	01	00	00	1a	00	8e	fe	52	
01	01	00	00	00	01	00	03	00	04	
00	56	01	05	00	02	00	02	00	01	
00	01	00	00	00	00	00	01	00	00	
00	02	00	02	00	ff	ff	06	00	08	
00	03	00	04	01	43	00	43	00	43	
00	36	00	51	00	02	ff	ff	06	00	
fc	ff	ff	ff	00	00	01	00	07	01	
5e	00	44	00	6c	00	51	00	44	00	
02	54	00	01	00	00	00	9f	55	30	
3f	00	00	ea	41	ce	7b	f4	fd	54	
be	01	00	00	00	00	00	0f	04	00	
8f	c2	f5	3b	7b	14	2e	bd	ad	47	
e1	3c	03	03	03	03	03	03	