55	45	4c	59	53	59	53	08	1a	c0	
78	00	c9	00	0f	59	38	41	9e	04	
00	f2	00	00	00	21	01	01	01	01	
01	e2	00	01	00	00	00	4e	01	02	
00	00	00	64	00	4f	00	01	01	00	
00	00	00	22	01	24	01	03	77	ff	
9d	7b	07	00	00	04	00	74	36	01	
00	0f	01	00	00	1e	00	8e	fe	6f	
01	01	00	00	00	01	00	03	00	04	
00	02	00	56	01	02	00	02	00	01	
00	01	00	00	00	00	00	00	01	00	
00	03	00	02	00	ff	ff	06	00	08	
00	03	00	04	01	43	00	43	00	43	
00	36	00	51	00	02	ff	ff	06	00	
fd	ff	ff	ff	00	00	01	00	f7	00	
5e	00	44	00	5e	00	44	00	36	00	
02	54	00	01	00	00	00	47	b3	35	
3f	00	00	e2	41	87	7b	bc	74	13	
3e	01	00	00	00	00	00	0f	04	00	
8f	c2	75	3c	99	99	19	bd	8f	c2	
f5	3c	03	03	03	03	03	03	