55	45	4c	59	53	59	53	08	1a	c2	
28	00	c9	00	0f	cf	4d	b7	c7	03	
00	d9	06	00	00	21	01	01	01	01	
01	ed	00	01	00	00	00	20	01	02	
00	00	00	64	00	4f	00	01	01	00	
00	00	00	fa	00	fd	00	03	94	ff	
56	71	07	00	00	04	00	b0	18	00	
00	2c	01	00	00	20	00	8e	fe	56	
01	01	00	00	00	01	00	03	00	04	
00	02	00	05	00	02	00	02	00	01	
00	01	00	00	00	00	00	00	00	00	
00	03	00	02	00	ff	ff	06	00	08	
00	03	00	14	01	36	00	28	00	43	
00	43	00	28	00	02	fe	ff	06	00	
fd	ff	ff	ff	00	00	01	00	e8	00	
36	00	36	00	43	00	28	00	36	00	
02	54	00	01	00	00	00	c0	f8	a7	
3e	00	00	c1	41	58	71	f8	53	e3	
3d	01	00	00	00	00	00	0f	04	00	
0a	d7	23	3c	cc	cc	cc	bc	ad	47	
e1	3c	03	03	03	03	03	03	