55	45	4c	59	53	59	53	08	1a	c4	
74	00	c9	00	0f	cb	aa	18	88	01	
00	ac	06	00	00	21	01	01	01	01	
01	e2	00	01	00	00	00	3e	01	02	
00	00	00	64	00	4f	00	01	01	00	
00	00	00	10	01	13	01	03	95	ff	
1e	71	07	00	00	04	00	25	83	01	
00	0f	01	00	00	1c	00	8e	fe	5b	
01	01	00	00	00	01	00	03	00	04	
00	02	00	05	00	02	00	02	00	01	
00	01	00	00	00	00	00	00	00	00	
00	02	00	02	00	ff	ff	06	00	08	
00	03	00	04	01	43	00	36	00	35	
00	28	00	51	00	02	fe	ff	06	00	
fd	ff	ff	ff	00	00	01	00	e8	00	
51	00	36	00	51	00	36	00	36	00	
02	00	00	00	00	00	00	00	00	00	
00	00	00	00	00	00	00	00	00	00	
00	00	00	00	00	00	00	0f	04	00	
0a	d7	23	3c	99	99	19	bd	ad	47	
e1	3c	03	03	03	03	03	03	