55	45	4c	59	53	59	53	08	1a	c0	
a9	00	c9	00	0f	d2	fc	26	d4	07	
00	08	07	00	00	21	01	01	01	01	
01	e3	00	00	01	00	00	3e	01	02	
00	00	00	64	00	4f	00	01	01	00	
00	00	00	0b	01	0f	01	03	52	ff	
eb	77	07	00	00	04	00	6a	bc	00	
00	0f	01	00	00	1f	00	1f	00	58	
01	01	00	b1	00	01	00	03	00	04	
00	02	00	5a	01	02	00	02	00	01	
01	01	00	01	00	00	00	00	01	00	
00	02	00	02	00	fe	ff	06	00	08	
00	03	00	f5	00	36	00	43	00	35	
00	28	00	43	00	02	ff	ff	06	00	
fc	ff	ff	ff	00	00	01	00	f7	00	
51	00	36	00	51	00	36	00	36	00	
02	54	00	01	00	00	00	30	d2	17	
3f	00	00	d4	41	d8	77	10	58	39	
3e	01	00	00	00	00	00	0b	04	00	
0a	d7	23	3c	cc	cc	cc	bc	8f	c2	
f5	3c	03	03	03	03	03	03	