55	45	4c	59	53	59	53	08	1a	c0	
9c	00	c9	00	0f	a0	e5	b7	d3	03	
00	87	04	00	00	21	01	01	01	01	
01	ed	00	01	00	00	00	1c	01	02	
00	00	00	64	00	4f	00	01	01	00	
00	00	00	f5	00	fa	00	03	99	ff	
97	74	07	00	00	04	00	1d	47	00	
00	0f	01	00	00	24	00	8e	fe	53	
01	01	00	00	00	01	00	03	00	04	
00	02	00	05	00	02	00	02	00	01	
00	01	00	00	00	00	00	00	00	00	
00	03	00	02	00	ff	ff	06	00	08	
00	03	00	14	01	28	00	28	00	43	
00	51	00	1b	00	02	ff	ff	06	00	
fc	ff	ff	ff	00	00	01	00	d8	00	
36	00	36	00	43	00	1b	00	36	00	
02	54	00	01	00	00	00	db	2c	f2	
3e	00	00	bc	41	9d	74	87	16	d9	
3d	01	00	00	00	00	00	0f	04	00	
0a	d7	23	3c	cc	cc	cc	bc	b8	1e	
05	3d	03	03	03	03	03	03	