55	45	4c	59	53	59	53	08	1a	c1	
48	00	c9	00	0f	71	98	3f	a6	04	
00	2a	02	00	00	21	01	01	01	01	
01	e2	00	01	00	00	00	54	01	02	
00	00	00	64	00	4f	00	01	01	00	
00	00	00	27	01	2a	01	03	77	ff	
13	7c	07	00	00	04	00	11	1e	01	
00	0f	01	00	00	1e	00	8e	fe	58	
01	01	00	00	00	01	00	03	00	04	
00	02	00	57	01	02	00	02	00	01	
00	01	00	00	00	00	00	00	01	00	
00	03	00	02	00	ff	ff	06	00	08	
00	03	00	04	01	43	00	43	00	43	
00	36	00	51	00	02	ff	ff	06	00	
fc	ff	ff	ff	00	00	01	00	f7	00	
5e	00	44	00	5e	00	51	00	51	00	
02	54	00	01	00	00	00	2b	23	38	
3f	00	00	e4	41	fb	7b	6f	12	83	
bd	01	00	00	00	00	00	0f	04	00	
0a	d7	23	3c	7b	14	2e	bd	b8	1e	
05	3d	03	03	03	03	03	03	