55	45	4c	59	53	59	53	08	1a	c0	
55	00	c9	00	0f	50	08	02	7b	01	
00	7e	00	00	00	21	01	01	01	01	
01	e2	00	01	00	00	00	68	01	02	
00	00	00	64	00	4f	00	01	01	00	
00	00	00	22	01	26	01	03	ab	fe	
e7	75	07	00	00	04	00	14	73	02	
00	2c	01	00	00	1c	00	d5	01	5a	
01	01	00	00	00	01	00	03	00	04	
00	02	00	05	00	cb	00	02	00	01	
01	01	00	00	00	00	00	00	00	01	
00	02	00	02	00	fe	ff	06	00	08	
00	03	00	04	01	43	00	43	00	43	
00	36	00	51	00	02	fe	ff	06	00	
fd	ff	ff	ff	00	00	01	00	f7	00	
5e	00	36	00	5e	00	36	00	44	00	
02	54	00	01	00	00	00	87	53	0c	
3f	00	00	dd	41	dd	75	0e	2d	b2	
3e	01	00	00	00	00	00	0b	04	00	
8f	c2	75	3c	8f	c2	f5	bc	29	5c	
0f	3d	03	03	03	03	03	03	