55	45	4c	59	53	59	53	08	1a	c0	
e3	00	c9	00	0f	66	6c	d5	db	02	
00	9c	01	00	00	21	01	01	01	01	
01	ec	00	00	01	00	00	2a	01	02	
00	00	00	64	00	4f	00	01	01	00	
00	00	00	04	01	06	01	03	76	ff	
88	7a	07	00	00	04	00	c4	81	00	
00	0f	01	00	00	21	00	8e	fe	54	
01	01	00	00	00	01	00	03	00	04	
00	02	00	5d	01	02	00	02	00	01	
00	01	00	00	00	00	00	00	01	00	
00	03	00	02	00	ff	ff	06	00	08	
00	03	00	f5	00	43	00	36	00	35	
00	28	00	51	00	02	ff	ff	06	00	
fd	ff	ff	ff	00	00	01	00	e8	00	
51	00	36	00	51	00	36	00	36	00	
02	54	00	01	00	00	00	c5	60	2b	
3f	00	00	cc	41	90	7a	bc	74	13	
3e	01	00	00	00	00	00	0f	04	00	
0a	d7	23	3c	8f	c2	f5	bc	29	5c	
0f	3d	03	03	03	03	03	03	