55	45	4c	59	53	59	53	08	1a	c2	
e2	00	c9	00	0f	a1	a4	3f	87	04	
00	91	04	00	00	21	01	01	01	01	
01	e2	00	01	00	00	00	4e	01	02	
00	00	00	64	00	4f	00	01	01	00	
00	00	00	22	01	25	01	03	97	ff	
fa	75	07	00	00	04	00	ff	ed	00	
00	2c	01	00	00	20	00	8e	fe	59	
01	01	00	00	00	01	00	03	00	04	
00	02	00	05	00	02	00	02	00	01	
00	01	00	00	00	00	00	00	00	00	
00	03	00	02	00	ff	ff	06	00	08	
00	03	00	04	01	36	00	43	00	43	
00	36	00	43	00	02	ff	ff	06	00	
fd	ff	ff	ff	00	00	01	00	e8	00	
5e	00	36	00	51	00	44	00	44	00	
02	54	00	01	00	00	00	5e	ff	05	
3f	00	00	e6	41	e6	75	87	16	d9	
3d	01	00	00	00	00	00	0f	04	00	
8f	c2	f5	3b	0a	d7	23	bd	99	99	
19	3d	03	03	03	03	03	03	