55	45	4c	59	53	59	53	08	1a	c0	
e7	00	c9	00	0f	da	40	26	cf	07	
00	65	07	00	00	21	01	01	01	01	
01	e3	00	00	01	00	00	41	01	02	
00	00	00	64	00	4f	00	01	01	00	
00	00	00	09	01	0e	01	03	4f	ff	
9b	76	07	00	00	04	00	25	b5	00	
00	0f	01	00	00	20	00	1d	00	59	
01	01	00	b1	00	01	00	03	00	04	
00	02	00	5b	01	02	00	02	00	01	
01	01	00	01	00	00	00	00	01	00	
00	02	00	02	00	ff	ff	06	00	08	
00	03	00	f5	00	36	00	36	00	35	
00	28	00	43	00	02	fe	ff	06	00	
fc	ff	ff	ff	00	00	01	00	e8	00	
51	00	36	00	51	00	36	00	36	00	
02	54	00	01	00	00	00	6f	cc	0d	
3f	00	00	cc	41	a2	76	10	58	39	
3e	01	00	00	00	00	00	0b	04	00	
0a	d7	a3	3b	8f	c2	f5	bc	b8	1e	
05	3d	03	03	03	03	03	03	