55	45	4c	59	53	59	53	08	1a	c0	
55	00	c9	00	0f	50	08	14	9b	01	
00	7e	00	00	00	21	01	01	01	01	
01	e2	00	01	00	00	00	49	01	02	
00	00	00	64	00	4f	00	01	01	00	
00	00	00	1d	01	22	01	03	7a	ff	
bc	7b	07	00	00	04	00	16	3c	02	
00	0f	01	00	00	1c	00	8e	fe	52	
01	01	00	00	00	01	00	03	00	04	
00	57	01	05	00	02	00	02	00	01	
00	01	00	00	00	00	00	01	00	00	
00	03	00	02	00	fe	ff	06	00	08	
00	03	00	04	01	43	00	43	00	43	
00	36	00	51	00	02	fe	ff	06	00	
fc	ff	ff	ff	00	00	01	00	f7	00	
51	00	36	00	5e	00	36	00	36	00	
02	54	00	01	00	00	00	cc	71	2d	
3f	00	00	ee	41	a2	7b	96	43	8b	
be	01	00	00	00	00	00	0f	04	00	
8f	c2	75	3c	29	5c	0f	bd	8f	c2	
f5	3c	03	03	03	03	03	03	