55	45	4c	59	53	59	53	08	1a	c0	
13	00	c9	00	0f	48	4c	02	b5	01	
00	1b	00	00	00	21	01	01	01	01	
01	e2	00	01	00	00	00	47	01	02	
00	00	00	64	00	4f	00	01	01	00	
00	00	00	1a	01	1f	01	03	63	ff	
d5	77	07	00	00	04	00	d1	7a	02	
00	2c	01	00	00	1f	00	18	00	59	
01	01	00	00	00	01	00	03	00	04	
00	02	00	05	00	d5	00	02	00	01	
01	01	00	00	00	00	00	00	00	01	
00	02	00	02	00	ff	ff	06	00	07	
00	03	00	f5	00	43	00	43	00	43	
00	36	00	43	00	02	fe	ff	06	00	
fc	ff	ff	ff	00	00	01	00	f7	00	
51	00	44	00	5e	00	44	00	36	00	
02	54	00	01	00	00	00	bf	3a	1b	
3f	00	00	dc	41	e2	77	0a	d7	23	
3e	01	00	00	00	00	00	0b	04	00	
0a	d7	23	3c	99	99	19	bd	cc	cc	
cc	3c	03	03	03	03	03	03	