55	45	4c	59	53	59	53	08	1a	c0	
06	00	c9	00	0f	e8	8c	a4	75	11	
00	17	08	00	00	21	01	01	01	01	
01	ec	00	00	01	00	00	35	01	02	
00	00	00	64	00	4f	00	01	01	00	
00	00	00	04	01	08	01	03	2f	ff	
33	75	07	00	00	04	00	53	a5	00	
00	0f	01	00	00	1f	00	22	00	66	
04	01	00	00	00	01	00	03	00	04	
00	02	00	05	00	02	00	02	00	01	
01	01	00	00	00	00	00	00	00	00	
00	03	00	02	00	fe	ff	06	00	08	
00	03	00	f5	00	36	00	43	00	35	
00	28	00	43	00	02	fe	ff	06	00	
fd	ff	ff	ff	00	00	01	00	e8	00	
51	00	36	00	51	00	36	00	36	00	
02	54	00	01	00	00	00	0a	83	ff	
3e	00	00	ca	41	3d	75	f4	fd	54	
3e	01	00	00	00	00	00	0b	04	00	
8f	c2	f5	3b	8f	c2	f5	bc	8f	c2	
f5	3c	03	03	03	03	03	03	