55	45	4c	59	53	59	53	08	1a	c1	
e6	00	c9	00	0f	c7	91	b9	e3	03	
00	76	06	00	00	21	01	01	01	01	
01	ed	00	01	00	00	00	1e	01	02	
00	00	00	64	00	4f	00	01	01	00	
00	00	00	f7	00	fc	00	03	96	ff	
de	71	07	00	00	04	00	6c	20	00	
00	2c	01	00	00	22	00	8e	fe	53	
01	01	00	00	00	01	00	03	00	04	
00	02	00	05	00	02	00	02	00	01	
00	01	00	00	00	00	00	00	00	00	
00	03	00	02	00	ff	ff	06	00	08	
00	03	00	14	01	28	00	1b	00	43	
00	43	00	1b	00	02	ff	ff	06	00	
fd	ff	ff	ff	00	00	01	00	d8	00	
36	00	36	00	43	00	1b	00	36	00	
02	54	00	01	00	00	00	67	b7	b3	
3e	00	00	be	41	de	71	87	16	d9	
3d	01	00	00	00	00	00	0f	04	00	
cc	cc	4c	3c	29	5c	0f	bd	29	5c	
0f	3d	03	03	03	03	03	03	