55	45	4c	59	53	59	53	08	1a	c0	
29	00	c9	00	0f	4a	e0	16	9c	01	
00	3c	00	00	00	21	01	01	01	01	
01	e2	00	01	00	00	00	4a	01	02	
00	00	00	64	00	4f	00	01	01	00	
00	00	00	1f	01	23	01	03	77	ff	
e2	7a	07	00	00	04	00	3f	41	02	
00	0f	01	00	00	1d	00	8f	fe	53	
01	01	00	00	00	01	00	03	00	04	
00	4b	01	05	00	02	00	02	00	01	
00	01	00	00	00	00	00	01	00	00	
00	02	00	02	00	ff	ff	06	00	07	
00	03	00	04	01	43	00	51	00	43	
00	36	00	43	00	02	fe	ff	06	00	
fc	ff	ff	ff	00	00	01	00	f7	00	
51	00	44	00	5e	00	36	00	36	00	
02	54	00	01	00	00	00	ba	55	1e	
3f	00	00	f6	41	bb	7a	a2	45	16	
bf	01	00	00	00	00	00	0f	04	00	
29	5c	8f	3c	29	5c	0f	bd	cc	cc	
cc	3c	03	03	03	03	03	03	