55	45	4c	59	53	59	53	08	1a	c1	
cf	00	c9	00	0f	c4	df	b7	d1	03	
00	54	06	00	00	21	01	01	01	01	
01	ed	00	01	00	00	00	1e	01	02	
00	00	00	64	00	4f	00	01	01	00	
00	00	00	fa	00	fc	00	03	95	ff	
0b	72	07	00	00	04	00	1f	23	00	
00	0f	01	00	00	22	00	8e	fe	6f	
01	01	00	00	00	01	00	03	00	04	
00	02	00	05	00	02	00	02	00	01	
00	01	00	00	00	00	00	00	00	00	
00	03	00	02	00	fe	ff	06	00	08	
00	03	00	14	01	28	00	28	00	43	
00	43	00	28	00	02	ff	ff	06	00	
fd	ff	ff	ff	00	00	01	00	e8	00	
36	00	36	00	43	00	28	00	28	00	
02	54	00	01	00	00	00	66	c9	b7	
3e	00	00	be	41	0a	72	f8	53	e3	
3d	01	00	00	00	00	00	0f	04	00	
cc	cc	4c	3c	cc	cc	cc	bc	8f	c2	
f5	3c	03	03	03	03	03	03	