55	45	4c	59	53	59	53	08	1a	c0	
79	00	c9	00	0f	54	40	04	b5	01	
00	b4	00	00	00	21	01	01	01	01	
01	e2	00	01	00	00	00	62	01	02	
00	00	00	64	00	4f	00	01	01	00	
00	00	00	24	01	29	01	03	d6	fe	
79	75	07	00	00	04	00	db	6e	02	
00	2c	01	00	00	1b	00	21	00	8e	
04	01	00	00	00	01	00	03	00	04	
00	02	00	05	00	c2	01	02	00	01	
01	01	00	00	00	00	00	00	00	01	
00	03	00	02	00	fe	ff	06	00	08	
00	03	00	04	01	43	00	43	00	43	
00	36	00	51	00	02	fe	ff	06	00	
fd	ff	ff	ff	00	00	01	00	f7	00	
5e	00	44	00	5e	00	36	00	36	00	
02	54	00	01	00	00	00	20	68	06	
3f	00	00	de	41	72	75	dd	24	86	
3e	01	00	00	00	00	00	0b	04	00	
cc	cc	4c	3c	29	5c	0f	bd	0a	d7	
23	3d	03	03	03	03	03	03	