55	45	4c	59	53	59	53	08	1a	c0	
5c	00	c9	00	0f	50	da	02	b6	01	
00	88	00	00	00	21	01	01	01	01	
01	e2	00	01	00	00	00	67	01	02	
00	00	00	64	00	4f	00	01	01	00	
00	00	00	24	01	27	01	03	60	ff	
00	76	07	00	00	04	00	42	72	02	
00	0f	01	00	00	1b	00	1e	00	5c	
01	01	00	00	00	01	00	03	00	04	
00	02	00	05	00	cb	00	02	00	01	
01	01	00	00	00	00	00	00	00	01	
00	03	00	02	00	ff	ff	06	00	08	
00	03	00	04	01	43	00	43	00	43	
00	36	00	51	00	02	fe	ff	06	00	
fc	ff	ff	ff	00	00	01	00	f7	00	
51	00	44	00	5e	00	44	00	36	00	
02	54	00	01	00	00	00	60	af	0a	
3f	00	00	dd	41	ef	75	c3	f5	28	
3e	01	00	00	00	00	00	0b	04	00	
cc	cc	4c	3c	29	5c	0f	bd	8f	c2	
f5	3c	03	03	03	03	03	03	