08	1a	c0	13	00	c9	00	0f	48	4c	
0c	97	55	45	4c	59	53	59	53	01	
00	1b	00	00	00	21	01	01	01	01	
01	e2	00	01	00	00	00	47	01	02	
00	00	00	64	00	4f	00	01	01	00	
00	00	00	1d	01	1f	01	03	9d	ff	
1d	7a	07	00	00	04	00	66	8f	02	
00	0f	01	00	00	1e	00	8e	fe	52	
01	01	00	00	00	01	00	03	00	04	
00	02	00	05	00	02	00	02	00	01	
00	01	00	00	00	00	00	00	00	00	
00	03	00	02	00	fe	ff	06	00	08	
00	03	00	04	01	43	00	43	00	43	
00	36	00	43	00	02	fe	ff	06	00	
fc	ff	ff	ff	00	00	01	00	f7	00	
51	00	36	00	5e	00	36	00	44	00	
02	54	00	01	00	00	00	39	45	2c	
3f	00	00	d8	41	25	7a	17	d9	ce	
3d	01	00	00	00	00	00	0f	04	00	
0a	d7	23	3c	ad	47	e1	bc	8f	c2	
f5	3c	03	03	03	03	03	03	