08	1a	c0	26	00	c9	00	0f	4a	86	
0c	8f	55	45	4c	59	53	59	53	01	
00	37	00	00	00	21	01	01	01	01	
01	e2	00	01	00	00	00	49	01	02	
00	00	00	64	00	4f	00	01	01	00	
00	00	00	1d	01	20	01	03	9c	ff	
f5	79	07	00	00	04	00	2c	8d	02	
00	2c	01	00	00	1a	00	8e	fe	53	
01	01	00	00	00	01	00	03	00	04	
00	02	00	05	00	02	00	02	00	01	
00	01	00	00	00	00	00	00	00	00	
00	02	00	02	00	ff	ff	06	00	08	
00	03	00	04	01	43	00	43	00	43	
00	36	00	43	00	02	fe	ff	06	00	
fd	ff	ff	ff	00	00	01	00	e8	00	
51	00	36	00	51	00	36	00	36	00	
02	54	00	01	00	00	00	f2	96	2a	
3f	00	00	d8	41	e5	79	87	16	d9	
3d	01	00	00	00	00	00	0f	04	00	
8f	c2	75	3c	99	99	19	bd	29	5c	
0f	3d	03	03	03	03	03	03	