55	45	4c	59	53	59	53	08	1a	c2	
a9	00	c9	00	0f	de	6b	b9	d0	03	
00	9b	07	00	00	21	01	01	01	01	
01	ed	00	01	00	00	00	24	01	02	
00	00	00	64	00	4f	00	01	01	00	
00	00	00	01	01	05	01	03	9c	ff	
34	7b	07	00	00	04	00	90	09	00	
00	0f	01	00	00	21	00	8e	fe	53	
01	01	00	00	00	01	00	03	00	04	
00	02	00	05	00	02	00	02	00	01	
00	01	00	00	00	00	00	00	00	00	
00	03	00	02	00	ff	ff	06	00	08	
00	03	00	14	01	36	00	28	00	43	
00	43	00	28	00	02	ff	ff	06	00	
fd	ff	ff	ff	00	00	01	00	e8	00	
36	00	44	00	43	00	28	00	36	00	
02	54	00	01	00	00	00	37	76	23	
3f	00	00	dd	41	0b	7b	0c	02	eb	
be	01	00	00	00	00	00	0f	04	00	
0a	d7	a3	3b	b8	1e	05	bd	8f	c2	
f5	3c	03	03	03	03	03	03	