55	45	4c	59	53	59	53	08	1a	c1	
ef	00	c9	00	0f	85	d4	d5	e8	02	
00	2e	03	00	00	21	01	01	01	01	
01	ec	00	00	01	00	00	20	01	02	
00	00	00	64	00	4f	00	01	01	00	
00	00	00	f7	00	fc	00	03	9a	ff	
cb	76	07	00	00	04	00	58	62	00	
00	2c	01	00	00	21	00	8e	fe	53	
01	01	00	00	00	01	00	03	00	04	
00	02	00	05	00	02	00	02	00	01	
00	01	00	00	00	00	00	00	00	00	
00	03	00	02	00	fe	ff	06	00	08	
00	03	00	f5	00	36	00	36	00	35	
00	28	00	43	00	02	ff	ff	06	00	
fd	ff	ff	ff	00	00	01	00	e8	00	
51	00	36	00	51	00	36	00	36	00	
02	54	00	01	00	00	00	8c	b9	0f	
3f	00	00	c1	41	ce	76	17	d9	ce	
3d	01	00	00	00	00	00	0f	04	00	
0a	d7	23	3b	eb	51	b8	bc	b8	1e	
05	3d	03	03	03	03	03	03	