55	45	4c	59	53	59	53	08	1a	c3	
7a	00	c9	00	0f	ae	5e	16	7b	01	
00	35	05	00	00	21	01	01	01	01	
01	e2	00	01	00	00	00	3d	01	02	
00	00	00	64	00	4f	00	01	01	00	
00	00	00	10	01	13	01	03	96	ff	
29	73	07	00	00	04	00	75	a0	01	
00	2c	01	00	00	1a	00	8e	fe	79	
01	01	00	00	00	01	00	03	00	04	
00	02	00	05	00	02	00	02	00	01	
00	01	00	00	00	00	00	00	00	00	
00	02	00	02	00	ff	ff	06	00	08	
00	03	00	f5	00	43	00	43	00	43	
00	28	00	43	00	02	fe	ff	06	00	
fd	ff	ff	ff	00	00	01	00	e8	00	
51	00	36	00	51	00	36	00	36	00	
02	54	00	01	00	00	00	6c	73	d3	
3e	00	00	ce	41	30	73	87	16	d9	
3d	01	00	00	00	00	00	0f	04	00	
cc	cc	4c	3c	0a	d7	23	bd	cc	cc	
cc	3c	03	03	03	03	03	03	