55	45	4c	59	53	59	53	08	1a	c0	
36	00	c9	00	0f	4c	66	16	83	01	
00	4f	00	00	00	21	01	01	01	01	
01	e2	00	01	00	00	00	5d	01	02	
00	00	00	64	00	4f	00	01	01	00	
00	00	00	1f	01	22	01	03	9c	ff	
dd	7b	07	00	00	04	00	79	02	02	
00	0f	01	00	00	1a	00	8e	fe	5a	
01	01	00	00	00	01	00	03	00	04	
00	02	00	05	00	02	00	02	00	01	
00	01	00	00	00	00	00	00	00	00	
00	03	00	02	00	fe	ff	06	00	08	
00	03	00	04	01	43	00	43	00	43	
00	36	00	51	00	02	fe	ff	06	00	
fd	ff	ff	ff	00	00	01	00	f7	00	
5e	00	36	00	5e	00	44	00	36	00	
02	54	00	01	00	00	00	72	be	3a	
3f	00	00	dd	41	c6	7b	87	16	d9	
3d	01	00	00	00	00	00	0f	04	00	
8f	c2	75	3c	8f	c2	f5	bc	29	5c	
0f	3d	03	03	03	03	03	03	