55	45	4c	59	53	59	53	08	1a	c0	
57	00	c9	00	d2	9f	ce	7a	4d	01	
00	81	00	00	00	21	01	01	01	01	
01	e2	00	01	00	00	00	57	01	02	
00	00	00	64	00	4f	00	01	01	00	
00	00	00	1f	01	24	01	03	6d	ff	
8e	72	07	00	00	04	00	5d	52	02	
00	0f	01	00	00	1f	00	8e	fe	58	
01	01	00	00	00	01	00	03	00	04	
00	54	01	05	00	02	00	02	00	01	
00	01	00	00	00	00	00	01	00	00	
00	03	00	02	00	ff	ff	06	00	08	
00	03	00	04	01	43	00	43	00	43	
00	36	00	51	00	02	fe	ff	06	00	
fc	ff	ff	ff	00	00	01	00	f7	00	
5e	00	36	00	5e	00	36	00	44	00	
02	54	00	01	00	00	00	67	cb	c6	
3e	00	00	dd	41	7e	72	2d	b2	1d	
3e	01	00	00	00	00	00	0b	04	00	
0a	d7	a3	3b	99	99	19	bd	b8	1e	
05	3d	03	03	03	03	03	03	