55	45	4c	59	53	59	53	08	1a	c1	
9f	00	c9	00	0f	7c	74	d5	d5	02	
00	b6	02	00	00	21	01	01	01	01	
01	ec	00	00	01	00	00	23	01	02	
00	00	00	64	00	4f	00	01	01	00	
00	00	00	fc	00	ff	00	03	9b	ff	
b5	77	07	00	00	04	00	b9	6b	00	
00	0f	01	00	00	24	00	8e	fe	57	
01	01	00	00	00	01	00	03	00	04	
00	02	00	05	00	02	00	02	00	01	
00	01	00	00	00	00	00	00	00	00	
00	03	00	02	00	fe	ff	06	00	08	
00	03	00	f5	00	36	00	36	00	35	
00	36	00	43	00	02	fe	ff	06	00	
fd	ff	ff	ff	00	00	01	00	e8	00	
51	00	36	00	51	00	36	00	36	00	
02	54	00	01	00	00	00	2a	6d	17	
3f	00	00	c2	41	b6	77	87	16	d9	
3d	01	00	00	00	00	00	0f	04	00	
0a	d7	23	3b	8f	c2	f5	bc	8f	c2	
f5	3c	03	03	03	03	03	03	