55	45	4c	59	53	59	53	08	1a	c3	
7d	00	c9	00	0f	ae	b8	18	91	01	
00	3a	05	00	00	21	01	01	01	01	
01	e2	00	01	00	00	00	3e	01	02	
00	00	00	64	00	4f	00	01	01	00	
00	00	00	10	01	13	01	03	96	ff	
22	73	07	00	00	04	00	1b	a0	01	
00	2c	01	00	00	20	00	8e	fe	59	
01	01	00	00	00	01	00	03	00	04	
00	02	00	05	00	02	00	02	00	01	
00	01	00	00	00	00	00	00	00	00	
00	03	00	02	00	ff	ff	06	00	08	
00	03	00	f5	00	43	00	36	00	35	
00	28	00	43	00	02	fe	ff	06	00	
fd	ff	ff	ff	00	00	01	00	e8	00	
51	00	36	00	5e	00	36	00	36	00	
02	54	00	01	00	00	00	16	d5	d2	
3e	00	00	ce	41	27	73	87	16	d9	
3d	01	00	00	00	00	00	0f	04	00	
cc	cc	4c	3c	8f	c2	f5	bc	8f	c2	
f5	3c	03	03	03	03	03	03	