55	45	4c	59	53	59	53	08	1a	c0	
2c	00	c9	00	0f	4b	3a	04	b3	01	
00	40	00	00	00	21	01	01	01	01	
01	e2	00	01	00	00	00	48	01	02	
00	00	00	64	00	4f	00	01	01	00	
00	00	00	1d	01	20	01	03	ac	fe	
06	77	07	00	00	04	00	e3	77	02	
00	0f	01	00	00	1a	00	d7	01	5a	
01	01	00	00	00	01	00	03	00	04	
00	02	00	05	00	cb	00	02	00	01	
01	01	00	00	00	00	00	00	00	01	
00	03	00	02	00	ff	ff	06	00	08	
00	03	00	f5	00	43	00	43	00	43	
00	36	00	51	00	02	fe	ff	06	00	
fc	ff	ff	ff	00	00	01	00	e8	00	
51	00	36	00	5e	00	36	00	36	00	
02	54	00	01	00	00	00	f7	0f	17	
3f	00	00	dc	41	15	77	b2	9d	af	
3e	01	00	00	00	00	00	0b	04	00	
29	5c	8f	3c	b8	1e	05	bd	8f	c2	
f5	3c	03	03	03	03	03	03	