55	45	4c	59	53	59	53	08	1a	c0	
2b	00	c9	00	0f	4b	1c	14	9c	01	
00	3f	00	00	00	21	01	01	01	01	
01	e2	00	01	00	00	00	4a	01	02	
00	00	00	64	00	4f	00	01	01	00	
00	00	00	1f	01	23	01	03	77	ff	
f2	7a	07	00	00	04	00	03	41	02	
00	0f	01	00	00	1d	00	8e	fe	6d	
01	01	00	00	00	01	00	03	00	04	
00	57	01	05	00	02	00	02	00	01	
00	01	00	00	00	00	00	01	00	00	
00	03	00	02	00	ff	ff	06	00	08	
00	03	00	f5	00	43	00	43	00	43	
00	36	00	51	00	02	fe	ff	06	00	
fc	ff	ff	ff	00	00	01	00	e8	00	
5e	00	44	00	5e	00	36	00	36	00	
02	54	00	01	00	00	00	b8	49	1f	
3f	00	00	f6	41	cc	7a	60	e5	10	
bf	01	00	00	00	00	00	0f	04	00	
cc	cc	4c	3c	b8	1e	05	bd	8f	c2	
f5	3c	03	03	03	03	03	03	