55	45	4c	59	53	59	53	08	1a	c0	
09	00	c9	00	0f	48	97	62	b5	03	
00	1e	00	00	00	11	01	01	01	01	
01	e2	00	01	00	00	00	4b	01	02	
00	00	00	64	00	4f	00	01	01	00	
00	00	00	1f	01	22	01	03	9c	ff	
6b	7b	07	00	00	04	00	1a	47	01	
00	0f	01	00	00	1e	00	8e	fe	66	
01	01	00	00	00	01	00	03	00	04	
00	02	00	05	00	02	00	02	00	01	
00	01	00	00	00	00	00	00	00	00	
00	03	00	02	00	ff	ff	06	00	08	
00	03	00	e6	00	36	00	43	00	50	
00	36	00	51	00	02	fe	ff	06	00	
fd	ff	ff	ff	00	00	01	00	e8	00	
51	00	44	00	5e	00	44	00	36	00	
02	54	00	01	00	00	00	2d	7d	31	
3f	00	00	e8	41	5b	7b	87	16	d9	
3d	01	00	00	00	00	00	0f	04	00	
29	5c	8f	3c	b8	1e	05	bd	ad	47	
e1	3c	03	03	03	03	03	03	