55	45	4c	59	53	59	53	08	1a	c0	
1e	00	c9	00	0f	c2	b2	26	ac	07	
00	37	06	00	00	21	01	01	01	01	
01	e3	00	00	01	00	00	4c	01	02	
00	00	00	64	00	4f	00	01	01	00	
00	00	00	1d	01	1f	01	03	56	ff	
98	7a	07	00	00	04	00	b6	cc	00	
00	0f	01	00	00	1e	00	1e	00	5b	
01	01	00	b2	00	01	00	03	00	04	
00	02	00	57	01	02	00	02	00	01	
01	01	00	01	00	00	00	00	01	00	
00	03	00	02	00	fe	ff	06	00	08	
00	03	00	04	01	43	00	43	00	35	
00	36	00	51	00	02	ff	ff	06	00	
fd	ff	ff	ff	00	00	01	00	e8	00	
51	00	44	00	5e	00	44	00	36	00	
02	54	00	01	00	00	00	c1	7a	2a	
3f	00	00	e6	41	85	7a	58	39	34	
3e	01	00	00	00	00	00	0b	04	00	
cc	cc	4c	3c	99	99	19	bd	8f	c2	
f5	3c	03	03	03	03	03	03	