55	45	4c	59	53	59	53	08	1a	c0	
09	00	c9	00	0f	e8	e4	91	e7	04	
00	21	08	00	00	21	01	01	01	01	
01	ee	00	01	00	00	00	2f	01	04	
00	00	00	02	00	50	00	01	01	00	
00	00	00	01	01	05	01	03	76	ff	
96	7b	07	00	00	05	00	fc	a1	02	
00	00	00	00	00	20	00	8e	fe	52	
01	01	00	00	00	01	00	03	00	04	
00	02	00	66	01	02	00	02	00	01	
00	01	00	00	00	00	00	00	01	00	
00	02	00	02	00	ff	ff	06	00	08	
00	03	00	f5	00	28	00	28	00	50	
00	36	00	36	00	02	fe	ff	06	00	
fd	ff	ff	ff	00	00	01	00	f7	00	
51	00	51	00	51	00	36	00	36	00	
02	55	00	01	00	00	00	2f	e9	3a	
3f	00	00	ce	41	74	7b	75	93	18	
3e	01	00	00	00	00	00	0f	04	00	
cc	cc	4c	3c	8f	c2	f5	bc	8f	c2	
f5	3c	03	03	03	03	03	03	