55	45	4c	59	53	59	53	08	1a	c3	
1a	00	c9	00	0f	a8	34	3f	98	04	
00	e5	04	00	00	21	01	01	01	01	
01	e2	00	01	00	00	00	4c	01	02	
00	00	00	64	00	4f	00	01	01	00	
00	00	00	22	01	24	01	03	98	ff	
47	75	07	00	00	04	00	6e	e7	00	
00	0f	01	00	00	20	00	8f	fe	5f	
01	01	00	00	00	01	00	03	00	04	
00	02	00	05	00	02	00	02	00	01	
00	01	00	00	00	00	00	00	00	00	
00	03	00	02	00	ff	ff	06	00	08	
00	03	00	04	01	43	00	43	00	43	
00	36	00	51	00	02	fe	ff	06	00	
fc	ff	ff	ff	00	00	01	00	f7	00	
5e	00	36	00	51	00	36	00	36	00	
02	54	00	01	00	00	00	88	12	fe	
3e	00	00	e2	41	34	75	87	16	d9	
3d	01	00	00	00	00	00	0f	04	00	
8f	c2	f5	3b	29	5c	0f	bd	b8	1e	
05	3d	03	03	03	03	03	03	