55	45	4c	59	53	59	53	08	1a	c4	
f4	00	c9	00	0f	da	aa	18	91	01	
00	6c	07	00	00	21	01	01	01	01	
01	e2	00	01	00	00	00	3f	01	02	
00	00	00	64	00	4f	00	01	01	00	
00	00	00	13	01	15	01	03	93	ff	
eb	6f	07	00	00	04	00	23	74	01	
00	2c	01	00	00	1c	00	8e	fe	5b	
01	01	00	00	00	01	00	03	00	04	
00	02	00	05	00	02	00	02	00	01	
00	01	00	00	00	00	00	00	00	00	
00	02	00	02	00	ff	ff	06	00	08	
00	03	00	04	01	43	00	43	00	28	
00	28	00	36	00	02	fe	ff	06	00	
fd	ff	ff	ff	00	00	01	00	e8	00	
51	00	36	00	51	00	36	00	36	00	
02	54	00	01	00	00	00	97	dd	8a	
3e	00	00	d4	41	da	6f	23	db	f9	
3d	01	00	00	00	00	00	0f	04	00	
8f	c2	f5	3b	99	99	19	bd	8f	c2	
f5	3c	03	03	03	03	03	03	