55	45	4c	59	53	59	53	08	1a	c1	
8e	00	c9	00	0f	bd	41	b9	c2	03	
00	f2	05	00	00	21	01	01	01	01	
01	ed	00	01	00	00	00	1d	01	02	
00	00	00	64	00	4f	00	01	01	00	
00	00	00	f7	00	fa	00	03	97	ff	
85	72	07	00	00	04	00	be	2a	00	
00	0f	01	00	00	1f	00	8e	fe	52	
01	01	00	00	00	01	00	03	00	04	
00	02	00	05	00	02	00	02	00	01	
00	01	00	00	00	00	00	00	00	00	
00	03	00	02	00	ff	ff	06	00	08	
00	03	00	14	01	1b	00	1b	00	43	
00	43	00	1b	00	02	ff	ff	06	00	
fd	ff	ff	ff	00	00	01	00	e8	00	
36	00	36	00	43	00	1b	00	28	00	
02	54	00	01	00	00	00	e9	ad	c3	
3e	00	00	bc	41	87	72	f8	53	e3	
3d	01	00	00	00	00	00	0f	04	00	
8f	c2	f5	3b	b8	1e	05	bd	99	99	
19	3d	03	03	03	03	03	03	