55	45	4c	59	53	59	53	08	1a	c2	
47	00	c9	00	0f	8f	7a	3f	98	04	
00	a9	03	00	00	21	01	01	01	01	
01	e2	00	01	00	00	00	67	01	02	
00	00	00	64	00	4f	00	01	01	00	
00	00	00	40	01	44	01	03	9a	ff	
b8	77	07	00	00	04	00	2b	00	01	
00	0f	01	00	00	20	00	8e	fe	5a	
01	01	00	00	00	01	00	03	00	04	
00	02	00	05	00	02	00	02	00	01	
00	01	00	00	00	00	00	00	00	00	
00	03	00	02	00	ff	ff	06	00	08	
00	03	00	04	01	51	00	51	00	50	
00	36	00	51	00	02	ff	ff	06	00	
fd	ff	ff	ff	00	00	01	00	f7	00	
5e	00	44	00	5e	00	44	00	44	00	
02	54	00	01	00	00	00	74	37	15	
3f	00	00	fa	41	99	77	17	d9	ce	
3d	01	00	00	00	00	00	0f	04	00	
0a	d7	23	3c	0a	d7	23	bd	8f	c2	
f5	3c	03	03	03	03	03	03	