55	45	4c	59	53	59	53	08	1a	c0	
04	00	c9	00	0f	e4	d3	88	eb	0b	
00	ea	07	00	00	21	01	01	01	01	
01	e7	00	01	00	00	00	2f	01	02	
00	00	00	64	00	4f	00	01	01	00	
00	00	00	04	01	08	01	03	af	ff	
b6	75	07	00	00	04	00	df	a9	00	
00	0f	01	00	00	90	00	5a	ff	5f	
01	01	00	00	00	01	00	03	00	04	
00	02	00	05	00	02	00	02	00	00	
00	01	00	00	00	00	00	00	00	00	
00	02	00	02	00	ff	ff	06	00	08	
00	03	00	f5	00	36	00	36	00	35	
00	28	00	43	00	02	ff	ff	06	00	
fd	ff	ff	ff	00	00	01	00	e8	00	
51	00	36	00	51	00	36	00	36	00	
02	54	00	01	00	00	00	43	28	03	
3f	00	00	cc	41	ba	75	ec	51	b8	
3d	01	00	00	00	00	00	0f	00	00	
00	00	00	00	00	00	00	00	00	00	
00	00	00	00	00	00	00	00	