55	45	4c	59	53	59	53	08	1a	c1	
1a	00	c9	00	0f	6c	34	3f	97	04	
00	e5	01	00	00	21	01	01	01	01	
01	e2	00	01	00	00	00	5e	01	02	
00	00	00	64	00	4f	00	01	01	00	
00	00	00	27	01	2a	01	03	77	ff	
ce	7b	07	00	00	04	00	75	23	01	
00	0f	01	00	00	21	00	8e	fe	59	
01	01	00	00	00	01	00	03	00	04	
00	02	00	55	01	02	00	02	00	01	
00	01	00	00	00	00	00	00	01	00	
00	03	00	02	00	ff	ff	06	00	08	
00	03	00	04	01	43	00	43	00	43	
00	28	00	51	00	02	ff	ff	06	00	
fd	ff	ff	ff	00	00	01	00	e8	00	
51	00	36	00	5e	00	44	00	36	00	
02	54	00	01	00	00	00	f0	7a	34	
3f	00	00	e4	41	b4	7b	6f	12	03	
be	01	00	00	00	00	00	0f	04	00	
0a	d7	a3	3b	99	99	19	bd	7b	14	
2e	3d	03	03	03	03	03	03	