55	45	4c	59	53	59	53	08	1a	c0	
bb	00	c9	00	0f	a4	87	b7	d1	03	
00	b6	04	00	00	21	01	01	01	01	
01	ed	00	01	00	00	00	1c	01	02	
00	00	00	64	00	4f	00	01	01	00	
00	00	00	f5	00	f9	00	03	98	ff	
4e	74	07	00	00	04	00	7b	43	00	
00	0f	01	00	00	20	00	8e	fe	52	
01	01	00	00	00	01	00	03	00	04	
00	02	00	05	00	02	00	02	00	01	
00	01	00	00	00	00	00	00	00	00	
00	03	00	02	00	ff	ff	06	00	08	
00	03	00	14	01	28	00	28	00	43	
00	43	00	1b	00	02	ff	ff	06	00	
fc	ff	ff	ff	00	00	01	00	e8	00	
36	00	36	00	43	00	28	00	36	00	
02	54	00	01	00	00	00	cd	2a	ec	
3e	00	00	bc	41	4d	74	87	16	d9	
3d	01	00	00	00	00	00	0f	04	00	
0a	d7	23	3b	8f	c2	f5	bc	29	5c	
0f	3d	03	03	03	03	03	03	