55	45	4c	59	53	59	53	08	1a	c1	
7f	00	c9	00	0f	78	0a	3f	a7	04	
00	7d	02	00	00	21	01	01	01	01	
01	e2	00	01	00	00	00	51	01	02	
00	00	00	64	00	4f	00	01	01	00	
00	00	00	24	01	28	01	03	77	ff	
b6	7b	07	00	00	04	00	9e	17	01	
00	0f	01	00	00	1d	00	8e	fe	5a	
01	01	00	00	00	01	00	03	00	04	
00	02	00	55	01	02	00	02	00	01	
00	01	00	00	00	00	00	00	01	00	
00	03	00	02	00	ff	ff	06	00	08	
00	03	00	f5	00	43	00	43	00	43	
00	36	00	51	00	02	fe	ff	06	00	
fd	ff	ff	ff	00	00	01	00	f7	00	
5e	00	36	00	5e	00	44	00	36	00	
02	54	00	01	00	00	00	3e	c8	38	
3f	00	00	e2	41	a2	7b	df	4f	0d	
3e	01	00	00	00	00	00	0f	04	00	
8f	c2	f5	3b	99	99	19	bd	8f	c2	
f5	3c	03	03	03	03	03	03	