55	45	4c	59	53	59	53	08	1a	c2	
12	00	c9	00	0f	cc	b9	b7	d1	03	
00	b8	06	00	00	21	01	01	01	01	
01	ed	00	01	00	00	00	1f	01	02	
00	00	00	64	00	4f	00	01	01	00	
00	00	00	fa	00	fd	00	03	95	ff	
85	71	07	00	00	04	00	44	1b	00	
00	0f	01	00	00	22	00	8e	fe	53	
01	01	00	00	00	01	00	03	00	04	
00	02	00	05	00	02	00	02	00	01	
00	01	00	00	00	00	00	00	00	00	
00	03	00	02	00	ff	ff	06	00	08	
00	03	00	14	01	28	00	28	00	43	
00	43	00	1b	00	02	ff	ff	06	00	
fd	ff	ff	ff	00	00	01	00	d8	00	
36	00	36	00	43	00	28	00	36	00	
02	54	00	01	00	00	00	45	ce	ab	
3e	00	00	c0	41	85	71	f8	53	e3	
3d	01	00	00	00	00	00	0f	04	00	
8f	c2	f5	3b	29	5c	0f	bd	8f	c2	
f5	3c	03	03	03	03	03	03	