55	45	4c	59	53	59	53	08	1a	c1	
80	00	c9	00	0f	bb	9d	b9	e1	03	
00	dd	05	00	00	21	01	01	01	01	
01	ed	00	01	00	00	00	1d	01	02	
00	00	00	64	00	4f	00	01	01	00	
00	00	00	f7	00	fa	00	03	96	ff	
9f	72	07	00	00	04	00	62	2c	00	
00	2c	01	00	00	1f	00	8e	fe	6a	
01	01	00	00	00	01	00	03	00	04	
00	02	00	05	00	02	00	02	00	01	
00	01	00	00	00	00	00	00	00	00	
00	02	00	02	00	ff	ff	06	00	08	
00	03	00	14	01	28	00	28	00	43	
00	43	00	1b	00	02	fe	ff	06	00	
fd	ff	ff	ff	00	00	01	00	d8	00	
36	00	36	00	43	00	28	00	36	00	
02	54	00	01	00	00	00	ea	3b	c6	
3e	00	00	bc	41	a2	72	87	16	d9	
3d	01	00	00	00	00	00	0f	04	00	
0a	d7	a3	3b	8f	c2	f5	bc	8f	c2	
f5	3c	03	03	03	03	03	03	