55	45	4c	59	53	59	53	08	1a	c0	
7b	00	c9	00	0f	54	7c	16	90	01	
00	b7	00	00	00	21	01	01	01	01	
01	e2	00	01	00	00	00	48	01	02	
00	00	00	64	00	4f	00	01	01	00	
00	00	00	1d	01	21	01	03	78	ff	
1e	7c	07	00	00	04	00	a2	37	02	
00	0f	01	00	00	1b	00	8e	fe	51	
01	01	00	00	00	01	00	03	00	04	
00	56	01	05	00	02	00	02	00	01	
00	01	00	00	00	00	00	01	00	00	
00	03	00	02	00	ff	ff	06	00	08	
00	03	00	f5	00	43	00	43	00	43	
00	36	00	51	00	02	fe	ff	06	00	
fc	ff	ff	ff	00	00	01	00	f7	00	
5e	00	51	00	6c	00	51	00	51	00	
02	54	00	01	00	00	00	bc	f7	33	
3f	00	00	e9	41	04	7c	27	31	08	
be	01	00	00	00	00	00	0f	04	00	
cc	cc	4c	3c	0a	d7	23	bd	29	5c	
0f	3d	03	03	03	03	03	03	