55	45	4c	59	53	59	53	08	1a	c0	
18	00	c9	00	0f	ea	a6	91	cc	04	
00	37	08	00	00	21	01	01	01	01	
01	ee	00	01	00	00	00	31	01	04	
00	00	00	02	00	50	00	01	01	00	
00	00	00	04	01	06	01	03	79	ff	
59	7b	07	00	00	05	00	39	a0	02	
00	00	00	00	00	1e	00	8e	fe	5a	
01	01	00	00	00	01	00	03	00	04	
00	4b	01	05	00	02	00	02	00	01	
00	01	00	00	00	00	00	01	00	00	
00	02	00	02	00	ff	ff	06	00	08	
00	03	00	f5	00	28	00	28	00	50	
00	36	00	36	00	02	ff	ff	06	00	
fd	ff	ff	ff	00	00	01	00	e8	00	
36	00	36	00	28	00	44	00	44	00	
02	55	00	01	00	00	00	0e	81	38	
3f	00	00	cc	41	49	7b	bc	74	13	
3e	01	00	00	00	00	00	0f	04	00	
0a	d7	23	3c	0a	d7	a3	bc	ad	47	
e1	3c	03	03	03	03	03	03	