55	45	4c	59	53	59	53	08	1a	c0	
23	00	c9	00	0f	4a	2c	04	94	01	
00	33	00	00	00	21	01	01	01	01	
01	ec	00	00	01	00	00	2e	01	02	
00	00	00	64	00	4f	00	01	01	00	
00	00	00	04	01	08	01	03	5a	ff	
7d	74	07	00	00	04	00	1b	9e	00	
00	0f	01	00	00	1f	00	8e	fe	52	
01	01	00	b1	00	01	00	03	00	04	
00	02	00	60	01	02	00	02	00	01	
00	01	00	01	00	00	00	00	01	00	
00	02	00	02	00	ff	ff	06	00	08	
00	03	00	f5	00	36	00	36	00	35	
00	28	00	43	00	02	fe	ff	06	00	
fc	ff	ff	ff	00	00	01	00	e8	00	
51	00	36	00	51	00	36	00	36	00	
02	54	00	01	00	00	00	d4	cf	f0	
3e	00	00	c8	41	82	74	a0	1a	2f	
3e	01	00	00	00	00	00	0f	04	00	
0a	d7	23	3c	b8	1e	05	bd	b8	1e	
05	3d	03	03	03	03	03	03	