55	45	4c	59	53	59	53	08	1a	c0	
6f	00	c9	00	d2	a2	9e	7a	4e	01	
00	a5	00	00	00	21	01	01	01	01	
01	e2	00	01	00	00	00	54	01	02	
00	00	00	64	00	4f	00	01	01	00	
00	00	00	1f	01	23	01	03	95	ff	
66	72	07	00	00	04	00	8d	4f	02	
00	2c	01	00	00	1c	00	8e	fe	5a	
01	01	00	00	00	01	00	03	00	04	
00	02	00	05	00	02	00	02	00	01	
00	01	00	00	00	00	00	00	00	00	
00	03	00	02	00	ff	ff	06	00	08	
00	03	00	f5	00	43	00	43	00	35	
00	28	00	51	00	02	fe	ff	06	00	
fd	ff	ff	ff	00	00	01	00	f7	00	
5e	00	36	00	5e	00	36	00	36	00	
02	54	00	01	00	00	00	05	e1	c0	
3e	00	00	dc	41	52	72	f8	53	e3	
3d	01	00	00	00	00	00	0b	04	00	
0a	d7	a3	3b	8f	c2	f5	bc	29	5c	
0f	3d	03	03	03	03	03	03	