55	45	4c	59	53	59	53	08	1a	c2	
d4	00	c9	00	0f	e3	75	b7	c7	03	
00	db	07	00	00	21	01	01	01	01	
01	ed	00	01	00	00	00	25	01	02	
00	00	00	64	00	4f	00	01	01	00	
00	00	00	01	01	05	01	03	9d	ff	
e7	7b	07	00	00	04	00	85	04	00	
00	2c	01	00	00	21	00	8e	fe	55	
01	01	00	00	00	01	00	03	00	04	
00	02	00	05	00	02	00	02	00	01	
00	01	00	00	00	00	00	00	00	00	
00	03	00	02	00	ff	ff	06	00	08	
00	03	00	14	01	36	00	28	00	43	
00	43	00	28	00	02	ff	ff	06	00	
fd	ff	ff	ff	00	00	01	00	f7	00	
43	00	51	00	5e	00	44	00	44	00	
02	54	00	01	00	00	00	62	86	2f	
3f	00	00	d4	41	c6	7b	42	60	65	
be	01	00	00	00	00	00	0f	04	00	
cc	cc	4c	3c	8f	c2	f5	bc	99	99	
19	3d	03	03	03	03	03	03	