55	45	4c	59	53	59	53	08	1a	c0	
30	00	c9	00	0f	4b	b2	10	a9	01	
00	46	00	00	00	21	01	01	01	01	
01	e2	00	01	00	00	00	52	01	02	
00	00	00	64	00	4f	00	01	01	00	
00	00	00	1f	01	22	01	03	a6	fe	
a7	72	07	00	00	04	00	f0	56	02	
00	0f	01	00	00	1d	00	d0	01	5c	
01	01	00	00	00	01	00	03	00	04	
00	58	01	05	00	02	00	02	00	01	
01	01	00	00	00	00	00	01	00	00	
00	03	00	02	00	fe	ff	06	00	08	
00	03	00	f5	00	43	00	43	00	43	
00	28	00	51	00	02	fe	ff	06	00	
fc	ff	ff	ff	00	00	01	00	f7	00	
51	00	44	00	51	00	36	00	44	00	
02	54	00	01	00	00	00	cb	01	d2	
3e	00	00	dd	41	bc	72	0e	2d	b2	
3e	01	00	00	00	00	00	0b	04	00	
cc	cc	4c	3c	b8	1e	05	bd	99	99	
19	3d	03	03	03	03	03	03	