55	45	4c	59	53	59	53	08	1a	c4	
3a	00	c9	00	0f	c4	de	18	8b	01	
00	55	06	00	00	21	01	01	01	01	
01	e2	00	01	00	00	00	3e	01	02	
00	00	00	64	00	4f	00	01	01	00	
00	00	00	10	01	13	01	03	95	ff	
a0	71	07	00	00	04	00	f2	89	01	
00	0f	01	00	00	1f	00	8e	fe	65	
01	01	00	00	00	01	00	03	00	04	
00	02	00	05	00	02	00	02	00	01	
00	01	00	00	00	00	00	00	00	00	
00	03	00	02	00	ff	ff	06	00	08	
00	03	00	f5	00	36	00	36	00	35	
00	36	00	51	00	02	ff	ff	06	00	
fc	ff	ff	ff	00	00	01	00	e8	00	
51	00	36	00	51	00	36	00	36	00	
02	54	00	01	00	00	00	b3	ef	ad	
3e	00	00	ce	41	9f	71	f8	53	e3	
3d	01	00	00	00	00	00	0f	04	00	
cc	cc	4c	3c	0a	d7	23	bd	ad	47	
e1	3c	03	03	03	03	03	03	