55	45	4c	59	53	59	53	08	1a	c4	
a6	00	c9	00	0f	d1	86	18	89	01	
00	f7	06	00	00	21	01	01	01	01	
01	e2	00	01	00	00	00	3e	01	02	
00	00	00	64	00	4f	00	01	01	00	
00	00	00	10	01	14	01	03	93	ff	
aa	70	07	00	00	04	00	49	7d	01	
00	0f	01	00	00	1c	00	8e	fe	5c	
01	01	00	00	00	01	00	03	00	04	
00	02	00	05	00	02	00	02	00	01	
00	01	00	00	00	00	00	00	00	00	
00	03	00	02	00	ff	ff	06	00	07	
00	03	00	f5	00	36	00	43	00	35	
00	28	00	51	00	02	fe	ff	06	00	
fd	ff	ff	ff	00	00	01	00	e8	00	
51	00	36	00	51	00	36	00	36	00	
02	54	00	01	00	00	00	0e	94	99	
3e	00	00	d4	41	af	70	b2	9d	ef	
3d	01	00	00	00	00	00	0f	04	00	
0a	d7	23	3c	7b	14	2e	bd	ad	47	
e1	3c	03	03	03	03	03	03	