55	45	4c	59	53	59	53	08	1a	c1	
fe	00	c9	00	0f	86	ec	3f	98	04	
00	3b	03	00	00	21	01	01	01	01	
01	e2	00	01	00	00	00	60	01	02	
00	00	00	64	00	4f	00	01	01	00	
00	00	00	3d	01	42	01	03	79	fe	
ee	76	07	00	00	04	00	ba	08	01	
00	0f	01	00	00	1f	00	8f	fe	61	
01	01	00	00	00	01	00	cb	04	b9	
00	02	00	53	01	02	00	02	00	01	
00	01	00	00	00	01	01	00	01	00	
00	02	00	02	00	ff	ff	06	00	08	
00	03	00	14	01	51	00	51	00	50	
00	36	00	51	00	02	ff	ff	06	00	
fd	ff	ff	ff	00	00	01	00	f7	00	
5e	00	44	00	6c	00	44	00	44	00	
02	54	00	01	00	00	00	ea	95	15	
3f	00	00	f0	41	e8	76	83	c0	ca	
3e	01	00	00	00	00	00	0f	04	00	
0a	d7	23	3c	29	5c	0f	bd	29	5c	
0f	3d	03	03	03	03	03	03	