55	45	4c	59	53	59	53	08	1a	c0	
d4	00	c9	00	0f	5e	ea	16	9a	01	
00	3c	01	00	00	21	01	01	01	01	
01	e2	00	01	00	00	00	44	01	02	
00	00	00	64	00	4f	00	01	01	00	
00	00	00	15	01	18	01	03	9b	ff	
59	7a	07	00	00	04	00	f3	ef	01	
00	2c	01	00	00	1c	00	8f	fe	68	
01	01	00	00	00	01	00	03	00	04	
00	02	00	05	00	02	00	02	00	01	
00	01	00	00	00	00	00	00	00	00	
00	02	00	02	00	ff	ff	06	00	08	
00	03	00	f5	00	43	00	43	00	43	
00	36	00	43	00	02	fe	ff	06	00	
fd	ff	ff	ff	00	00	01	00	e8	00	
51	00	36	00	5e	00	44	00	36	00	
02	54	00	01	00	00	00	83	39	2d	
3f	00	00	d6	41	47	7a	87	16	d9	
3d	01	00	00	00	00	00	0f	04	00	
0a	d7	23	3c	99	99	19	bd	cc	cc	
cc	3c	03	03	03	03	03	03	