55	45	4c	59	53	59	53	08	1a	c0	
19	00	c9	00	0f	ea	c4	8f	e5	04	
00	39	08	00	00	21	01	01	01	01	
01	ee	00	01	00	00	00	30	01	04	
00	00	00	02	00	50	00	01	01	00	
00	00	00	01	01	06	01	03	77	ff	
55	7b	07	00	00	05	00	1b	a0	02	
00	00	00	00	00	21	00	8e	fe	51	
01	01	00	00	00	01	00	03	00	04	
00	49	01	05	00	02	00	02	00	01	
00	01	00	00	00	00	00	01	00	00	
00	02	00	02	00	ff	ff	06	00	08	
00	03	00	e6	00	36	00	28	00	50	
00	36	00	36	00	02	fe	ff	06	00	
fd	ff	ff	ff	00	00	01	00	f7	00	
51	00	51	00	51	00	36	00	36	00	
02	55	00	01	00	00	00	29	60	38	
3f	00	00	cc	41	36	7b	bc	74	13	
3e	01	00	00	00	00	00	0f	04	00	
8f	c2	75	3c	99	99	19	bd	8f	c2	
f5	3c	03	03	03	03	03	03	