55	45	4c	59	53	59	53	08	1a	c0	
50	00	c9	00	0f	54	88	3f	a7	04	
00	b6	00	00	00	21	01	01	01	01	
01	e2	00	01	00	00	00	4e	01	02	
00	00	00	64	00	4f	00	01	01	00	
00	00	00	22	01	25	01	03	77	ff	
2f	7c	07	00	00	04	00	24	3b	01	
00	0f	01	00	00	1d	00	8e	fe	58	
01	01	00	00	00	01	00	03	00	04	
00	02	00	56	01	02	00	02	00	01	
00	01	00	00	00	00	00	00	01	00	
00	03	00	02	00	fe	ff	06	00	08	
00	03	00	04	01	51	00	51	00	50	
00	43	00	5f	00	02	ff	ff	06	00	
fc	ff	ff	ff	00	00	01	00	f7	00	
5e	00	44	00	5e	00	51	00	44	00	
02	54	00	01	00	00	00	f8	b9	35	
3f	00	00	e2	41	16	7c	6f	12	03	
be	01	00	00	00	00	00	0f	04	00	
0a	d7	23	3c	0a	d7	23	bd	b8	1e	
05	3d	03	03	03	03	03	03	