55	45	4c	59	53	59	53	08	1a	c0	
a3	00	c9	00	0f	a1	b7	b7	d4	03	
00	92	04	00	00	21	01	01	01	01	
01	ed	00	01	00	00	00	1c	01	02	
00	00	00	64	00	4f	00	01	01	00	
00	00	00	f5	00	f9	00	03	99	ff	
87	74	07	00	00	04	00	4b	46	00	
00	0f	01	00	00	21	00	8e	fe	61	
01	01	00	00	00	01	00	03	00	04	
00	02	00	05	00	02	00	02	00	01	
00	01	00	00	00	00	00	00	00	00	
00	03	00	02	00	ff	ff	06	00	08	
00	03	00	14	01	28	00	28	00	43	
00	43	00	28	00	02	fe	ff	06	00	
fd	ff	ff	ff	00	00	01	00	e8	00	
36	00	36	00	43	00	28	00	36	00	
02	54	00	01	00	00	00	f8	cb	f0	
3e	00	00	bc	41	8b	74	f8	53	e3	
3d	01	00	00	00	00	00	0f	04	00	
0a	d7	a3	3b	8f	c2	f5	bc	8f	c2	
f5	3c	03	03	03	03	03	03	