55	45	4c	59	53	59	53	08	1a	c3	
fa	00	c9	00	0f	bd	5e	16	9b	01	
00	f5	05	00	00	21	01	01	01	01	
01	e2	00	01	00	00	00	3d	01	02	
00	00	00	64	00	4f	00	01	01	00	
00	00	00	10	01	13	01	03	96	ff	
24	72	07	00	00	04	00	73	91	01	
00	0f	01	00	00	21	00	8f	fe	59	
01	01	00	00	00	01	00	03	00	04	
00	02	00	05	00	02	00	02	00	01	
00	01	00	00	00	00	00	00	00	00	
00	02	00	02	00	ff	ff	06	00	08	
00	03	00	f5	00	36	00	43	00	35	
00	28	00	43	00	02	ff	ff	06	00	
fd	ff	ff	ff	00	00	01	00	e8	00	
51	00	36	00	51	00	36	00	36	00	
02	54	00	01	00	00	00	eb	35	ba	
3e	00	00	ce	41	2e	72	f8	53	e3	
3d	01	00	00	00	00	00	0f	04	00	
8f	c2	75	3c	99	99	19	bd	ad	47	
e1	3c	03	03	03	03	03	03	