55	45	4c	59	53	59	53	08	1a	c0	
48	00	c9	00	0f	f0	46	8f	f6	04	
00	7f	08	00	00	21	01	01	01	01	
01	ee	00	01	00	00	00	2c	01	04	
00	00	00	02	00	50	00	01	01	00	
00	00	00	04	01	09	01	03	77	ff	
ac	7a	07	00	00	05	00	99	9a	02	
00	00	00	00	00	21	00	8e	fe	52	
01	01	00	00	00	01	00	03	00	04	
00	4d	01	05	00	02	00	02	00	01	
00	01	00	00	00	00	00	01	00	00	
00	02	00	02	00	ff	ff	06	00	08	
00	03	00	e6	00	28	00	28	00	50	
00	28	00	36	00	02	ff	ff	06	00	
fd	ff	ff	ff	00	00	01	00	f7	00	
51	00	51	00	51	00	36	00	44	00	
02	55	00	01	00	00	00	f1	f6	31	
3f	00	00	cc	41	8d	7a	bc	74	13	
3e	01	00	00	00	00	00	0f	04	00	
0a	d7	a3	3b	b8	1e	05	bd	b8	1e	
05	3d	03	03	03	03	03	03	