55	45	4c	59	53	59	53	08	1a	c0	
13	00	c9	00	0f	48	4c	00	8c	01	
00	1b	00	00	00	21	01	01	01	01	
01	e2	00	01	00	00	00	51	01	02	
00	00	00	64	00	4f	00	01	01	00	
00	00	00	1d	01	21	01	03	3b	ff	
47	7c	07	00	00	04	00	2e	0a	02	
00	0f	01	00	00	20	00	22	00	54	
01	01	00	00	00	01	00	03	00	04	
00	02	00	56	01	cc	00	02	00	01	
01	01	00	00	00	00	00	00	01	01	
00	03	00	02	00	fe	ff	06	00	08	
00	03	00	04	01	51	00	51	00	50	
00	43	00	5f	00	02	fe	ff	06	00	
fd	ff	ff	ff	00	00	01	00	f7	00	
5e	00	51	00	5e	00	51	00	51	00	
02	54	00	01	00	00	00	03	ce	3b	
3f	00	00	dc	41	30	7c	6f	12	83	
bc	01	00	00	00	00	00	0b	04	00	
8f	c2	f5	3b	29	5c	0f	bd	99	99	
19	3d	03	03	03	03	03	03	