55	45	4c	59	53	59	53	08	1a	c3	
27	00	c9	00	0f	a9	ba	3f	a4	04	
00	f9	04	00	00	21	01	01	01	01	
01	e2	00	01	00	00	00	4c	01	02	
00	00	00	64	00	4f	00	01	01	00	
00	00	00	1f	01	24	01	03	82	ff	
1e	75	07	00	00	04	00	e8	e5	00	
00	2c	01	00	00	1e	00	8e	fe	58	
01	01	00	b1	00	01	00	03	00	04	
00	02	00	05	00	02	00	02	00	01	
00	01	00	01	00	00	00	00	00	00	
00	03	00	02	00	ff	ff	06	00	08	
00	03	00	f5	00	43	00	43	00	43	
00	28	00	51	00	02	ff	ff	06	00	
fd	ff	ff	ff	00	00	01	00	f7	00	
51	00	44	00	5e	00	36	00	36	00	
02	54	00	01	00	00	00	86	79	fb	
3e	00	00	de	41	08	75	4a	0c	02	
3e	01	00	00	00	00	00	0f	04	00	
0a	d7	a3	3b	b8	1e	05	bd	8f	c2	
f5	3c	03	03	03	03	03	03	