55	45	4c	59	53	59	53	08	1a	c0	
15	00	c9	00	0f	4e	48	d5	e4	02	
00	67	00	00	00	21	01	01	01	01	
01	ec	00	00	01	00	00	2d	01	02	
00	00	00	64	00	4f	00	01	01	00	
00	00	00	04	01	08	01	03	59	ff	
f4	73	07	00	00	04	00	eb	99	00	
00	2c	01	00	00	24	00	8e	fe	5e	
01	01	00	b1	00	01	00	03	00	04	
00	02	00	5d	01	02	00	02	00	01	
00	01	00	01	00	00	00	00	01	00	
00	03	00	02	00	ff	ff	06	00	08	
00	03	00	f5	00	43	00	43	00	35	
00	28	00	43	00	02	fe	ff	06	00	
fc	ff	ff	ff	00	00	01	00	e8	00	
51	00	36	00	51	00	36	00	28	00	
02	54	00	01	00	00	00	68	56	e6	
3e	00	00	c8	41	f4	73	a0	1a	2f	
3e	01	00	00	00	00	00	0f	04	00	
0a	d7	23	3c	29	5c	0f	bd	cc	cc	
cc	3c	03	03	03	03	03	03	