55	45	4c	59	53	59	53	08	1a	c0	
6f	00	c9	00	0f	53	14	02	7c	01	
00	a5	00	00	00	21	01	01	01	01	
01	e2	00	01	00	00	00	65	01	02	
00	00	00	64	00	4f	00	01	01	00	
00	00	00	27	01	29	01	03	98	ff	
d4	75	07	00	00	04	00	08	70	02	
00	0f	01	00	00	1c	00	8f	fe	5d	
01	01	00	00	00	01	00	03	00	04	
00	02	00	05	00	02	00	02	00	01	
00	01	00	00	00	00	00	00	00	00	
00	03	00	02	00	ff	ff	06	00	08	
00	03	00	f5	00	43	00	43	00	43	
00	36	00	51	00	02	fe	ff	06	00	
fd	ff	ff	ff	00	00	01	00	f7	00	
5e	00	44	00	5e	00	44	00	44	00	
02	54	00	01	00	00	00	d5	c1	07	
3f	00	00	dd	41	c2	75	f8	53	e3	
3d	01	00	00	00	00	00	0b	04	00	
8f	c2	75	3c	b8	1e	05	bd	ad	47	
e1	3c	03	03	03	03	03	03	