55	45	4c	59	53	59	53	08	1a	c0	
0c	00	c9	00	0f	e9	3e	8f	f6	04	
00	25	08	00	00	21	01	01	01	01	
01	ee	00	01	00	00	00	32	01	04	
00	00	00	02	00	50	00	01	01	00	
00	00	00	01	01	05	01	03	76	ff	
88	7b	07	00	00	05	00	a2	a1	02	
00	00	00	00	00	22	00	8e	fe	52	
01	01	00	00	00	01	00	03	00	04	
00	02	00	61	01	02	00	02	00	01	
00	01	00	00	00	00	00	00	01	00	
00	02	00	02	00	ff	ff	06	00	08	
00	03	00	f5	00	36	00	28	00	50	
00	36	00	36	00	02	ff	ff	06	00	
fd	ff	ff	ff	00	00	01	00	f7	00	
51	00	51	00	51	00	36	00	36	00	
02	55	00	01	00	00	00	3c	58	3a	
3f	00	00	ce	41	6b	7b	bc	74	13	
3e	01	00	00	00	00	00	0f	04	00	
cc	cc	4c	3c	8f	c2	f5	bc	8f	c2	
f5	3c	03	03	03	03	03	03	