55	45	4c	59	53	59	53	08	1a	c0	
53	00	c9	00	0f	f1	90	91	d5	04	
00	90	08	00	00	21	01	01	01	01	
01	ee	00	01	00	00	00	2c	01	04	
00	00	00	02	00	50	00	01	01	00	
00	00	00	06	01	09	01	03	76	ff	
8d	7a	07	00	00	05	00	4f	99	02	
00	00	00	00	00	1f	00	8e	fe	51	
01	01	00	00	00	01	00	03	00	04	
00	48	01	05	00	02	00	02	00	01	
00	01	00	00	00	00	00	01	00	00	
00	02	00	02	00	ff	ff	06	00	08	
00	03	00	f5	00	28	00	36	00	50	
00	36	00	36	00	02	fe	ff	06	00	
fd	ff	ff	ff	00	00	01	00	f7	00	
51	00	51	00	51	00	36	00	44	00	
02	55	00	01	00	00	00	1c	9c	30	
3f	00	00	cc	41	7c	7a	75	93	18	
3e	01	00	00	00	00	00	0f	04	00	
8f	c2	f5	3b	29	5c	0f	bd	8f	c2	
f5	3c	03	03	03	03	03	03	