55	45	4c	59	53	59	53	08	1a	c2	
e4	00	c9	00	0f	9c	ca	18	89	01	
00	54	04	00	00	21	01	01	01	01	
01	e2	00	01	00	00	00	3d	01	02	
00	00	00	64	00	4f	00	01	01	00	
00	00	00	10	01	13	01	03	96	ff	
8a	74	07	00	00	04	00	0b	b2	01	
00	0f	01	00	00	1e	00	8e	fe	59	
01	01	00	00	00	01	00	03	00	04	
00	02	00	05	00	02	00	02	00	01	
00	01	00	00	00	00	00	00	00	00	
00	03	00	02	00	fe	ff	06	00	08	
00	03	00	f5	00	43	00	43	00	35	
00	28	00	43	00	02	fe	ff	06	00	
fc	ff	ff	ff	00	00	01	00	e8	00	
51	00	36	00	51	00	36	00	36	00	
02	54	00	01	00	00	00	18	58	f2	
3e	00	00	ce	41	79	74	f8	53	e3	
3d	01	00	00	00	00	00	0f	04	00	
0a	d7	23	3c	29	5c	0f	bd	8f	c2	
f5	3c	03	03	03	03	03	03	