55	45	4c	59	53	59	53	08	1a	c0	
27	00	c9	00	0f	4a	a4	10	82	01	
00	39	00	00	00	21	01	01	01	01	
01	e2	00	01	00	00	00	50	01	02	
00	00	00	64	00	4f	00	01	01	00	
00	00	00	1d	01	20	01	03	a5	fe	
ef	72	07	00	00	04	00	fe	57	02	
00	2c	01	00	00	24	00	de	01	59	
01	01	00	00	00	01	00	03	00	04	
00	4d	01	05	00	02	00	02	00	01	
01	01	00	00	00	00	00	01	00	00	
00	03	00	02	00	ff	ff	06	00	08	
00	03	00	04	01	43	00	51	00	43	
00	36	00	43	00	02	fe	ff	06	00	
fd	ff	ff	ff	00	00	01	00	f7	00	
5e	00	36	00	5e	00	36	00	36	00	
02	54	00	01	00	00	00	f8	65	d7	
3e	00	00	dd	41	e0	72	35	5e	ba	
3e	01	00	00	00	00	00	0b	04	00	
cc	cc	4c	3c	8f	c2	f5	bc	0a	d7	
23	3d	03	03	03	03	03	03	