55	45	4c	59	53	59	53	08	1a	c1	
43	00	c9	00	0f	71	ac	d5	eb	02	
00	2c	02	00	00	21	01	01	01	01	
01	ec	00	00	01	00	00	25	01	02	
00	00	00	64	00	4f	00	01	01	00	
00	00	00	fc	00	01	01	03	74	ff	
67	79	07	00	00	04	00	82	76	00	
00	2c	01	00	00	22	00	8e	fe	52	
01	01	00	00	00	01	00	03	00	04	
00	02	00	5e	01	02	00	02	00	01	
00	01	00	00	00	00	00	00	01	00	
00	03	00	02	00	fe	ff	06	00	08	
00	03	00	f5	00	36	00	36	00	43	
00	28	00	51	00	02	ff	ff	06	00	
fd	ff	ff	ff	00	00	01	00	e8	00	
51	00	36	00	51	00	36	00	36	00	
02	54	00	01	00	00	00	17	82	21	
3f	00	00	c6	41	6a	79	bc	74	13	
3e	01	00	00	00	00	00	0f	04	00	
0a	d7	23	3b	b8	1e	05	bd	8f	c2	
f5	3c	03	03	03	03	03	03	