55	45	4c	59	53	59	53	08	1a	c2	
73	00	c9	00	0f	d8	17	b9	c1	03	
00	4a	07	00	00	21	01	01	01	01	
01	ed	00	01	00	00	00	22	01	02	
00	00	00	64	00	4f	00	01	01	00	
00	00	00	ff	00	04	01	03	99	ff	
af	78	07	00	00	04	00	e4	0f	00	
00	2c	01	00	00	1e	00	8e	fe	57	
01	01	00	00	00	01	00	03	00	04	
00	02	00	05	00	02	00	02	00	01	
00	01	00	00	00	00	00	00	00	00	
00	02	00	02	00	ff	ff	06	00	08	
00	03	00	14	01	28	00	28	00	43	
00	43	00	28	00	02	ff	ff	06	00	
fd	ff	ff	ff	00	00	01	00	e8	00	
36	00	44	00	51	00	28	00	36	00	
02	54	00	01	00	00	00	33	b4	00	
3f	00	00	de	41	6f	78	6a	bc	a4	
bf	01	00	00	00	00	00	0f	04	00	
cc	cc	4c	3c	29	5c	0f	bd	99	99	
19	3d	03	03	03	03	03	03	