55	45	4c	59	53	59	53	08	1a	c1	
48	00	c9	00	0f	6c	82	16	7b	01	
00	ea	01	00	00	21	01	01	01	01	
01	e2	00	01	00	00	00	40	01	02	
00	00	00	64	00	4f	00	01	01	00	
00	00	00	13	01	15	01	03	9b	ff	
4b	79	07	00	00	04	00	59	e2	01	
00	0f	01	00	00	20	00	8e	fe	59	
01	01	00	00	00	01	00	03	00	04	
00	02	00	05	00	02	00	02	00	01	
00	01	00	00	00	00	00	00	00	00	
00	02	00	02	00	ff	ff	06	00	08	
00	03	00	f5	00	43	00	43	00	35	
00	28	00	51	00	02	fe	ff	06	00	
fc	ff	ff	ff	00	00	01	00	f7	00	
51	00	36	00	5e	00	36	00	36	00	
02	54	00	01	00	00	00	7d	32	23	
3f	00	00	d4	41	3c	79	87	16	d9	
3d	01	00	00	00	00	00	0f	04	00	
cc	cc	4c	3c	7b	14	2e	bd	cc	cc	
cc	3c	03	03	03	03	03	03	