55	45	4c	59	53	59	53	08	1a	c0	
06	00	c9	00	0f	be	e4	58	90	06	
00	07	06	00	00	21	01	01	01	01	
01	e3	00	00	01	00	00	52	01	02	
00	00	00	64	00	4f	00	01	01	00	
00	00	00	27	01	29	01	03	63	ff	
8b	7b	07	00	00	04	00	97	d0	00	
00	2c	01	00	00	1d	00	8f	fe	59	
01	01	00	b2	00	01	00	03	00	04	
00	02	00	56	01	02	00	02	00	01	
00	01	00	01	00	00	00	00	01	00	
00	03	00	02	00	ff	ff	06	00	08	
00	03	00	04	01	43	00	43	00	43	
00	36	00	51	00	02	fe	ff	06	00	
fd	ff	ff	ff	00	00	01	00	f7	00	
5e	00	44	00	5e	00	44	00	44	00	
02	54	00	01	00	00	00	5a	b3	2b	
3f	00	00	ee	41	6d	7b	39	b4	88	
be	01	00	00	00	00	00	0f	04	00	
0a	d7	a3	3b	29	5c	0f	bd	ad	47	
e1	3c	03	03	03	03	03	03	