55	45	4c	59	53	59	53	08	1a	c2	
63	00	c9	00	0f	d6	37	b7	d3	03	
00	32	07	00	00	21	01	01	01	01	
01	ed	00	01	00	00	00	21	01	02	
00	00	00	64	00	4f	00	01	01	00	
00	00	00	ff	00	02	01	03	99	ff	
16	77	07	00	00	04	00	c5	11	00	
00	0f	01	00	00	20	00	8e	fe	56	
01	01	00	00	00	01	00	03	00	04	
00	02	00	05	00	02	00	02	00	01	
00	01	00	00	00	00	00	00	00	00	
00	03	00	02	00	ff	ff	06	00	08	
00	03	00	14	01	28	00	28	00	43	
00	43	00	28	00	02	fe	ff	06	00	
fc	ff	ff	ff	00	00	01	00	e8	00	
36	00	36	00	43	00	28	00	36	00	
02	54	00	01	00	00	00	d4	f2	da	
3e	00	00	d5	41	c4	76	60	e5	e0	
bf	01	00	00	00	00	00	0f	04	00	
8f	c2	f5	3b	b8	1e	05	bd	8f	c2	
f5	3c	03	03	03	03	03	03	