55	45	4c	59	53	59	53	08	1a	c5	
20	00	c9	00	0f	df	d2	18	92	01	
00	ae	07	00	00	21	01	01	01	01	
01	e2	00	01	00	00	00	3f	01	02	
00	00	00	64	00	4f	00	01	01	00	
00	00	00	13	01	15	01	03	93	ff	
7b	6f	07	00	00	04	00	fb	6e	01	
00	0f	01	00	00	1c	00	8e	fe	66	
01	01	00	00	00	01	00	03	00	04	
00	02	00	05	00	02	00	02	00	01	
00	01	00	00	00	00	00	00	00	00	
00	02	00	02	00	ff	ff	06	00	08	
00	03	00	f5	00	43	00	43	00	35	
00	36	00	43	00	02	ff	ff	06	00	
fd	ff	ff	ff	00	00	01	00	e8	00	
51	00	36	00	51	00	36	00	36	00	
02	54	00	01	00	00	00	11	5c	82	
3e	00	00	d4	41	66	6f	87	16	d9	
3d	01	00	00	00	00	00	0f	04	00	
cc	cc	4c	3c	99	99	19	bd	ad	47	
e1	3c	03	03	03	03	03	03	