08	1a	c0	06	00	c9	00	0f	46	c6	
0c	8f	55	45	4c	59	53	59	53	01	
00	07	00	00	00	21	01	01	01	01	
01	e2	00	01	00	00	00	47	01	02	
00	00	00	64	00	4f	00	01	01	00	
00	00	00	1d	01	1f	01	03	9c	ff	
38	7a	07	00	00	04	00	ec	90	02	
00	2c	01	00	00	21	00	8f	fe	59	
01	01	00	00	00	01	00	03	00	04	
00	02	00	05	00	02	00	02	00	01	
00	01	00	00	00	00	00	00	00	00	
00	02	00	02	00	fe	ff	06	00	07	
00	03	00	14	01	51	00	43	00	43	
00	36	00	51	00	02	fe	ff	06	00	
fc	ff	ff	ff	00	00	01	00	f7	00	
51	00	36	00	5e	00	36	00	36	00	
02	54	00	01	00	00	00	01	69	2d	
3f	00	00	d6	41	40	7a	17	d9	ce	
3d	01	00	00	00	00	00	0f	04	00	
8f	c2	75	3c	b8	1e	05	bd	ad	47	
e1	3c	03	03	03	03	03	03	