55	45	4c	59	53	59	53	08	1a	c2	
c2	00	c9	00	0f	e1	59	b7	d2	03	
00	c0	07	00	00	21	01	01	01	01	
01	ed	00	01	00	00	00	25	01	02	
00	00	00	64	00	4f	00	01	01	00	
00	00	00	01	01	05	01	03	9d	ff	
a8	7b	07	00	00	04	00	a1	06	00	
00	0f	01	00	00	20	00	8e	fe	55	
01	01	00	00	00	01	00	03	00	04	
00	02	00	05	00	02	00	02	00	01	
00	01	00	00	00	00	00	00	00	00	
00	03	00	02	00	ff	ff	06	00	08	
00	03	00	14	01	28	00	28	00	43	
00	51	00	1b	00	02	ff	ff	06	00	
fd	ff	ff	ff	00	00	01	00	e8	00	
36	00	44	00	43	00	28	00	36	00	
02	54	00	01	00	00	00	bc	74	2b	
3f	00	00	d6	41	87	7b	e3	a5	9b	
be	01	00	00	00	00	00	0f	04	00	
8f	c2	f5	3b	8f	c2	f5	bc	8f	c2	
f5	3c	03	03	03	03	03	03	