55	45	4c	59	53	59	53	08	1a	c0	
33	00	c9	00	0f	4c	0c	14	8b	01	
00	4b	00	00	00	21	01	01	01	01	
01	e2	00	01	00	00	00	4a	01	02	
00	00	00	64	00	4f	00	01	01	00	
00	00	00	1f	01	23	01	03	78	ff	
24	7b	07	00	00	04	00	13	40	02	
00	0f	01	00	00	1b	00	8f	fe	52	
01	01	00	00	00	01	00	03	00	04	
00	54	01	05	00	02	00	02	00	01	
00	01	00	00	00	00	00	01	00	00	
00	03	00	02	00	fe	ff	06	00	08	
00	03	00	04	01	43	00	43	00	43	
00	36	00	51	00	02	fe	ff	06	00	
fc	ff	ff	ff	00	00	01	00	e8	00	
51	00	36	00	5e	00	44	00	36	00	
02	54	00	01	00	00	00	3f	ce	22	
3f	00	00	f5	41	02	7b	5a	64	fb	
be	01	00	00	00	00	00	0f	04	00	
0a	d7	23	3c	b8	1e	05	bd	0a	d7	
23	3d	03	03	03	03	03	03	