55	45	4c	59	53	59	53	08	1a	c0	
c5	00	c9	00	0f	5d	28	14	7c	01	
00	26	01	00	00	21	01	01	01	01	
01	e2	00	01	00	00	00	49	01	02	
00	00	00	64	00	4f	00	01	01	00	
00	00	00	1d	01	20	01	03	9d	ff	
6c	7c	07	00	00	04	00	f5	2e	02	
00	0f	01	00	00	1a	00	8e	fe	54	
01	01	00	00	00	01	00	03	00	04	
00	02	00	05	00	02	00	02	00	01	
00	01	00	00	00	00	00	00	00	00	
00	03	00	02	00	ff	ff	06	00	08	
00	03	00	14	01	51	00	51	00	50	
00	43	00	5f	00	02	fe	ff	06	00	
fc	ff	ff	ff	00	00	01	00	f7	00	
6c	00	44	00	5e	00	44	00	44	00	
02	54	00	01	00	00	00	be	68	39	
3f	00	00	de	41	54	7c	87	16	59	
bd	01	00	00	00	00	00	0f	04	00	
0a	d7	23	3c	99	99	19	bd	cc	cc	
cc	3c	03	03	03	03	03	03	