55	45	4c	59	53	59	53	08	1a	c1	
81	00	c9	00	0f	73	30	16	9d	01	
00	40	02	00	00	21	01	01	01	01	
01	e2	00	01	00	00	00	3e	01	02	
00	00	00	64	00	4f	00	01	01	00	
00	00	00	10	01	14	01	03	99	ff	
76	78	07	00	00	04	00	aa	db	01	
00	2c	01	00	00	1e	00	8e	fe	5a	
01	01	00	00	00	01	00	03	00	04	
00	02	00	05	00	02	00	02	00	01	
00	01	00	00	00	00	00	00	00	00	
00	02	00	02	00	ff	ff	06	00	08	
00	03	00	f5	00	43	00	43	00	43	
00	36	00	43	00	02	fe	ff	06	00	
fd	ff	ff	ff	00	00	01	00	e8	00	
51	00	36	00	51	00	36	00	36	00	
02	54	00	01	00	00	00	84	04	1e	
3f	00	00	d4	41	67	78	87	16	d9	
3d	01	00	00	00	00	00	0f	04	00	
0a	d7	23	3c	8f	c2	f5	bc	8f	c2	
f5	3c	03	03	03	03	03	03	