55	45	4c	59	53	59	53	08	1a	c2	
ec	00	c9	00	0f	a2	d0	3f	ad	04	
00	a0	04	00	00	21	01	01	01	01	
01	e2	00	01	00	00	00	4f	01	02	
00	00	00	64	00	4f	00	01	01	00	
00	00	00	22	01	25	01	03	35	ff	
b5	75	07	00	00	04	00	d3	ec	00	
00	0f	01	00	00	1f	00	8e	fe	58	
01	01	00	00	00	01	00	03	00	04	
00	02	00	05	00	02	00	0a	02	01	
00	01	00	00	00	00	00	00	00	00	
01	03	00	02	00	ff	ff	06	00	08	
00	03	00	f5	00	43	00	43	00	35	
00	36	00	51	00	02	ff	ff	06	00	
fd	ff	ff	ff	00	00	01	00	f7	00	
51	00	44	00	51	00	36	00	36	00	
02	54	00	01	00	00	00	aa	b3	04	
3f	00	00	e4	41	a8	75	f4	fd	54	
3e	01	00	00	00	00	00	0f	04	00	
0a	d7	23	3c	8f	c2	f5	bc	8f	c2	
f5	3c	03	03	03	03	03	03	