55	45	4c	59	53	59	53	08	1a	c5	
0b	00	c9	00	0f	dd	5c	18	8c	01	
00	8f	07	00	00	21	01	01	01	01	
01	e2	00	01	00	00	00	3f	01	02	
00	00	00	64	00	4f	00	01	01	00	
00	00	00	13	01	15	01	03	94	ff	
b4	6f	07	00	00	04	00	71	71	01	
00	0f	01	00	00	1d	00	8e	fe	59	
01	01	00	00	00	01	00	03	00	04	
00	02	00	05	00	02	00	02	00	01	
00	01	00	00	00	00	00	00	00	00	
00	03	00	02	00	ff	ff	06	00	08	
00	03	00	f5	00	36	00	43	00	43	
00	28	00	43	00	02	fe	ff	06	00	
fc	ff	ff	ff	00	00	01	00	e8	00	
51	00	36	00	5e	00	36	00	36	00	
02	54	00	01	00	00	00	95	83	86	
3e	00	00	d4	41	9c	6f	f8	53	e3	
3d	01	00	00	00	00	00	0f	04	00	
00	00	00	00	29	5c	0f	bd	b8	1e	
05	3d	03	03	03	03	03	03	