55	45	4c	59	53	59	53	08	1a	c5	
fe	00	c9	00	0f	f9	d6	18	92	01	
00	fb	08	00	00	21	01	01	01	01	
01	e2	00	01	00	00	00	44	01	02	
00	00	00	64	00	4f	00	01	01	00	
00	00	00	1d	01	1f	01	03	9c	ff	
ff	7a	07	00	00	04	00	f4	54	01	
00	0f	01	00	00	1d	00	8e	fe	59	
01	01	00	00	00	01	00	03	00	04	
00	02	00	05	00	02	00	02	00	01	
00	01	00	00	00	00	00	00	00	00	
00	02	00	02	00	ff	ff	06	00	08	
00	03	00	04	01	43	00	43	00	43	
00	36	00	51	00	02	fe	ff	06	00	
fc	ff	ff	ff	00	00	01	00	e8	00	
51	00	44	00	51	00	36	00	44	00	
02	54	00	01	00	00	00	44	5b	1d	
3f	00	00	fa	41	d5	7a	42	60	25	
bf	01	00	00	00	00	00	0f	04	00	
8f	c2	f5	3b	99	99	19	bd	cc	cc	
cc	3c	03	03	03	03	03	03	