55	45	4c	59	53	59	53	08	1a	c2	
70	00	c9	00	0f	d7	bd	b7	d1	03	
00	45	07	00	00	21	01	01	01	01	
01	ed	00	01	00	00	00	22	01	02	
00	00	00	64	00	4f	00	01	01	00	
00	00	00	ff	00	03	01	03	99	ff	
6d	78	07	00	00	04	00	3e	10	00	
00	2c	01	00	00	21	00	8e	fe	56	
01	01	00	00	00	01	00	03	00	04	
00	02	00	05	00	02	00	02	00	01	
00	01	00	00	00	00	00	00	00	00	
00	03	00	02	00	fe	ff	06	00	08	
00	03	00	14	01	28	00	28	00	43	
00	43	00	1b	00	02	ff	ff	06	00	
fd	ff	ff	ff	00	00	01	00	e8	00	
36	00	36	00	43	00	28	00	36	00	
02	54	00	01	00	00	00	d6	0b	fb	
3e	00	00	da	41	28	78	db	f9	ae	
bf	01	00	00	00	00	00	0f	04	00	
cc	cc	4c	3c	29	5c	0f	bd	ad	47	
e1	3c	03	03	03	03	03	03	