55	45	4c	59	53	59	53	08	1a	c2	
f5	00	c9	00	0f	e7	53	b7	d2	03	
00	0d	08	00	00	21	01	01	01	01	
01	ed	00	01	00	00	00	25	01	02	
00	00	00	64	00	4f	00	01	01	00	
00	00	00	01	01	05	01	03	9c	ff	
30	7c	07	00	00	04	00	a6	00	00	
00	2c	01	00	00	1e	00	8e	fe	53	
01	01	00	00	00	01	00	03	00	04	
00	02	00	05	00	02	00	02	00	01	
00	01	00	00	00	00	00	00	00	00	
00	03	00	02	00	fe	ff	06	00	08	
00	03	00	23	01	36	00	36	00	50	
00	5e	00	36	00	02	ff	ff	06	00	
fd	ff	ff	ff	00	00	01	00	f7	00	
51	00	51	00	5e	00	44	00	44	00	
02	54	00	01	00	00	00	4d	8c	34	
3f	00	00	d4	41	16	7c	6d	e7	fb	
bd	01	00	00	00	00	00	0f	04	00	
0a	d7	23	3c	ad	47	e1	bc	b8	1e	
05	3d	03	03	03	03	03	03	