55	45	4c	59	53	59	53	08	1a	c1	
b8	00	c9	00	0f	7e	b8	3f	a8	04	
00	d2	02	00	00	21	01	01	01	01	
01	e2	00	01	00	00	00	52	01	02	
00	00	00	64	00	4f	00	01	01	00	
00	00	00	2e	01	31	01	03	82	fe	
e5	79	07	00	00	04	00	ef	10	01	
00	0f	01	00	00	1c	00	8f	fe	6b	
01	01	00	00	00	01	00	c7	04	b8	
00	02	00	56	01	02	00	02	00	01	
00	01	00	00	00	01	01	00	01	00	
00	02	00	02	00	ff	ff	06	00	08	
00	03	00	04	01	43	00	51	00	43	
00	36	00	51	00	02	ff	ff	06	00	
fd	ff	ff	ff	00	00	01	00	f7	00	
5e	00	44	00	5e	00	44	00	44	00	
02	54	00	01	00	00	00	ec	13	2c	
3f	00	00	e8	41	dc	79	b8	1e	c5	
3e	01	00	00	00	00	00	0f	04	00	
0a	d7	a3	3b	0a	d7	23	bd	cc	cc	
cc	3c	03	03	03	03	03	03	