55	45	4c	59	53	59	53	08	1a	c2	
14	00	c9	00	0f	8a	2a	d5	f2	02	
00	65	03	00	00	21	01	01	01	01	
01	ec	00	00	01	00	00	1e	01	02	
00	00	00	64	00	4f	00	01	01	00	
00	00	00	f7	00	fc	00	03	99	ff	
70	76	07	00	00	04	00	01	5e	00	
00	2c	01	00	00	20	00	8e	fe	58	
01	01	00	00	00	01	00	03	00	04	
00	02	00	05	00	02	00	02	00	01	
00	01	00	00	00	00	00	00	00	00	
00	02	00	02	00	ff	ff	06	00	08	
00	03	00	f5	00	36	00	36	00	35	
00	28	00	43	00	02	fe	ff	06	00	
fd	ff	ff	ff	00	00	01	00	e8	00	
51	00	36	00	51	00	36	00	36	00	
02	54	00	01	00	00	00	8f	21	0c	
3f	00	00	c1	41	75	76	17	d9	ce	
3d	01	00	00	00	00	00	0f	04	00	
8f	c2	f5	3b	ad	47	e1	bc	8f	c2	
f5	3c	03	03	03	03	03	03	