55	45	4c	59	53	59	53	08	1a	c2	
f4	00	c9	00	0f	e7	35	b9	ab	03	
00	0b	08	00	00	21	01	01	01	01	
01	ed	00	01	00	00	00	25	01	02	
00	00	00	64	00	4f	00	01	01	00	
00	00	00	01	01	05	01	03	9d	ff	
2f	7c	07	00	00	04	00	c4	00	00	
00	2c	01	00	00	1f	00	8e	fe	54	
01	01	00	00	00	01	00	03	00	04	
00	02	00	05	00	02	00	02	00	01	
00	01	00	00	00	00	00	00	00	00	
00	03	00	02	00	ff	ff	06	00	08	
00	03	00	23	01	36	00	36	00	50	
00	5e	00	36	00	02	fe	ff	06	00	
fd	ff	ff	ff	00	00	01	00	f7	00	
43	00	51	00	51	00	36	00	44	00	
02	54	00	01	00	00	00	3f	6e	34	
3f	00	00	d4	41	0d	7c	6f	12	03	
be	01	00	00	00	00	00	0f	04	00	
cc	cc	4c	3c	ad	47	e1	bc	b8	1e	
05	3d	03	03	03	03	03	03	