55	45	4c	59	53	59	53	08	1a	c0	
09	00	c9	00	0f	47	20	00	8a	01	
00	0c	00	00	00	21	01	01	01	01	
01	e2	00	01	00	00	00	52	01	02	
00	00	00	64	00	4f	00	01	01	00	
00	00	00	1d	01	20	01	03	39	ff	
44	7c	07	00	00	04	00	5b	0b	02	
00	0f	01	00	00	1c	00	1d	00	59	
01	01	00	00	00	01	00	03	00	04	
00	02	00	59	01	fb	00	02	00	01	
01	01	00	00	00	00	00	00	01	01	
00	03	00	02	00	ff	ff	06	00	08	
00	03	00	04	01	51	00	43	00	50	
00	43	00	5f	00	02	fe	ff	06	00	
fd	ff	ff	ff	00	00	01	00	f7	00	
5e	00	44	00	5e	00	51	00	44	00	
02	54	00	01	00	00	00	21	a7	3b	
3f	00	00	dc	41	4d	7c	58	39	34	
bc	01	00	00	00	00	00	0b	04	00	
0a	d7	23	3b	29	5c	0f	bd	8f	c2	
f5	3c	03	03	03	03	03	03	