55	45	4c	59	53	59	53	08	1a	c1	
1d	00	c9	00	0f	67	78	16	9d	01	
00	aa	01	00	00	21	01	01	01	01	
01	e2	00	01	00	00	00	41	01	02	
00	00	00	64	00	4f	00	01	01	00	
00	00	00	13	01	16	01	03	9c	ff	
b9	79	07	00	00	04	00	64	e7	01	
00	0f	01	00	00	1c	00	8e	fe	59	
01	01	00	00	00	01	00	03	00	04	
00	02	00	05	00	02	00	02	00	01	
00	01	00	00	00	00	00	00	00	00	
00	02	00	02	00	ff	ff	06	00	08	
00	03	00	04	01	43	00	43	00	43	
00	28	00	51	00	02	fe	ff	06	00	
fd	ff	ff	ff	00	00	01	00	07	01	
43	00	44	00	28	00	36	00	44	00	
02	54	00	01	00	00	00	93	f1	26	
3f	00	00	d4	41	a7	79	87	16	d9	
3d	01	00	00	00	00	00	0f	04	00	
8f	c2	f5	3b	99	99	19	bd	29	5c	
0f	3d	03	03	03	03	03	03	