55	45	4c	59	53	59	53	08	1a	c0	
ba	00	c9	00	d2	ab	68	7a	4f	01	
00	15	01	00	00	21	01	01	01	01	
01	e2	00	01	00	00	00	4b	01	02	
00	00	00	64	00	4f	00	01	01	00	
00	00	00	1d	01	22	01	03	99	ff	
ea	77	07	00	00	04	00	c2	46	02	
00	0f	01	00	00	1d	00	8e	fe	59	
01	01	00	00	00	01	00	03	00	04	
00	02	00	05	00	02	00	02	00	01	
00	01	00	00	00	00	00	00	00	00	
00	03	00	02	00	ff	ff	06	00	08	
00	03	00	f5	00	43	00	43	00	35	
00	28	00	51	00	02	fe	ff	06	00	
fd	ff	ff	ff	00	00	01	00	f7	00	
5e	00	44	00	5e	00	36	00	36	00	
02	54	00	01	00	00	00	ee	ce	ee	
3e	00	00	ef	41	a3	77	7d	3f	d5	
bf	01	00	00	00	00	00	0b	04	00	
8f	c2	75	3c	b8	1e	05	bd	b8	1e	
05	3d	03	03	03	03	03	03	