55	45	4c	59	53	59	53	08	1a	c6	
2a	00	c9	00	0f	fe	fe	18	8c	01	
00	3d	09	00	00	21	01	01	01	01	
01	e2	00	01	00	00	00	46	01	02	
00	00	00	64	00	4f	00	01	01	00	
00	00	00	1d	01	1f	01	03	98	ff	
e3	7b	07	00	00	04	00	cb	4f	01	
00	2c	01	00	00	1d	00	8f	fe	7a	
01	01	00	00	00	01	00	03	00	04	
00	02	00	05	00	02	00	02	00	01	
00	01	00	00	00	00	00	00	00	00	
00	03	00	02	00	ff	ff	06	00	08	
00	03	00	f5	00	43	00	43	00	43	
00	36	00	51	00	02	fe	ff	06	00	
fd	ff	ff	ff	00	00	01	00	f7	00	
5e	00	44	00	6c	00	51	00	44	00	
02	54	00	01	00	00	00	3c	ae	2d	
3f	00	00	f0	41	c6	7b	04	56	8e	
be	01	00	00	00	00	00	0f	04	00	
cc	cc	4c	3c	0a	d7	23	bd	0a	d7	
23	3d	03	03	03	03	03	03	