55	45	4c	59	53	59	53	08	1a	c2	
9f	00	c9	00	0f	99	ca	3f	87	04	
00	2d	04	00	00	21	01	01	01	01	
01	e2	00	01	00	00	00	57	01	02	
00	00	00	64	00	4f	00	01	01	00	
00	00	00	29	01	2d	01	03	99	ff	
a3	76	07	00	00	04	00	da	f5	00	
00	0f	01	00	00	20	00	8e	fe	5b	
01	01	00	00	00	01	00	03	00	04	
00	02	00	05	00	02	00	02	00	01	
00	01	00	00	00	00	00	00	00	00	
00	03	00	02	00	ff	ff	06	00	08	
00	03	00	04	01	43	00	43	00	43	
00	36	00	51	00	02	fe	ff	06	00	
fc	ff	ff	ff	00	00	01	00	f7	00	
51	00	44	00	51	00	44	00	44	00	
02	54	00	01	00	00	00	06	9b	0c	
3f	00	00	ee	41	8f	76	f8	53	e3	
3d	01	00	00	00	00	00	0f	04	00	
0a	d7	a3	3b	8f	c2	f5	bc	b8	1e	
05	3d	03	03	03	03	03	03	