55	45	4c	59	53	59	53	08	1a	c0	
37	00	c9	00	0f	c5	a0	26	ad	07	
00	5d	06	00	00	21	01	01	01	01	
01	e3	00	00	01	00	00	45	01	02	
00	00	00	64	00	4f	00	01	01	00	
00	00	00	15	01	19	01	03	56	ff	
3b	7a	07	00	00	04	00	c8	c9	00	
00	0f	01	00	00	1e	00	20	00	58	
01	01	00	b2	00	01	00	03	00	04	
00	02	00	58	01	02	00	02	00	01	
01	01	00	01	00	00	00	00	01	00	
00	02	00	02	00	ff	ff	06	00	08	
00	03	00	f5	00	36	00	43	00	43	
00	36	00	51	00	02	fe	ff	06	00	
fd	ff	ff	ff	00	00	01	00	f7	00	
51	00	44	00	51	00	44	00	36	00	
02	54	00	01	00	00	00	15	56	27	
3f	00	00	e2	41	2c	7a	58	39	34	
3e	01	00	00	00	00	00	0b	04	00	
0a	d7	23	3c	0a	d7	23	bd	8f	c2	
f5	3c	03	03	03	03	03	03	