55	45	4c	59	53	59	53	08	1a	c0	
9a	00	c9	00	0f	58	1e	16	8f	01	
00	e5	00	00	00	21	01	01	01	01	
01	e2	00	01	00	00	00	48	01	02	
00	00	00	64	00	4f	00	01	01	00	
00	00	00	18	01	1b	01	03	9c	ff	
d9	7a	07	00	00	04	00	c0	f6	01	
00	0f	01	00	00	1f	00	8f	fe	59	
01	01	00	00	00	01	00	03	00	04	
00	02	00	05	00	02	00	02	00	01	
00	01	00	00	00	00	00	00	00	00	
00	03	00	02	00	ff	ff	06	00	08	
00	03	00	f5	00	43	00	43	00	43	
00	28	00	43	00	02	fe	ff	06	00	
fc	ff	ff	ff	00	00	01	00	e8	00	
51	00	44	00	5e	00	36	00	36	00	
02	54	00	01	00	00	00	48	44	32	
3f	00	00	dc	41	c4	7a	87	16	d9	
3d	01	00	00	00	00	00	0f	04	00	
8f	c2	75	3c	7b	14	2e	bd	29	5c	
0f	3d	03	03	03	03	03	03	