55	45	4c	59	53	59	53	08	1a	c6	
27	00	c9	00	0f	fe	a4	18	93	01	
00	39	09	00	00	21	01	01	01	01	
01	e2	00	01	00	00	00	46	01	02	
00	00	00	64	00	4f	00	01	01	00	
00	00	00	1d	01	1f	01	03	9d	ff	
da	7b	07	00	00	04	00	25	50	01	
00	2c	01	00	00	1e	00	8e	fe	59	
01	01	00	00	00	01	00	03	00	04	
00	02	00	05	00	02	00	02	00	01	
00	01	00	00	00	00	00	00	00	00	
00	03	00	02	00	ff	ff	06	00	08	
00	03	00	f5	00	43	00	43	00	43	
00	28	00	51	00	02	fe	ff	06	00	
fc	ff	ff	ff	00	00	01	00	e8	00	
51	00	44	00	5e	00	44	00	36	00	
02	54	00	01	00	00	00	26	ef	2c	
3f	00	00	f1	41	bd	7b	e3	a5	9b	
be	01	00	00	00	00	00	0f	04	00	
cc	cc	4c	3c	29	5c	0f	bd	b8	1e	
05	3d	03	03	03	03	03	03	