55	45	4c	59	53	59	53	08	1a	c1	
a9	00	c9	00	0f	7c	f6	3f	97	04	
00	bc	02	00	00	21	01	01	01	01	
01	e2	00	01	00	00	00	52	01	02	
00	00	00	64	00	4f	00	01	01	00	
00	00	00	29	01	2c	01	03	85	fe	
5f	7a	07	00	00	04	00	b1	12	01	
00	0f	01	00	00	1e	00	8e	fe	5a	
01	01	00	00	00	01	00	c7	04	b8	
00	02	00	55	01	02	00	02	00	01	
00	01	00	00	00	01	01	00	01	00	
00	03	00	02	00	fe	ff	06	00	08	
00	03	00	04	01	43	00	43	00	43	
00	36	00	51	00	02	ff	ff	06	00	
fd	ff	ff	ff	00	00	01	00	f7	00	
5e	00	44	00	5e	00	44	00	36	00	
02	54	00	01	00	00	00	e4	ae	30	
3f	00	00	e4	41	59	7a	b8	1e	c5	
3e	01	00	00	00	00	00	0f	04	00	
0a	d7	a3	3b	0a	d7	23	bd	8f	c2	
f5	3c	03	03	03	03	03	03	