55	45	4c	59	53	59	53	08	1a	c0	
1e	00	c9	00	0f	b7	0d	7c	5c	05	
00	a3	05	00	00	21	01	01	01	01	
01	e3	00	00	01	00	00	4f	01	02	
00	00	00	64	00	4f	00	01	01	00	
00	00	00	24	01	28	01	03	8e	ff	
a8	79	07	00	00	04	00	81	d8	00	
00	0f	01	00	00	20	00	1f	00	64	
01	01	00	00	00	01	00	03	00	04	
00	02	00	05	00	02	00	02	00	01	
01	01	00	00	00	00	00	00	00	00	
00	03	00	02	00	ff	ff	06	00	08	
00	03	00	04	01	51	00	43	00	43	
00	36	00	51	00	02	ff	ff	06	00	
fc	ff	ff	ff	00	00	01	00	e8	00	
5e	00	44	00	5e	00	44	00	44	00	
02	54	00	01	00	00	00	ce	36	10	
3f	00	00	f2	41	71	79	bc	74	73	
bf	01	00	00	00	00	00	0b	04	00	
0a	d7	a3	bb	eb	51	38	bd	cc	cc	
4c	3c	03	03	03	03	03	03	