55	45	4c	59	53	59	53	08	1a	c0	
8c	00	c9	00	0f	56	7a	16	92	01	
00	d0	00	00	00	21	01	01	01	01	
01	e2	00	01	00	00	00	49	01	02	
00	00	00	64	00	4f	00	01	01	00	
00	00	00	18	01	1c	01	03	9c	ff	
fa	7a	07	00	00	04	00	64	f8	01	
00	2c	01	00	00	1d	00	8f	fe	6e	
01	01	00	00	00	01	00	03	00	04	
00	02	00	05	00	02	00	02	00	01	
00	01	00	00	00	00	00	00	00	00	
00	02	00	02	00	ff	ff	06	00	08	
00	03	00	f5	00	36	00	43	00	43	
00	36	00	43	00	02	fe	ff	06	00	
fc	ff	ff	ff	00	00	01	00	e8	00	
51	00	36	00	5e	00	44	00	44	00	
02	54	00	01	00	00	00	50	71	33	
3f	00	00	dc	41	e7	7a	17	d9	ce	
3d	01	00	00	00	00	00	0f	04	00	
cc	cc	4c	3c	29	5c	0f	bd	29	5c	
0f	3d	03	03	03	03	03	03	