55	45	4c	59	53	59	53	08	1a	c5	
c7	00	c9	00	0f	f3	64	18	8b	01	
00	a9	08	00	00	21	01	01	01	01	
01	e2	00	01	00	00	00	42	01	02	
00	00	00	64	00	4f	00	01	01	00	
00	00	00	18	01	1b	01	03	98	ff	
cb	76	07	00	00	04	00	66	5b	01	
00	0f	01	00	00	20	00	8f	fe	60	
01	01	00	00	00	01	00	03	00	04	
00	02	00	05	00	02	00	02	00	01	
00	01	00	00	00	00	00	00	00	00	
00	02	00	02	00	ff	ff	06	00	08	
00	03	00	04	01	36	00	43	00	43	
00	36	00	51	00	02	fe	ff	06	00	
fd	ff	ff	ff	00	00	01	00	e8	00	
51	00	36	00	51	00	36	00	36	00	
02	54	00	01	00	00	00	2b	d1	cd	
3e	00	00	ef	41	7d	76	f8	53	f3	
bf	01	00	00	00	00	00	0f	04	00	
cc	cc	4c	3c	29	5c	0f	bd	b8	1e	
05	3d	03	03	03	03	03	03	