55	45	4c	59	53	59	53	08	1a	c1	
f9	00	c9	00	0f	81	40	18	8a	01	
00	f4	02	00	00	21	01	01	01	01	
01	e2	00	01	00	00	00	3d	01	02	
00	00	00	64	00	4f	00	01	01	00	
00	00	00	10	01	13	01	03	99	ff	
dd	76	07	00	00	04	00	99	cd	01	
00	0f	01	00	00	1f	00	8e	fe	5b	
01	01	00	00	00	01	00	03	00	04	
00	02	00	05	00	02	00	02	00	01	
00	01	00	00	00	00	00	00	00	00	
00	03	00	02	00	fe	ff	06	00	08	
00	03	00	f5	00	43	00	36	00	35	
00	36	00	43	00	02	fe	ff	06	00	
fd	ff	ff	ff	00	00	01	00	16	01	
43	00	36	00	28	00	1b	00	28	00	
02	54	00	01	00	00	00	2b	af	11	
3f	00	00	d0	41	e0	76	87	16	d9	
3d	01	00	00	00	00	00	0f	04	00	
8f	c2	75	3c	29	5c	0f	bd	ad	47	
e1	3c	03	03	03	03	03	03	