55	45	4c	59	53	59	53	08	1a	c0	
1d	00	c9	00	0f	c2	94	26	9e	07	
00	36	06	00	00	21	01	01	01	01	
01	e3	00	00	01	00	00	4c	01	02	
00	00	00	64	00	4f	00	01	01	00	
00	00	00	1d	01	1f	01	03	56	ff	
9d	7a	07	00	00	04	00	d4	cc	00	
00	0f	01	00	00	1d	00	1e	00	5a	
01	01	00	b2	00	01	00	03	00	04	
00	02	00	58	01	02	00	02	00	01	
01	01	00	01	00	00	00	00	01	00	
00	03	00	02	00	ff	ff	06	00	08	
00	03	00	04	01	43	00	43	00	43	
00	36	00	51	00	02	ff	ff	06	00	
fc	ff	ff	ff	00	00	01	00	f7	00	
5e	00	36	00	5e	00	44	00	36	00	
02	54	00	01	00	00	00	a6	9b	2a	
3f	00	00	e8	41	8e	7a	7b	14	2e	
3e	01	00	00	00	00	00	0b	04	00	
0a	d7	a3	3b	0a	d7	23	bd	29	5c	
0f	3d	03	03	03	03	03	03	