55	45	4c	59	53	59	53	08	1a	c2	
a9	00	c9	00	0f	95	e0	18	8c	01	
00	fc	03	00	00	21	01	01	01	01	
01	e2	00	01	00	00	00	3d	01	02	
00	00	00	64	00	4f	00	01	01	00	
00	00	00	10	01	13	01	03	98	ff	
1e	75	07	00	00	04	00	f6	b8	01	
00	0f	01	00	00	22	00	8e	fe	59	
01	01	00	00	00	01	00	03	00	04	
00	02	00	05	00	02	00	02	00	01	
00	01	00	00	00	00	00	00	00	00	
00	02	00	02	00	ff	ff	06	00	08	
00	03	00	04	01	43	00	36	00	43	
00	28	00	43	00	02	fe	ff	06	00	
fc	ff	ff	ff	00	00	01	00	e8	00	
51	00	36	00	51	00	36	00	36	00	
02	54	00	01	00	00	00	a0	94	fe	
3e	00	00	ce	41	23	75	f8	53	e3	
3d	01	00	00	00	00	00	0f	04	00	
8f	c2	f5	3b	99	99	19	bd	cc	cc	
cc	3c	03	03	03	03	03	03	