55	45	4c	59	53	59	53	08	1a	c0	
1f	00	c9	00	0f	b7	2b	7a	6c	05	
00	a5	05	00	00	21	01	01	01	01	
01	e3	00	00	01	00	00	4f	01	02	
00	00	00	64	00	4f	00	01	01	00	
00	00	00	24	01	29	01	03	8d	ff	
b7	79	07	00	00	04	00	63	d8	00	
00	0f	01	00	00	21	00	1c	00	5c	
01	01	00	00	00	01	00	03	00	04	
00	02	00	05	00	02	00	02	00	01	
01	01	00	00	00	00	00	00	00	00	
00	03	00	02	00	ff	ff	06	00	08	
00	03	00	04	01	43	00	43	00	43	
00	36	00	51	00	02	fe	ff	06	00	
fd	ff	ff	ff	00	00	01	00	e8	00	
51	00	44	00	5e	00	36	00	36	00	
02	54	00	01	00	00	00	fc	f7	10	
3f	00	00	f2	41	83	79	44	8b	6c	
bf	01	00	00	00	00	00	0b	04	00	
0a	d7	23	3c	b8	1e	05	bd	7b	14	
2e	3d	03	03	03	03	03	03	