55	45	4c	59	53	59	53	08	1a	c1	
00	00	c9	00	0f	64	12	04	8f	01	
00	7e	01	00	00	21	01	01	01	01	
01	e2	00	01	00	00	00	4d	01	02	
00	00	00	64	00	4f	00	01	01	00	
00	00	00	1f	01	22	01	03	97	ff	
ef	73	07	00	00	04	00	07	5f	02	
00	2c	01	00	00	1f	00	8e	fe	5a	
01	01	00	00	00	01	00	03	00	04	
00	02	00	05	00	02	00	02	00	01	
00	01	00	00	00	00	00	00	00	00	
00	02	00	02	00	fe	ff	06	00	08	
00	03	00	f5	00	51	00	43	00	43	
00	28	00	51	00	02	fe	ff	06	00	
fc	ff	ff	ff	00	00	01	00	f7	00	
51	00	36	00	5e	00	44	00	36	00	
02	54	00	01	00	00	00	80	b0	e5	
3e	00	00	dd	41	d9	73	87	16	d9	
3d	01	00	00	00	00	00	0b	04	00	
cc	cc	4c	3c	8f	c2	f5	bc	cc	cc	
cc	3c	03	03	03	03	03	03	