55	45	4c	59	53	59	53	08	1a	c0	
05	00	c9	00	0f	e4	69	bd	8b	0a	
00	e6	07	00	00	21	01	01	01	01	
01	e6	00	01	00	00	00	30	01	02	
00	00	00	64	00	4f	00	01	01	00	
00	00	00	04	01	08	01	03	af	ff	
c0	75	07	00	00	04	00	6a	aa	00	
00	0f	01	00	00	90	00	5a	ff	53	
01	01	00	00	00	01	00	03	00	04	
00	02	00	05	00	02	00	02	00	00	
00	01	00	00	00	00	00	00	00	00	
00	02	00	02	00	ff	ff	06	00	08	
00	03	00	f5	00	36	00	36	00	43	
00	36	00	43	00	02	ff	ff	06	00	
fd	ff	ff	ff	00	00	01	00	e8	00	
51	00	36	00	51	00	36	00	36	00	
02	54	00	01	00	00	00	cb	86	03	
3f	00	00	cc	41	c3	75	7b	14	ae	
3d	01	00	00	00	00	00	0f	00	00	
00	00	00	00	00	00	00	00	00	00	
00	00	00	00	00	00	00	00	