08	1a	c0	05	00	c9	00	0f	46	a8	
10	a1	55	45	4c	59	53	59	53	01	
00	06	00	00	00	21	01	01	01	01	
01	e2	00	01	00	00	00	42	01	02	
00	00	00	64	00	4f	00	01	01	00	
00	00	00	1a	01	1e	01	03	9c	ff	
60	7a	07	00	00	04	00	54	93	02	
00	0f	01	00	00	1c	00	8f	fe	66	
01	01	00	00	00	01	00	03	00	04	
00	02	00	05	00	02	00	02	00	01	
00	01	00	00	00	00	00	00	00	00	
00	03	00	02	00	fe	ff	06	00	08	
00	03	00	04	01	43	00	43	00	43	
00	36	00	51	00	02	fe	ff	06	00	
fc	ff	ff	ff	00	00	01	00	e8	00	
51	00	44	00	51	00	44	00	36	00	
02	54	00	01	00	00	00	29	ff	2e	
3f	00	00	d6	41	6c	7a	87	16	d9	
3d	01	00	00	00	00	00	0f	04	00	
29	5c	8f	3c	29	5c	0f	bd	8f	c2	
f5	3c	03	03	03	03	03	03	