55	45	4c	59	53	59	53	08	1a	c0	
48	00	c9	00	0f	53	98	41	97	04	
00	aa	00	00	00	21	01	01	01	01	
01	e2	00	01	00	00	00	4e	01	02	
00	00	00	64	00	4f	00	01	01	00	
00	00	00	22	01	25	01	03	77	ff	
1f	7c	07	00	00	04	00	14	3c	01	
00	0f	01	00	00	1e	00	8f	fe	58	
01	01	00	00	00	01	00	03	00	04	
00	02	00	56	01	02	00	02	00	01	
00	01	00	00	00	00	00	00	01	00	
00	03	00	02	00	fe	ff	06	00	08	
00	03	00	04	01	43	00	43	00	43	
00	36	00	51	00	02	fe	ff	06	00	
fc	ff	ff	ff	00	00	01	00	f7	00	
5e	00	51	00	6c	00	51	00	44	00	
02	54	00	01	00	00	00	87	c2	34	
3f	00	00	e2	41	04	7c	75	93	18	
be	01	00	00	00	00	00	0f	04	00	
8f	c2	75	3c	b8	1e	05	bd	b8	1e	
05	3d	03	03	03	03	03	03	