55	45	4c	59	53	59	53	08	1a	c4	
ed	00	c9	00	0f	d9	d8	18	8b	01	
00	62	07	00	00	21	01	01	01	01	
01	e2	00	01	00	00	00	3f	01	02	
00	00	00	64	00	4f	00	01	01	00	
00	00	00	10	01	15	01	03	93	ff	
fe	6f	07	00	00	04	00	f6	74	01	
00	0f	01	00	00	1f	00	8e	fe	59	
01	01	00	00	00	01	00	03	00	04	
00	02	00	05	00	02	00	02	00	01	
00	01	00	00	00	00	00	00	00	00	
00	02	00	02	00	ff	ff	06	00	08	
00	03	00	f5	00	36	00	43	00	35	
00	28	00	43	00	02	ff	ff	06	00	
fd	ff	ff	ff	00	00	01	00	e8	00	
51	00	36	00	51	00	36	00	36	00	
02	54	00	01	00	00	00	99	2a	8c	
3e	00	00	d4	41	06	70	b2	9d	ef	
3d	01	00	00	00	00	00	0f	04	00	
0a	d7	23	3c	b8	1e	05	bd	ad	47	
e1	3c	03	03	03	03	03	03	