55	45	4c	59	53	59	53	08	1a	c0	
df	00	c9	00	0f	60	34	18	89	01	
00	4d	01	00	00	21	01	01	01	01	
01	e2	00	01	00	00	00	43	01	02	
00	00	00	64	00	4f	00	01	01	00	
00	00	00	15	01	18	01	03	9c	ff	
42	7a	07	00	00	04	00	a9	ee	01	
00	0f	01	00	00	1e	00	8e	fe	59	
01	01	00	00	00	01	00	03	00	04	
00	02	00	05	00	02	00	02	00	01	
00	01	00	00	00	00	00	00	00	00	
00	02	00	02	00	ff	ff	06	00	07	
00	03	00	04	01	43	00	43	00	43	
00	28	00	43	00	02	fe	ff	06	00	
fc	ff	ff	ff	00	00	01	00	e8	00	
51	00	36	00	5e	00	36	00	36	00	
02	54	00	01	00	00	00	05	4d	2c	
3f	00	00	d4	41	49	7a	87	16	d9	
3d	01	00	00	00	00	00	0f	04	00	
8f	c2	75	3c	29	5c	0f	bd	ad	47	
e1	3c	03	03	03	03	03	03	