08	1a	c0	0e	00	c9	00	0f	47	b6	
0c	8f	55	45	4c	59	53	59	53	01	
00	13	00	00	00	21	01	01	01	01	
01	e2	00	01	00	00	00	47	01	02	
00	00	00	64	00	4f	00	01	01	00	
00	00	00	1d	01	1f	01	03	9c	ff	
29	7a	07	00	00	04	00	fc	8f	02	
00	0f	01	00	00	1c	00	8e	fe	53	
01	01	00	00	00	01	00	03	00	04	
00	02	00	05	00	02	00	02	00	01	
00	01	00	00	00	00	00	00	00	00	
00	02	00	02	00	ff	ff	06	00	07	
00	03	00	04	01	43	00	43	00	43	
00	28	00	51	00	02	fe	ff	06	00	
fd	ff	ff	ff	00	00	01	00	e8	00	
51	00	36	00	5e	00	36	00	36	00	
02	54	00	01	00	00	00	1b	b2	2c	
3f	00	00	d8	41	37	7a	f8	53	e3	
3d	01	00	00	00	00	00	0f	04	00	
29	5c	8f	3c	b8	1e	05	bd	8f	c2	
f5	3c	03	03	03	03	03	03	