55	45	4c	59	53	59	53	08	1a	c5	
28	00	c9	00	0f	e0	c2	18	8a	01	
00	ba	07	00	00	21	01	01	01	01	
01	e2	00	01	00	00	00	3f	01	02	
00	00	00	64	00	4f	00	01	01	00	
00	00	00	10	01	15	01	03	93	ff	
64	6f	07	00	00	04	00	0b	6e	01	
00	0f	01	00	00	1c	00	8e	fe	68	
01	01	00	00	00	01	00	03	00	04	
00	02	00	05	00	02	00	02	00	01	
00	01	00	00	00	00	00	00	00	00	
00	03	00	02	00	ff	ff	06	00	08	
00	03	00	04	01	43	00	43	00	28	
00	28	00	36	00	02	fe	ff	06	00	
fc	ff	ff	ff	00	00	01	00	e8	00	
51	00	36	00	51	00	36	00	36	00	
02	54	00	01	00	00	00	d7	c5	80	
3e	00	00	d4	41	54	6f	87	16	d9	
3d	01	00	00	00	00	00	0f	04	00	
8f	c2	f5	3b	29	5c	0f	bd	99	99	
19	3d	03	03	03	03	03	03	