55	45	4c	59	53	59	53	08	1a	c2	
64	00	c9	00	0f	d6	55	b7	d2	03	
00	33	07	00	00	21	01	01	01	01	
01	ed	00	01	00	00	00	21	01	02	
00	00	00	64	00	4f	00	01	01	00	
00	00	00	ff	00	03	01	03	99	ff	
34	77	07	00	00	04	00	a7	11	00	
00	0f	01	00	00	20	00	8e	fe	5b	
01	01	00	00	00	01	00	03	00	04	
00	02	00	05	00	02	00	02	00	01	
00	01	00	00	00	00	00	00	00	00	
00	03	00	02	00	fe	ff	06	00	08	
00	03	00	14	01	28	00	28	00	43	
00	43	00	28	00	02	ff	ff	06	00	
fd	ff	ff	ff	00	00	01	00	e8	00	
28	00	36	00	43	00	36	00	36	00	
02	54	00	01	00	00	00	df	b2	dd	
3e	00	00	d5	41	e8	76	cd	cc	dc	
bf	01	00	00	00	00	00	0f	04	00	
cc	cc	4c	3c	ad	47	e1	bc	8f	c2	
f5	3c	03	03	03	03	03	03	