55	45	4c	59	53	59	53	08	1a	c0	
1b	00	c9	00	0f	4a	b3	64	b5	03	
00	39	00	00	00	11	01	01	01	01	
01	e2	00	01	00	00	00	50	01	02	
00	00	00	64	00	4f	00	01	01	00	
00	00	00	1f	01	23	01	03	76	ff	
29	7b	07	00	00	04	00	fe	44	01	
00	2c	01	00	00	1b	00	8e	fe	5e	
01	01	00	00	00	01	00	03	00	04	
00	02	00	5e	01	02	00	02	00	01	
00	01	00	00	00	00	00	00	01	00	
00	03	00	02	00	ff	ff	06	00	08	
00	03	00	04	01	43	00	43	00	43	
00	28	00	51	00	02	fe	ff	06	00	
fd	ff	ff	ff	00	00	01	00	f7	00	
5e	00	36	00	5e	00	44	00	36	00	
02	54	00	01	00	00	00	58	08	30	
3f	00	00	e4	41	1d	7b	bc	74	13	
3e	01	00	00	00	00	00	0f	04	00	
8f	c2	f5	3b	7b	14	2e	bd	8f	c2	
f5	3c	03	03	03	03	03	03	