55	45	4c	59	53	59	53	08	1a	c1	
52	00	c9	00	0f	72	c4	3f	8f	04	
00	39	02	00	00	21	01	01	01	01	
01	e2	00	01	00	00	00	53	01	02	
00	00	00	64	00	4f	00	01	01	00	
00	00	00	27	01	29	01	03	77	ff	
1c	7c	07	00	00	04	00	e4	1c	01	
00	2c	01	00	00	1f	00	8e	fe	58	
01	01	00	00	00	01	00	03	00	04	
00	02	00	53	01	02	00	02	00	01	
00	01	00	00	00	00	00	00	01	00	
00	03	00	02	00	fe	ff	06	00	08	
00	03	00	f5	00	51	00	43	00	43	
00	36	00	51	00	02	ff	ff	06	00	
fd	ff	ff	ff	01	00	01	00	f7	00	
6c	00	44	00	51	00	36	00	44	00	
02	54	00	01	00	00	00	d8	ac	38	
3f	00	00	e4	41	04	7c	87	16	59	
bd	01	00	00	00	00	00	0f	04	00	
0a	d7	a3	3b	b8	1e	05	bd	b8	1e	
05	3d	03	03	03	03	03	03	