55	45	4c	59	53	59	53	08	1a	c1	
64	00	c9	00	0f	75	8a	d5	e5	02	
00	5d	02	00	00	21	01	01	01	01	
01	ec	00	00	01	00	00	24	01	02	
00	00	00	64	00	4f	00	01	01	00	
00	00	00	fc	00	00	01	03	74	ff	
da	78	07	00	00	04	00	a4	72	00	
00	2c	01	00	00	21	00	8e	fe	66	
01	01	00	00	00	01	00	03	00	04	
00	02	00	5c	01	02	00	02	00	01	
00	01	00	00	00	00	00	00	01	00	
00	02	00	02	00	ff	ff	06	00	08	
00	03	00	f5	00	36	00	36	00	35	
00	28	00	43	00	02	fe	ff	06	00	
fd	ff	ff	ff	00	00	01	00	e8	00	
51	00	36	00	51	00	36	00	36	00	
02	54	00	01	00	00	00	ad	ef	1d	
3f	00	00	c2	41	dc	78	75	93	18	
3e	01	00	00	00	00	00	0f	04	00	
0a	d7	23	3c	8f	c2	f5	bc	b8	1e	
05	3d	03	03	03	03	03	03	