55	45	4c	59	53	59	53	08	1a	c0	
54	00	c9	00	d2	9f	74	7a	3f	01	
00	7c	00	00	00	21	01	01	01	01	
01	e2	00	01	00	00	00	58	01	02	
00	00	00	64	00	4f	00	01	01	00	
00	00	00	22	01	24	01	03	6d	ff	
97	72	07	00	00	04	00	b7	52	02	
00	0f	01	00	00	1f	00	8e	fe	59	
01	01	00	00	00	01	00	03	00	04	
00	48	01	05	00	02	00	02	00	01	
00	01	00	00	00	00	00	01	00	00	
00	02	00	02	00	fe	ff	06	00	08	
00	03	00	04	01	43	00	43	00	43	
00	36	00	51	00	02	fe	ff	06	00	
fc	ff	ff	ff	00	00	01	00	f7	00	
5e	00	36	00	51	00	36	00	44	00	
02	54	00	01	00	00	00	18	9f	c7	
3e	00	00	dd	41	87	72	75	93	18	
3e	01	00	00	00	00	00	0b	04	00	
cc	cc	4c	3c	29	5c	0f	bd	29	5c	
0f	3d	03	03	03	03	03	03	