55	45	4c	59	53	59	53	08	1a	c0	
e5	00	c9	00	0f	60	e8	18	94	01	
00	56	01	00	00	21	01	01	01	01	
01	e2	00	01	00	00	00	43	01	02	
00	00	00	64	00	4f	00	01	01	00	
00	00	00	15	01	18	01	03	9c	ff	
35	7a	07	00	00	04	00	f5	ed	01	
00	0f	01	00	00	1f	00	8e	fe	66	
01	01	00	00	00	01	00	03	00	04	
00	02	00	05	00	02	00	02	00	01	
00	01	00	00	00	00	00	00	00	00	
00	02	00	02	00	fe	ff	06	00	07	
00	03	00	04	01	43	00	43	00	43	
00	28	00	51	00	02	fe	ff	06	00	
fd	ff	ff	ff	00	00	01	00	16	01	
51	00	36	00	36	00	28	00	36	00	
02	54	00	01	00	00	00	3c	ca	2b	
3f	00	00	d4	41	23	7a	f8	53	e3	
3d	01	00	00	00	00	00	0f	04	00	
0a	d7	23	3c	29	5c	0f	bd	cc	cc	
cc	3c	03	03	03	03	03	03	