55	45	4c	59	53	59	53	08	1a	c1	
e2	00	c9	00	0f	84	4e	d5	f9	02	
00	1a	03	00	00	21	01	01	01	01	
01	ec	00	00	01	00	00	20	01	02	
00	00	00	64	00	4f	00	01	01	00	
00	00	00	fa	00	fd	00	03	99	ff	
ec	76	07	00	00	04	00	de	63	00	
00	0f	01	00	00	21	00	8e	fe	5f	
01	01	00	00	00	01	00	03	00	04	
00	02	00	05	00	02	00	02	00	01	
00	01	00	00	00	00	00	00	00	00	
00	03	00	02	00	ff	ff	06	00	08	
00	03	00	f5	00	36	00	43	00	35	
00	28	00	43	00	02	fe	ff	06	00	
fd	ff	ff	ff	00	00	01	00	e8	00	
51	00	36	00	51	00	36	00	36	00	
02	54	00	01	00	00	00	11	ff	10	
3f	00	00	c1	41	f2	76	87	16	d9	
3d	01	00	00	00	00	00	0f	04	00	
8f	c2	f5	3b	cc	cc	cc	bc	8f	c2	
f5	3c	03	03	03	03	03	03	