55	45	4c	59	53	59	53	08	1a	c1	
22	00	c9	00	0f	e1	2a	26	bc	07	
00	bd	07	00	00	21	01	01	01	01	
01	e3	00	00	01	00	00	33	01	02	
00	00	00	64	00	4f	00	01	01	00	
00	00	00	06	01	0a	01	03	ad	ff	
fd	75	07	00	00	04	00	3a	ae	00	
00	0f	01	00	00	8d	00	53	ff	5e	
01	01	00	00	00	01	00	03	00	04	
00	02	00	05	00	02	00	02	00	00	
00	01	00	00	00	00	00	00	00	00	
00	03	00	02	00	ff	ff	06	00	08	
00	03	00	f5	00	36	00	36	00	35	
00	28	00	43	00	02	ff	ff	06	00	
fd	ff	ff	ff	00	00	01	00	e8	00	
51	00	36	00	51	00	36	00	36	00	
02	54	00	01	00	00	00	b4	18	06	
3f	00	00	cc	41	01	76	7b	14	ae	
3d	01	00	00	00	00	00	0b	00	00	
00	00	00	00	00	00	00	00	00	00	
00	00	00	00	00	00	00	00	