55	45	4c	59	53	59	53	08	1a	c1	
89	00	c9	00	0f	79	e0	d5	d3	02	
00	95	02	00	00	21	01	01	01	01	
01	ec	00	00	01	00	00	23	01	02	
00	00	00	64	00	4f	00	01	01	00	
00	00	00	fc	00	ff	00	03	73	ff	
ff	77	07	00	00	04	00	4d	6e	00	
00	2c	01	00	00	24	00	8e	fe	55	
01	01	00	00	00	01	00	03	00	04	
00	02	00	5d	01	02	00	02	00	01	
00	01	00	00	00	00	00	00	01	00	
00	02	00	02	00	fe	ff	06	00	08	
00	03	00	f5	00	36	00	36	00	35	
00	28	00	43	00	02	fe	ff	06	00	
fd	ff	ff	ff	00	00	01	00	e8	00	
51	00	36	00	5e	00	36	00	36	00	
02	54	00	01	00	00	00	07	a7	19	
3f	00	00	c2	41	06	78	bc	74	13	
3e	01	00	00	00	00	00	0f	04	00	
0a	d7	a3	3b	8f	c2	f5	bc	29	5c	
0f	3d	03	03	03	03	03	03	