55	45	4c	59	53	59	53	08	1a	c2	
8d	00	c9	00	0f	92	98	16	99	01	
00	d2	03	00	00	21	01	01	01	01	
01	e2	00	01	00	00	00	3d	01	02	
00	00	00	64	00	4f	00	01	01	00	
00	00	00	0e	01	12	01	03	98	ff	
66	75	07	00	00	04	00	3e	bc	01	
00	2c	01	00	00	1e	00	8e	fe	59	
01	01	00	00	00	01	00	03	00	04	
00	02	00	05	00	02	00	02	00	01	
00	01	00	00	00	00	00	00	00	00	
00	03	00	02	00	ff	ff	06	00	08	
00	03	00	f5	00	43	00	43	00	43	
00	28	00	43	00	02	fe	ff	06	00	
fd	ff	ff	ff	00	00	01	00	e8	00	
51	00	36	00	5e	00	36	00	36	00	
02	54	00	01	00	00	00	56	39	02	
3f	00	00	ce	41	6a	75	b2	9d	ef	
3d	01	00	00	00	00	00	0f	04	00	
8f	c2	f5	3b	b8	1e	05	bd	8f	c2	
f5	3c	03	03	03	03	03	03	