55	45	4c	59	53	59	53	08	1a	c1	
c2	00	c9	00	0f	7f	e4	41	98	04	
00	e1	02	00	00	21	01	01	01	01	
01	e2	00	01	00	00	00	54	01	02	
00	00	00	64	00	4f	00	01	01	00	
00	00	00	31	01	34	01	03	81	fe	
92	79	07	00	00	04	00	c3	0f	01	
00	0f	01	00	00	1b	00	8f	fe	58	
01	01	00	00	00	01	00	c9	04	b8	
00	02	00	54	01	02	00	02	00	01	
00	01	00	00	00	01	01	00	01	00	
00	03	00	02	00	ff	ff	06	00	08	
00	03	00	04	01	51	00	43	00	43	
00	36	00	51	00	02	fe	ff	06	00	
fd	ff	ff	ff	00	00	01	00	f7	00	
5e	00	44	00	5e	00	44	00	44	00	
02	54	00	01	00	00	00	ef	f8	28	
3f	00	00	e8	41	8c	79	27	31	c8	
3e	01	00	00	00	00	00	0f	04	00	
cc	cc	4c	3c	99	99	19	bd	99	99	
19	3d	03	03	03	03	03	03	