55	45	4c	59	53	59	53	08	1a	c0	
ad	00	c9	00	0f	5f	6e	3f	98	04	
00	42	01	00	00	21	01	01	01	01	
01	e2	00	01	00	00	00	4f	01	02	
00	00	00	64	00	4f	00	01	01	00	
00	00	00	22	01	25	01	03	69	ff	
de	7a	07	00	00	04	00	3d	30	01	
00	0f	01	00	00	1c	00	1d	00	60	
01	01	00	00	00	01	00	03	00	04	
00	02	00	55	01	02	00	02	00	01	
01	01	00	00	00	00	00	00	01	00	
00	03	00	02	00	ff	ff	06	00	08	
00	03	00	04	01	43	00	43	00	43	
00	36	00	51	00	02	ff	ff	06	00	
fd	ff	ff	ff	00	00	01	00	e8	00	
5e	00	44	00	5e	00	44	00	44	00	
02	54	00	01	00	00	00	73	1e	30	
3f	00	00	de	41	cc	7a	2d	b2	1d	
3e	01	00	00	00	00	00	0b	04	00	
0a	d7	23	3c	99	99	19	bd	99	99	
19	3d	03	03	03	03	03	03	