55	45	4c	59	53	59	53	08	1a	c0	
12	00	c9	00	0f	4d	44	3f	86	04	
00	59	00	00	00	21	01	01	01	01	
01	e2	00	01	00	00	00	4d	01	02	
00	00	00	64	00	4f	00	01	01	00	
00	00	00	1f	01	24	01	03	76	ff	
e1	7a	07	00	00	04	00	69	42	01	
00	2c	01	00	00	1d	00	8e	fe	59	
01	01	00	00	00	01	00	03	00	04	
00	02	00	59	01	02	00	02	00	01	
00	01	00	00	00	00	00	00	01	00	
00	03	00	02	00	ff	ff	06	00	08	
00	03	00	04	01	43	00	43	00	35	
00	36	00	43	00	02	ff	ff	06	00	
fd	ff	ff	ff	00	00	01	00	e8	00	
5e	00	44	00	5e	00	44	00	36	00	
02	54	00	01	00	00	00	d7	a6	2d	
3f	00	00	e4	41	cc	7a	bc	74	13	
3e	01	00	00	00	00	00	0f	04	00	
0a	d7	23	3c	b8	1e	05	bd	ad	47	
e1	3c	03	03	03	03	03	03	