55	45	4c	59	53	59	53	08	1a	c0	
0d	00	c9	00	0f	4c	ae	41	9d	04	
00	52	00	00	00	21	01	01	01	01	
01	e2	00	01	00	00	00	4e	01	02	
00	00	00	64	00	4f	00	01	01	00	
00	00	00	1f	01	24	01	03	76	ff	
f1	7a	07	00	00	04	00	ff	42	01	
00	0f	01	00	00	1d	00	8e	fe	5a	
01	01	00	00	00	01	00	03	00	04	
00	02	00	5a	01	02	00	02	00	01	
00	01	00	00	00	00	00	00	01	00	
00	03	00	02	00	ff	ff	06	00	08	
00	03	00	04	01	43	00	43	00	43	
00	36	00	51	00	02	fe	ff	06	00	
fd	ff	ff	ff	00	00	01	00	e8	00	
51	00	36	00	5e	00	44	00	44	00	
02	54	00	01	00	00	00	41	32	2e	
3f	00	00	e4	41	de	7a	bc	74	13	
3e	01	00	00	00	00	00	0f	04	00	
0a	d7	23	3c	7b	14	2e	bd	8f	c2	
f5	3c	03	03	03	03	03	03	