55	45	4c	59	53	59	53	08	1a	c4	
07	00	c9	00	0f	be	e4	16	92	01	
00	09	06	00	00	21	01	01	01	01	
01	e2	00	01	00	00	00	3e	01	02	
00	00	00	64	00	4f	00	01	01	00	
00	00	00	10	01	13	01	03	95	ff	
08	72	07	00	00	04	00	ed	8f	01	
00	2c	01	00	00	1e	00	8e	fe	60	
01	01	00	00	00	01	00	03	00	04	
00	02	00	05	00	02	00	02	00	01	
00	01	00	00	00	00	00	00	00	00	
00	02	00	02	00	fe	ff	06	00	08	
00	03	00	f5	00	43	00	43	00	35	
00	28	00	43	00	02	fe	ff	06	00	
fd	ff	ff	ff	00	00	01	00	e8	00	
5e	00	36	00	51	00	36	00	36	00	
02	54	00	01	00	00	00	14	9d	b7	
3e	00	00	ce	41	f0	71	f8	53	e3	
3d	01	00	00	00	00	00	0f	04	00	
0a	d7	23	3c	8f	c2	f5	bc	ad	47	
e1	3c	03	03	03	03	03	03	