55	45	4c	59	53	59	53	08	1a	c0	
0c	00	c9	00	0f	47	7a	02	8c	01	
00	10	00	00	00	21	01	01	01	01	
01	e2	00	01	00	00	00	46	01	02	
00	00	00	64	00	4f	00	01	01	00	
00	00	00	1a	01	1e	01	03	70	ff	
ff	77	07	00	00	04	00	a3	7b	02	
00	0f	01	00	00	1f	00	8e	fe	5e	
01	01	00	00	00	01	00	03	00	04	
00	02	00	05	00	ca	00	02	00	01	
00	01	00	00	00	00	00	00	00	01	
00	03	00	02	00	ff	ff	06	00	08	
00	03	00	04	01	43	00	43	00	43	
00	36	00	43	00	02	fe	ff	06	00	
fd	ff	ff	ff	00	00	01	00	e8	00	
51	00	36	00	51	00	44	00	44	00	
02	54	00	01	00	00	00	7f	3d	1c	
3f	00	00	dc	41	0f	78	bc	74	13	
3e	01	00	00	00	00	00	0f	04	00	
0a	d7	a3	3c	29	5c	0f	bd	cc	cc	
cc	3c	03	03	03	03	03	03	