55	45	4c	59	53	59	53	08	1a	c3	
35	00	c9	00	0f	a6	48	16	9b	01	
00	ce	04	00	00	21	01	01	01	01	
01	e2	00	01	00	00	00	3e	01	02	
00	00	00	64	00	4f	00	01	01	00	
00	00	00	10	01	13	01	03	96	ff	
c7	73	07	00	00	04	00	8c	a8	01	
00	2c	01	00	00	1d	00	8e	fe	59	
01	01	00	00	00	01	00	03	00	04	
00	02	00	05	00	02	00	02	00	01	
00	01	00	00	00	00	00	00	00	00	
00	02	00	02	00	fe	ff	06	00	07	
00	03	00	f5	00	36	00	43	00	43	
00	36	00	51	00	02	ff	ff	06	00	
fd	ff	ff	ff	00	00	01	00	e8	00	
51	00	36	00	5e	00	36	00	36	00	
02	54	00	01	00	00	00	77	85	e1	
3e	00	00	ce	41	c7	73	87	16	d9	
3d	01	00	00	00	00	00	0f	04	00	
8f	c2	75	3c	99	99	19	bd	b8	1e	
05	3d	03	03	03	03	03	03	