55	45	4c	59	53	59	53	08	1a	c0	
37	00	c9	00	0f	4c	84	10	8a	01	
00	51	00	00	00	21	01	01	01	01	
01	e2	00	01	00	00	00	57	01	02	
00	00	00	64	00	4f	00	01	01	00	
00	00	00	1f	01	23	01	03	60	ff	
df	72	07	00	00	04	00	1e	56	02	
00	0f	01	00	00	1e	00	20	00	59	
01	01	00	00	00	01	00	03	00	04	
00	4c	01	05	00	02	00	02	00	01	
01	01	00	00	00	00	00	01	00	00	
00	03	00	02	00	fe	ff	06	00	08	
00	03	00	f5	00	43	00	43	00	43	
00	36	00	51	00	02	fe	ff	06	00	
fc	ff	ff	ff	00	00	01	00	f7	00	
51	00	36	00	5e	00	36	00	36	00	
02	54	00	01	00	00	00	7b	c1	cf	
3e	00	00	dd	41	e9	72	0a	d7	23	
3e	01	00	00	00	00	00	0b	04	00	
cc	cc	4c	3c	29	5c	0f	bd	8f	c2	
f5	3c	03	03	03	03	03	03	