55	45	4c	59	53	59	53	08	1a	c0	
69	00	c9	00	0f	58	20	d5	f2	02	
00	e5	00	00	00	21	01	01	01	01	
01	ec	00	00	01	00	00	2c	01	02	
00	00	00	64	00	4f	00	01	01	00	
00	00	00	06	01	0a	01	03	63	ff	
1a	7b	07	00	00	04	00	12	90	00	
00	0f	01	00	00	1d	00	8e	fe	52	
01	01	00	b0	00	01	00	03	00	04	
00	02	00	5a	01	02	00	02	00	01	
00	01	00	01	00	00	00	00	01	00	
00	03	00	02	00	fe	ff	06	00	08	
00	03	00	f5	00	36	00	43	00	35	
00	36	00	43	00	02	fe	ff	06	00	
fd	ff	ff	ff	00	00	01	00	f7	00	
51	00	36	00	51	00	36	00	36	00	
02	54	00	01	00	00	00	5d	c7	25	
3f	00	00	d4	41	f9	7a	0a	d7	a3	
be	01	00	00	00	00	00	0f	04	00	
8f	c2	f5	3b	99	99	19	bd	8f	c2	
f5	3c	03	03	03	03	03	03	