55	45	4c	59	53	59	53	08	1a	c1	
02	00	c9	00	0f	64	4e	14	9f	01	
00	81	01	00	00	21	01	01	01	01	
01	e2	00	01	00	00	00	46	01	02	
00	00	00	64	00	4f	00	01	01	00	
00	00	00	1a	01	1c	01	03	9d	ff	
83	7b	07	00	00	04	00	ce	27	02	
00	0f	01	00	00	18	00	8e	fe	53	
01	01	00	00	00	01	00	03	00	04	
00	02	00	05	00	02	00	02	00	01	
00	01	00	00	00	00	00	00	00	00	
00	03	00	02	00	ff	ff	06	00	08	
00	03	00	f5	00	36	00	43	00	35	
00	36	00	51	00	02	fe	ff	06	00	
fc	ff	ff	ff	00	00	01	00	e8	00	
5e	00	36	00	5e	00	44	00	44	00	
02	54	00	01	00	00	00	98	47	35	
3f	00	00	dd	41	75	7b	17	d9	ce	
3d	01	00	00	00	00	00	0f	04	00	
cc	cc	4c	3c	7b	14	2e	bd	b8	1e	
05	3d	03	03	03	03	03	03	