08	1a	c0	7d	00	c9	00	0f	54	b8	
0e	8e	55	45	4c	59	53	59	53	01	
00	ba	00	00	00	21	01	01	01	01	
01	e2	00	01	00	00	00	48	01	02	
00	00	00	64	00	4f	00	01	01	00	
00	00	00	1a	01	1f	01	03	9c	ff	
1b	79	07	00	00	04	00	f9	82	02	
00	0f	01	00	00	20	00	8f	fe	5d	
01	01	00	00	00	01	00	03	00	04	
00	02	00	05	00	02	00	02	00	01	
00	01	00	00	00	00	00	00	00	00	
00	03	00	02	00	ff	ff	06	00	08	
00	03	00	04	01	36	00	43	00	35	
00	36	00	51	00	02	fe	ff	06	00	
fd	ff	ff	ff	00	00	01	00	f7	00	
51	00	44	00	5e	00	44	00	36	00	
02	54	00	01	00	00	00	a1	b8	22	
3f	00	00	dc	41	23	79	87	16	d9	
3d	01	00	00	00	00	00	0f	04	00	
cc	cc	4c	3c	29	5c	0f	bd	b8	1e	
05	3d	03	03	03	03	03	03	