55	45	4c	59	53	59	53	08	1a	c2	
da	00	c9	00	0f	9b	9e	18	93	01	
00	45	04	00	00	21	01	01	01	01	
01	e2	00	01	00	00	00	3d	01	02	
00	00	00	64	00	4f	00	01	01	00	
00	00	00	10	01	13	01	03	97	ff	
a4	74	07	00	00	04	00	37	b3	01	
00	0f	01	00	00	1c	00	8e	fe	5a	
01	01	00	00	00	01	00	03	00	04	
00	02	00	05	00	02	00	02	00	01	
00	01	00	00	00	00	00	00	00	00	
00	02	00	02	00	fe	ff	06	00	08	
00	03	00	f5	00	43	00	43	00	35	
00	36	00	51	00	02	ff	ff	06	00	
fd	ff	ff	ff	00	00	01	00	e8	00	
5e	00	36	00	51	00	44	00	36	00	
02	54	00	01	00	00	00	ab	77	f4	
3e	00	00	ce	41	8b	74	f8	53	e3	
3d	01	00	00	00	00	00	0f	04	00	
cc	cc	4c	3c	29	5c	0f	bd	cc	cc	
cc	3c	03	03	03	03	03	03	