55	45	4c	59	53	59	53	08	1a	c3	
29	00	c9	00	0f	a9	f6	3f	96	04	
00	fc	04	00	00	21	01	01	01	01	
01	e2	00	01	00	00	00	4c	01	02	
00	00	00	64	00	4f	00	01	01	00	
00	00	00	1f	01	24	01	03	26	ff	
fe	74	07	00	00	04	00	ac	e5	00	
00	2c	01	00	00	1e	00	8e	fe	6e	
04	01	00	b1	00	01	00	03	00	04	
00	02	00	05	00	02	00	02	00	01	
00	01	00	01	00	00	00	00	00	00	
00	03	00	02	00	ff	ff	06	00	08	
00	03	00	f5	00	43	00	43	00	35	
00	36	00	51	00	02	fe	ff	06	00	
fd	ff	ff	ff	00	00	01	00	f7	00	
51	00	44	00	5e	00	44	00	44	00	
02	54	00	01	00	00	00	bc	ff	fa	
3e	00	00	de	41	ed	74	42	60	65	
3e	01	00	00	00	00	00	0f	04	00	
0a	d7	23	3c	7b	14	2e	bd	ad	47	
e1	3c	03	03	03	03	03	03	