55	45	4c	59	53	59	53	08	1a	c1	
13	00	c9	00	0f	66	4c	18	91	01	
00	9b	01	00	00	21	01	01	01	01	
01	e2	00	01	00	00	00	41	01	02	
00	00	00	64	00	4f	00	01	01	00	
00	00	00	13	01	16	01	03	9c	ff	
d0	79	07	00	00	04	00	90	e8	01	
00	2c	01	00	00	1d	00	8e	fe	61	
01	01	00	00	00	01	00	03	00	04	
00	02	00	05	00	02	00	02	00	01	
00	01	00	00	00	00	00	00	00	00	
00	02	00	02	00	ff	ff	06	00	08	
00	03	00	04	01	43	00	43	00	43	
00	36	00	51	00	02	ff	ff	06	00	
fd	ff	ff	ff	00	00	01	00	e8	00	
51	00	36	00	5e	00	36	00	36	00	
02	54	00	01	00	00	00	df	c9	27	
3f	00	00	d4	41	c2	79	87	16	d9	
3d	01	00	00	00	00	00	0f	04	00	
0a	d7	a3	3b	29	5c	0f	bd	8f	c2	
f5	3c	03	03	03	03	03	03	