55	45	4c	59	53	59	53	08	1a	c0	
14	00	c9	00	0f	ea	30	a4	66	11	
00	2c	08	00	00	21	01	01	01	01	
01	ec	00	00	01	00	00	32	01	02	
00	00	00	64	00	4f	00	01	01	00	
00	00	00	04	01	08	01	03	99	ff	
1a	75	07	00	00	04	00	af	a3	00	
00	0f	01	00	00	20	00	8e	fe	54	
01	01	00	00	00	01	00	03	00	04	
00	02	00	05	00	02	00	02	00	01	
00	01	00	00	00	00	00	00	00	00	
00	02	00	02	00	ff	ff	06	00	08	
00	03	00	f5	00	36	00	43	00	35	
00	28	00	43	00	02	ff	ff	06	00	
fd	ff	ff	ff	00	00	01	00	e8	00	
51	00	36	00	51	00	36	00	36	00	
02	54	00	01	00	00	00	5a	2a	fb	
3e	00	00	ca	41	1a	75	f8	53	e3	
3d	01	00	00	00	00	00	0f	04	00	
8f	c2	75	3c	ad	47	e1	bc	8f	c2	
f5	3c	03	03	03	03	03	03	