55	45	4c	59	53	59	53	08	1a	c2	
36	00	c9	00	0f	d0	f1	b9	e0	03	
00	ee	06	00	00	21	01	01	01	01	
01	ed	00	01	00	00	00	20	01	02	
00	00	00	64	00	4f	00	01	01	00	
00	00	00	fa	00	fd	00	03	96	ff	
39	71	07	00	00	04	00	0b	17	00	
00	0f	01	00	00	22	00	8e	fe	53	
01	01	00	00	00	01	00	03	00	04	
00	02	00	05	00	02	00	02	00	01	
00	01	00	00	00	00	00	00	00	00	
00	03	00	02	00	ff	ff	06	00	08	
00	03	00	14	01	1b	00	1b	00	43	
00	43	00	1b	00	02	fe	ff	06	00	
fd	ff	ff	ff	00	00	01	00	d8	00	
36	00	36	00	43	00	1b	00	36	00	
02	54	00	01	00	00	00	7f	7d	a5	
3e	00	00	c1	41	3d	71	87	16	d9	
3d	01	00	00	00	00	00	0f	04	00	
8f	c2	f5	3b	b8	1e	05	bd	29	5c	
0f	3d	03	03	03	03	03	03	