55	45	4c	59	53	59	53	08	1a	c1	
17	00	c9	00	0f	66	c4	16	7d	01	
00	a1	01	00	00	21	01	01	01	01	
01	e2	00	01	00	00	00	41	01	02	
00	00	00	64	00	4f	00	01	01	00	
00	00	00	13	01	16	01	03	9c	ff	
c8	79	07	00	00	04	00	18	e8	01	
00	0f	01	00	00	1f	00	8e	fe	5b	
01	01	00	00	00	01	00	03	00	04	
00	02	00	05	00	02	00	02	00	01	
00	01	00	00	00	00	00	00	00	00	
00	02	00	02	00	ff	ff	06	00	08	
00	03	00	04	01	43	00	43	00	43	
00	36	00	51	00	02	fe	ff	06	00	
fd	ff	ff	ff	00	00	01	00	f7	00	
51	00	36	00	51	00	36	00	36	00	
02	54	00	01	00	00	00	17	71	27	
3f	00	00	d4	41	b0	79	87	16	d9	
3d	01	00	00	00	00	00	0f	04	00	
cc	cc	4c	3c	0a	d7	23	bd	b8	1e	
05	3d	03	03	03	03	03	03	