55	45	4c	59	53	59	53	08	1a	c5	
91	00	c9	00	0f	ed	10	18	93	01	
00	58	08	00	00	21	01	01	01	01	
01	e2	00	01	00	00	00	40	01	02	
00	00	00	64	00	4f	00	01	01	00	
00	00	00	13	01	16	01	03	93	ff	
dc	6d	07	00	00	04	00	bb	61	01	
00	0f	01	00	00	1d	00	8e	fe	59	
01	01	00	00	00	01	00	03	00	04	
00	02	00	05	00	02	00	02	00	01	
00	01	00	00	00	00	00	00	00	00	
00	02	00	02	00	fe	ff	06	00	08	
00	03	00	f5	00	36	00	43	00	35	
00	28	00	43	00	02	fe	ff	06	00	
fc	ff	ff	ff	00	00	01	00	e8	00	
51	00	36	00	51	00	36	00	36	00	
02	54	00	01	00	00	00	05	37	56	
3e	00	00	d4	41	c4	6d	f8	53	e3	
3d	01	00	00	00	00	00	0f	04	00	
0a	d7	23	3c	99	99	19	bd	8f	c2	
f5	3c	03	03	03	03	03	03	