55	45	4c	59	53	59	53	08	1a	c0	
29	00	c9	00	0f	50	a0	d5	e4	02	
00	85	00	00	00	21	01	01	01	01	
01	ec	00	00	01	00	00	2d	01	02	
00	00	00	64	00	4f	00	01	01	00	
00	00	00	06	01	0a	01	03	5f	ff	
8c	78	07	00	00	04	00	93	97	00	
00	0f	01	00	00	21	00	8e	fe	52	
01	01	00	b1	00	01	00	03	00	04	
00	02	00	5d	01	02	00	02	00	01	
00	01	00	01	00	00	00	00	01	00	
00	02	00	02	00	ff	ff	06	00	08	
00	03	00	f5	00	36	00	36	00	35	
00	36	00	51	00	02	fe	ff	06	00	
fd	ff	ff	ff	00	00	01	00	e8	00	
51	00	36	00	51	00	36	00	36	00	
02	54	00	01	00	00	00	ed	82	06	
3f	00	00	d4	41	4c	78	39	b4	88	
bf	01	00	00	00	00	00	0f	04	00	
8f	c2	75	3c	b8	1e	05	bd	ad	47	
e1	3c	03	03	03	03	03	03	