55	45	4c	59	53	59	53	08	1a	c3	
18	00	c9	00	0f	a7	f8	41	97	04	
00	e2	04	00	00	21	01	01	01	01	
01	e2	00	01	00	00	00	4c	01	02	
00	00	00	64	00	4f	00	01	01	00	
00	00	00	22	01	24	01	03	98	ff	
4c	75	07	00	00	04	00	aa	e7	00	
00	0f	01	00	00	1e	00	8e	fe	59	
01	01	00	00	00	01	00	03	00	04	
00	02	00	05	00	02	00	02	00	01	
00	01	00	00	00	00	00	00	00	00	
00	03	00	02	00	ff	ff	06	00	08	
00	03	00	04	01	43	00	43	00	35	
00	36	00	51	00	02	ff	ff	06	00	
fd	ff	ff	ff	00	00	01	00	f7	00	
5e	00	36	00	5e	00	36	00	44	00	
02	54	00	01	00	00	00	00	76	fe	
3e	00	00	e2	41	3d	75	87	16	d9	
3d	01	00	00	00	00	00	0f	04	00	
0a	d7	23	3c	29	5c	0f	bd	99	99	
19	3d	03	03	03	03	03	03	