55	45	4c	59	53	59	53	08	1a	c1	
2c	00	c9	00	0f	69	3a	16	8c	01	
00	c0	01	00	00	21	01	01	01	01	
01	e2	00	01	00	00	00	40	01	02	
00	00	00	64	00	4f	00	01	01	00	
00	00	00	13	01	16	01	03	9b	ff	
95	79	07	00	00	04	00	a2	e5	01	
00	0f	01	00	00	1d	00	8e	fe	5a	
01	01	00	00	00	01	00	03	00	04	
00	02	00	05	00	02	00	02	00	01	
00	01	00	00	00	00	00	00	00	00	
00	02	00	02	00	fe	ff	06	00	08	
00	03	00	f5	00	43	00	43	00	43	
00	28	00	43	00	02	fe	ff	06	00	
fc	ff	ff	ff	00	00	01	00	e8	00	
51	00	36	00	5e	00	36	00	36	00	
02	54	00	01	00	00	00	cd	a9	25	
3f	00	00	d4	41	83	79	87	16	d9	
3d	01	00	00	00	00	00	0f	04	00	
0a	d7	23	3b	8f	c2	f5	bc	8f	c2	
f5	3c	03	03	03	03	03	03	