55	45	4c	59	53	59	53	08	1a	c4	
c6	00	c9	00	0f	d5	46	18	98	01	
00	27	07	00	00	21	01	01	01	01	
01	e2	00	01	00	00	00	3f	01	02	
00	00	00	64	00	4f	00	01	01	00	
00	00	00	10	01	14	01	03	94	ff	
5e	70	07	00	00	04	00	88	79	01	
00	0f	01	00	00	1e	00	8e	fe	5b	
01	01	00	00	00	01	00	03	00	04	
00	02	00	05	00	02	00	02	00	01	
00	01	00	00	00	00	00	00	00	00	
00	02	00	02	00	ff	ff	06	00	08	
00	03	00	f5	00	43	00	43	00	43	
00	36	00	43	00	02	ff	ff	06	00	
fd	ff	ff	ff	00	00	01	00	e8	00	
51	00	36	00	51	00	36	00	36	00	
02	54	00	01	00	00	00	a6	a3	93	
3e	00	00	d4	41	45	70	f8	53	e3	
3d	01	00	00	00	00	00	0f	04	00	
cc	cc	4c	3c	eb	51	38	bd	b8	1e	
05	3d	03	03	03	03	03	03	