55	45	4c	59	53	59	53	08	1a	c1	
36	00	c9	00	0f	6f	7c	3f	8e	04	
00	0f	02	00	00	21	01	01	01	01	
01	e2	00	01	00	00	00	57	01	02	
00	00	00	64	00	4f	00	01	01	00	
00	00	00	27	01	2a	01	03	77	ff	
fc	7b	07	00	00	04	00	2d	20	01	
00	0f	01	00	00	1c	00	8e	fe	5a	
01	01	00	00	00	01	00	03	00	04	
00	02	00	55	01	02	00	02	00	01	
00	01	00	00	00	00	00	00	01	00	
00	03	00	02	00	ff	ff	06	00	08	
00	03	00	04	01	51	00	43	00	43	
00	36	00	51	00	02	ff	ff	06	00	
fc	ff	ff	ff	00	00	01	00	07	01	
5e	00	44	00	6c	00	44	00	44	00	
02	54	00	01	00	00	00	54	f7	36	
3f	00	00	e4	41	e0	7b	0a	d7	a3	
bd	01	00	00	00	00	00	0f	04	00	
0a	d7	23	3c	b8	1e	05	bd	99	99	
19	3d	03	03	03	03	03	03	