55	45	4c	59	53	59	53	08	1a	c2	
fd	00	c9	00	0f	a4	ce	3f	97	04	
00	ba	04	00	00	21	01	01	01	01	
01	e2	00	01	00	00	00	50	01	02	
00	00	00	64	00	4f	00	01	01	00	
00	00	00	22	01	26	01	03	98	ff	
91	75	07	00	00	04	00	d4	ea	00	
00	2c	01	00	00	1b	00	8e	fe	60	
01	01	00	00	00	01	00	03	00	04	
00	02	00	05	00	02	00	02	00	01	
00	01	00	00	00	00	00	00	00	00	
00	03	00	02	00	ff	ff	06	00	08	
00	03	00	04	01	43	00	43	00	43	
00	36	00	51	00	02	fe	ff	06	00	
fd	ff	ff	ff	00	00	01	00	f7	00	
5e	00	44	00	5e	00	36	00	44	00	
02	54	00	01	00	00	00	c4	15	02	
3f	00	00	e2	41	7b	75	87	16	d9	
3d	01	00	00	00	00	00	0f	04	00	
0a	d7	a3	3b	b8	1e	05	bd	29	5c	
0f	3d	03	03	03	03	03	03	