55	45	4c	59	53	59	53	08	1a	c0	
f9	00	c9	00	0f	63	40	04	7b	01	
00	74	01	00	00	21	01	01	01	01	
01	e2	00	01	00	00	00	4e	01	02	
00	00	00	64	00	4f	00	01	01	00	
00	00	00	1f	01	22	01	03	97	ff	
ff	73	07	00	00	04	00	da	5f	02	
00	0f	01	00	00	1b	00	8e	fe	62	
01	01	00	00	00	01	00	03	00	04	
00	02	00	05	00	02	00	02	00	01	
00	01	00	00	00	00	00	00	00	00	
00	03	00	02	00	fe	ff	06	00	08	
00	03	00	04	01	43	00	43	00	43	
00	36	00	51	00	02	fe	ff	06	00	
fd	ff	ff	ff	00	00	01	00	e8	00	
51	00	44	00	5e	00	36	00	44	00	
02	54	00	01	00	00	00	38	2c	e7	
3e	00	00	dd	41	eb	73	87	16	d9	
3d	01	00	00	00	00	00	0b	04	00	
8f	c2	f5	3b	29	5c	0f	bd	b8	1e	
05	3d	03	03	03	03	03	03	