55	45	4c	59	53	59	53	08	1a	c0	
e3	00	c9	00	0f	60	ac	18	93	01	
00	53	01	00	00	21	01	01	01	01	
01	e2	00	01	00	00	00	43	01	02	
00	00	00	64	00	4f	00	01	01	00	
00	00	00	13	01	18	01	03	9c	ff	
38	7a	07	00	00	04	00	31	ee	01	
00	0f	01	00	00	1f	00	8e	fe	5a	
01	01	00	00	00	01	00	03	00	04	
00	02	00	05	00	02	00	02	00	01	
00	01	00	00	00	00	00	00	00	00	
00	02	00	02	00	ff	ff	06	00	07	
00	03	00	04	01	36	00	36	00	28	
00	1b	00	43	00	02	fe	ff	06	00	
fc	ff	ff	ff	00	00	01	00	e8	00	
51	00	36	00	5e	00	44	00	36	00	
02	54	00	01	00	00	00	09	f6	2b	
3f	00	00	d4	41	40	7a	87	16	d9	
3d	01	00	00	00	00	00	0f	04	00	
8f	c2	75	3c	0a	d7	23	bd	b8	1e	
05	3d	03	03	03	03	03	03	