55	45	4c	59	53	59	53	08	1a	c0	
35	00	c9	00	0f	4c	48	10	a3	01	
00	4e	00	00	00	21	01	01	01	01	
01	e2	00	01	00	00	00	56	01	02	
00	00	00	64	00	4f	00	01	01	00	
00	00	00	1f	01	22	01	03	61	ff	
e3	72	07	00	00	04	00	5a	56	02	
00	0f	01	00	00	1b	00	1d	00	59	
01	01	00	00	00	01	00	03	00	04	
00	4c	01	05	00	02	00	02	00	01	
01	01	00	00	00	00	00	01	00	00	
00	02	00	02	00	fe	ff	06	00	08	
00	03	00	04	01	43	00	43	00	43	
00	36	00	51	00	02	ff	ff	06	00	
fd	ff	ff	ff	00	00	01	00	e8	00	
51	00	44	00	5e	00	36	00	36	00	
02	54	00	01	00	00	00	a4	57	d0	
3e	00	00	dd	41	d7	72	c3	f5	28	
3e	01	00	00	00	00	00	0b	04	00	
29	5c	8f	3c	8f	c2	f5	bc	b8	1e	
05	3d	03	03	03	03	03	03	