55	45	4c	59	53	59	53	08	1a	c5	
9d	00	c9	00	0f	ee	78	18	92	01	
00	6a	08	00	00	21	01	01	01	01	
01	e2	00	01	00	00	00	40	01	02	
00	00	00	64	00	4f	00	01	01	00	
00	00	00	13	01	16	01	03	91	ff	
b1	6d	07	00	00	04	00	53	60	01	
00	2c	01	00	00	1e	00	8e	fe	62	
01	01	00	00	00	01	00	03	00	04	
00	02	00	05	00	02	00	02	00	01	
00	01	00	00	00	00	00	00	00	00	
00	02	00	02	00	ff	ff	06	00	08	
00	03	00	f5	00	36	00	43	00	43	
00	28	00	43	00	02	fe	ff	06	00	
fd	ff	ff	ff	00	00	01	00	e8	00	
51	00	36	00	5e	00	36	00	36	00	
02	54	00	01	00	00	00	2e	dc	50	
3e	00	00	d4	41	98	6d	f8	53	e3	
3d	01	00	00	00	00	00	0f	04	00	
8f	c2	75	3c	29	5c	0f	bd	29	5c	
0f	3d	03	03	03	03	03	03	