55	45	4c	59	53	59	53	08	1a	c0	
69	00	c9	00	0f	52	60	14	9c	01	
00	9c	00	00	00	21	01	01	01	01	
01	e2	00	01	00	00	00	49	01	02	
00	00	00	64	00	4f	00	01	01	00	
00	00	00	1d	01	21	01	03	77	ff	
f7	7b	07	00	00	04	00	be	39	02	
00	2c	01	00	00	1d	00	8e	fe	59	
01	01	00	00	00	01	00	03	00	04	
00	42	01	05	00	02	00	02	00	01	
00	01	00	00	00	00	00	01	00	00	
00	03	00	02	00	fe	ff	06	00	08	
00	03	00	04	01	43	00	43	00	43	
00	51	00	28	00	02	ff	ff	06	00	
fd	ff	ff	ff	00	00	01	00	f7	00	
5e	00	51	00	5e	00	51	00	44	00	
02	54	00	01	00	00	00	b9	63	31	
3f	00	00	ea	41	e0	7b	ee	7c	3f	
be	01	00	00	00	00	00	0f	04	00	
8f	c2	75	3c	8f	c2	f5	bc	b8	1e	
05	3d	03	03	03	03	03	03	