55	45	4c	59	53	59	53	08	1a	c2	
2a	00	c9	00	0f	8c	be	d5	f8	02	
00	86	03	00	00	21	01	01	01	01	
01	ec	00	00	01	00	00	1e	01	02	
00	00	00	64	00	4f	00	01	01	00	
00	00	00	f7	00	fb	00	03	99	ff	
3c	76	07	00	00	04	00	6d	5b	00	
00	0f	01	00	00	24	00	8e	fe	53	
01	01	00	00	00	01	00	03	00	04	
00	02	00	05	00	02	00	02	00	01	
00	01	00	00	00	00	00	00	00	00	
00	02	00	02	00	ff	ff	06	00	08	
00	03	00	f5	00	36	00	36	00	35	
00	28	00	43	00	02	fe	ff	06	00	
fd	ff	ff	ff	00	00	01	00	f7	00	
28	00	36	00	43	00	36	00	51	00	
02	54	00	01	00	00	00	7c	f7	09	
3f	00	00	c0	41	40	76	87	16	d9	
3d	01	00	00	00	00	00	0f	04	00	
8f	c2	f5	3b	8f	c2	f5	bc	b8	1e	
05	3d	03	03	03	03	03	03	