55	45	4c	59	53	59	53	08	1a	c0	
45	00	c9	00	0f	4e	28	18	94	01	
00	66	00	00	00	21	01	01	01	01	
01	e2	00	01	00	00	00	57	01	02	
00	00	00	64	00	4f	00	01	01	00	
00	00	00	1d	01	21	01	03	9d	ff	
b0	7b	07	00	00	04	00	b7	00	02	
00	2c	01	00	00	1b	00	8e	fe	80	
01	01	00	00	00	01	00	03	00	04	
00	02	00	05	00	02	00	02	00	01	
00	01	00	00	00	00	00	00	00	00	
00	02	00	02	00	ff	ff	06	00	08	
00	03	00	04	01	43	00	43	00	43	
00	36	00	51	00	02	fe	ff	06	00	
fd	ff	ff	ff	00	00	01	00	f7	00	
5e	00	44	00	5e	00	36	00	36	00	
02	54	00	01	00	00	00	94	77	39	
3f	00	00	dd	41	99	7b	17	d9	ce	
3d	01	00	00	00	00	00	0f	04	00	
0a	d7	23	3c	8f	c2	f5	bc	ad	47	
e1	3c	03	03	03	03	03	03	