55	45	4c	59	53	59	53	08	1a	c0	
3e	00	c9	00	0f	ef	1a	91	e5	04	
00	70	08	00	00	21	01	01	01	01	
01	ee	00	01	00	00	00	2d	01	04	
00	00	00	02	00	50	00	01	01	00	
00	00	00	04	01	08	01	03	63	ff	
c3	7a	07	00	00	05	00	c5	9b	02	
00	00	00	00	00	22	00	8e	fe	53	
01	01	00	b0	00	01	00	03	00	04	
00	5c	01	05	00	02	00	02	00	01	
00	01	00	01	00	00	00	01	00	00	
00	03	00	02	00	ff	ff	06	00	08	
00	03	00	04	01	43	00	43	00	28	
00	28	00	28	00	02	fe	ff	06	00	
fc	ff	ff	ff	00	00	01	00	f7	00	
51	00	51	00	51	00	36	00	44	00	
02	55	00	01	00	00	00	ff	36	33	
3f	00	00	cc	41	b2	7a	7b	14	2e	
3e	01	00	00	00	00	00	0f	04	00	
cc	cc	4c	3c	29	5c	0f	bd	b8	1e	
05	3d	03	03	03	03	03	03	