55	45	4c	59	53	59	53	08	1a	c0	
01	00	c9	00	0f	e5	7c	eb	c5	0f	
00	f1	07	00	00	21	01	01	01	01	
01	ea	00	01	00	00	00	2f	01	02	
00	00	00	64	00	4f	00	01	01	00	
00	00	00	04	01	07	01	03	4d	ff	
84	75	07	00	00	04	00	87	a8	00	
00	2c	01	00	00	92	00	5b	ff	9d	
04	01	00	00	00	01	00	03	00	04	
00	02	00	05	00	02	00	02	00	00	
00	01	00	00	00	00	00	00	00	00	
00	03	00	02	00	ff	ff	06	00	08	
00	03	00	f5	00	36	00	36	00	35	
00	28	00	43	00	02	fe	ff	06	00	
fd	ff	ff	ff	00	00	01	00	e8	00	
51	00	36	00	51	00	36	00	36	00	
02	54	00	01	00	00	00	f6	3c	02	
3f	00	00	cc	41	8e	75	10	58	39	
3e	01	00	00	00	00	00	0f	00	00	
00	00	00	00	00	00	00	00	00	00	
00	00	00	00	00	00	00	00	