55	45	4c	59	53	59	53	08	1a	c2	
24	00	c9	00	0f	ce	d5	b9	e3	03	
00	d3	06	00	00	21	01	01	01	01	
01	ed	00	01	00	00	00	20	01	02	
00	00	00	64	00	4f	00	01	01	00	
00	00	00	fa	00	fd	00	03	95	ff	
60	71	07	00	00	04	00	28	19	00	
00	0f	01	00	00	25	00	8e	fe	53	
01	01	00	00	00	01	00	03	00	04	
00	02	00	05	00	02	00	02	00	01	
00	01	00	00	00	00	00	00	00	00	
00	02	00	02	00	ff	ff	06	00	08	
00	03	00	14	01	28	00	28	00	43	
00	43	00	28	00	02	fe	ff	06	00	
fd	ff	ff	ff	00	00	01	00	e8	00	
36	00	36	00	43	00	28	00	36	00	
02	54	00	01	00	00	00	aa	ac	a8	
3e	00	00	c0	41	61	71	f8	53	e3	
3d	01	00	00	00	00	00	0f	04	00	
8f	c2	75	3c	b8	1e	05	bd	29	5c	
0f	3d	03	03	03	03	03	03	