55	45	4c	59	53	59	53	08	1a	c0	
47	00	c9	00	d3	ef	6e	12	42	01	
00	69	00	00	00	21	01	01	01	01	
01	e2	00	01	00	00	00	5a	01	02	
00	00	00	64	00	4f	00	01	01	00	
00	00	00	22	01	24	01	03	6d	ff	
b8	72	07	00	00	04	00	3d	54	02	
00	2c	01	00	00	1e	00	8e	fe	58	
01	01	00	00	00	01	00	03	00	04	
00	48	01	05	00	02	00	02	00	01	
00	01	00	00	00	00	00	01	00	00	
00	03	00	02	00	ff	ff	06	00	07	
00	03	00	04	01	43	00	43	00	43	
00	36	00	51	00	02	fe	ff	06	00	
fd	ff	ff	ff	00	00	01	00	f7	00	
51	00	36	00	5e	00	36	00	36	00	
02	54	00	01	00	00	00	43	34	cb	
3e	00	00	dd	41	ab	72	2d	b2	1d	
3e	01	00	00	00	00	00	0b	04	00	
8f	c2	75	3c	29	5c	0f	bd	b8	1e	
05	3d	03	03	03	03	03	03	