55	45	4c	59	53	59	53	08	1a	c3	
9a	00	c9	00	0f	b2	1e	16	9b	01	
00	65	05	00	00	21	01	01	01	01	
01	e2	00	01	00	00	00	3d	01	02	
00	00	00	64	00	4f	00	01	01	00	
00	00	00	10	01	13	01	03	96	ff	
e6	72	07	00	00	04	00	b5	9c	01	
00	2c	01	00	00	1b	00	8e	fe	59	
01	01	00	00	00	01	00	03	00	04	
00	02	00	05	00	02	00	02	00	01	
00	01	00	00	00	00	00	00	00	00	
00	02	00	02	00	ff	ff	06	00	08	
00	03	00	f5	00	36	00	36	00	35	
00	28	00	51	00	02	fe	ff	06	00	
fd	ff	ff	ff	00	00	01	00	e8	00	
51	00	36	00	51	00	36	00	36	00	
02	54	00	01	00	00	00	01	12	cd	
3e	00	00	ce	41	e9	72	b2	9d	ef	
3d	01	00	00	00	00	00	0f	04	00	
0a	d7	23	3b	b8	1e	05	bd	8f	c2	
f5	3c	03	03	03	03	03	03	