55	45	4c	59	53	59	53	08	1a	c5	
09	00	c9	00	0f	dd	20	16	9b	01	
00	8c	07	00	00	21	01	01	01	01	
01	e2	00	01	00	00	00	3f	01	02	
00	00	00	64	00	4f	00	01	01	00	
00	00	00	10	01	15	01	03	93	ff	
b8	6f	07	00	00	04	00	ad	71	01	
00	0f	01	00	00	1e	00	8e	fe	59	
01	01	00	00	00	01	00	03	00	04	
00	02	00	05	00	02	00	02	00	01	
00	01	00	00	00	00	00	00	00	00	
00	02	00	02	00	ff	ff	06	00	08	
00	03	00	f5	00	36	00	36	00	35	
00	28	00	43	00	02	ff	ff	06	00	
fc	ff	ff	ff	00	00	01	00	e8	00	
51	00	36	00	51	00	36	00	36	00	
02	54	00	01	00	00	00	a6	e5	86	
3e	00	00	d4	41	a5	6f	f8	53	e3	
3d	01	00	00	00	00	00	0f	04	00	
0a	d7	23	3c	5c	8f	42	bd	ad	47	
e1	3c	03	03	03	03	03	03	