55	45	4c	59	53	59	53	08	1a	c2	
d1	00	c9	00	0f	9a	90	16	6b	01	
00	38	04	00	00	21	01	01	01	01	
01	e2	00	01	00	00	00	3d	01	02	
00	00	00	64	00	4f	00	01	01	00	
00	00	00	0e	01	13	01	03	97	ff	
ba	74	07	00	00	04	00	45	b4	01	
00	2c	01	00	00	20	00	8e	fe	5a	
01	01	00	00	00	01	00	03	00	04	
00	02	00	05	00	02	00	02	00	01	
00	01	00	00	00	00	00	00	00	00	
00	02	00	02	00	fe	ff	06	00	07	
00	03	00	f5	00	43	00	36	00	35	
00	36	00	43	00	02	fe	ff	06	00	
fc	ff	ff	ff	00	00	01	00	e8	00	
51	00	36	00	51	00	36	00	36	00	
02	54	00	01	00	00	00	64	50	f6	
3e	00	00	ce	41	c1	74	87	16	d9	
3d	01	00	00	00	00	00	0f	04	00	
8f	c2	f5	3b	8f	c2	f5	bc	8f	c2	
f5	3c	03	03	03	03	03	03	