55	45	4c	59	53	59	53	08	1a	c0	
0f	00	c9	00	0f	47	d4	16	9d	01	
00	15	00	00	00	21	01	01	01	01	
01	e2	00	01	00	00	00	52	01	02	
00	00	00	64	00	4f	00	01	01	00	
00	00	00	1f	01	22	01	03	95	fe	
0f	7c	07	00	00	04	00	0c	07	02	
00	0f	01	00	00	1b	00	d5	01	59	
01	01	00	00	00	01	00	03	00	04	
00	02	00	58	01	cd	00	02	00	01	
01	01	00	00	00	00	00	00	01	01	
00	02	00	02	00	ff	ff	06	00	08	
00	03	00	04	01	43	00	43	00	43	
00	36	00	51	00	02	ff	ff	06	00	
fc	ff	ff	ff	00	00	01	00	f7	00	
5e	00	44	00	6c	00	44	00	51	00	
02	54	00	01	00	00	00	11	95	3b	
3f	00	00	dc	41	fb	7b	50	8d	97	
3d	01	00	00	00	00	00	0b	04	00	
0a	d7	23	3c	29	5c	0f	bd	8f	c2	
f5	3c	03	03	03	03	03	03	