55	45	4c	59	53	59	53	08	1a	c0	
6c	00	c9	00	0f	52	ba	16	9a	01	
00	a0	00	00	00	21	01	01	01	01	
01	e2	00	01	00	00	00	4d	01	02	
00	00	00	64	00	4f	00	01	01	00	
00	00	00	1a	01	1e	01	03	9c	ff	
4a	7b	07	00	00	04	00	24	fc	01	
00	2c	01	00	00	1c	00	8f	fe	59	
01	01	00	00	00	01	00	03	00	04	
00	02	00	05	00	02	00	02	00	01	
00	01	00	00	00	00	00	00	00	00	
00	03	00	02	00	ff	ff	06	00	08	
00	03	00	04	01	43	00	43	00	43	
00	36	00	51	00	02	fe	ff	06	00	
fc	ff	ff	ff	00	00	01	00	e8	00	
5e	00	44	00	5e	00	44	00	36	00	
02	54	00	01	00	00	00	85	3c	36	
3f	00	00	dc	41	37	7b	17	d9	ce	
3d	01	00	00	00	00	00	0f	04	00	
0a	d7	23	3b	b8	1e	05	bd	8f	c2	
f5	3c	03	03	03	03	03	03	