55	45	4c	59	53	59	53	08	1a	c1	
f4	00	c9	00	0f	86	6a	d7	e2	02	
00	35	03	00	00	21	01	01	01	01	
01	ec	00	00	01	00	00	1f	01	02	
00	00	00	64	00	4f	00	01	01	00	
00	00	00	f7	00	fc	00	03	9a	ff	
bf	76	07	00	00	04	00	c2	61	00	
00	0f	01	00	00	21	00	8e	fe	53	
01	01	00	00	00	01	00	03	00	04	
00	02	00	05	00	02	00	02	00	01	
00	01	00	00	00	00	00	00	00	00	
00	03	00	02	00	fe	ff	06	00	08	
00	03	00	f5	00	28	00	28	00	43	
00	28	00	43	00	02	fe	ff	06	00	
fc	ff	ff	ff	00	00	01	00	e8	00	
51	00	36	00	51	00	36	00	36	00	
02	54	00	01	00	00	00	86	3e	0f	
3f	00	00	c1	41	c5	76	87	16	d9	
3d	01	00	00	00	00	00	0f	04	00	
0a	d7	23	3c	ad	47	e1	bc	ad	47	
e1	3c	03	03	03	03	03	03	