55	45	4c	59	53	59	53	08	1a	c3	
42	00	c9	00	0f	ac	e4	3f	86	04	
00	21	05	00	00	21	01	01	01	01	
01	e2	00	01	00	00	00	4d	01	02	
00	00	00	64	00	4f	00	01	01	00	
00	00	00	22	01	24	01	03	83	ff	
c4	74	07	00	00	04	00	be	e2	00	
00	0f	01	00	00	21	00	8e	fe	59	
01	01	00	b0	00	01	00	03	00	04	
00	02	00	05	00	02	00	02	00	01	
00	01	00	01	00	00	00	00	00	00	
00	03	00	02	00	ff	ff	06	00	08	
00	03	00	04	01	43	00	43	00	43	
00	28	00	51	00	02	ff	ff	06	00	
fd	ff	ff	ff	00	00	01	00	f7	00	
51	00	44	00	5e	00	44	00	36	00	
02	54	00	01	00	00	00	cf	74	f4	
3e	00	00	de	41	af	74	4a	0c	02	
3e	01	00	00	00	00	00	0f	04	00	
0a	d7	23	3b	29	5c	0f	bd	0a	d7	
23	3d	03	03	03	03	03	03	