55	45	4c	59	53	59	53	08	1a	c0	
d0	00	c9	00	0f	5e	72	04	7b	01	
00	36	01	00	00	21	01	01	01	01	
01	e2	00	01	00	00	00	58	01	02	
00	00	00	64	00	4f	00	01	01	00	
00	00	00	22	01	26	01	03	97	ff	
5f	74	07	00	00	04	00	a8	64	02	
00	0f	01	00	00	1e	00	8e	fe	5b	
01	01	00	00	00	01	00	03	00	04	
00	02	00	05	00	02	00	02	00	01	
00	01	00	00	00	00	00	00	00	00	
00	02	00	02	00	fe	ff	06	00	08	
00	03	00	f5	00	43	00	43	00	43	
00	28	00	51	00	02	fe	ff	06	00	
fc	ff	ff	ff	00	00	01	00	f7	00	
51	00	36	00	5e	00	36	00	36	00	
02	54	00	01	00	00	00	0b	cd	ef	
3e	00	00	de	41	4d	74	f8	53	e3	
3d	01	00	00	00	00	00	0b	04	00	
8f	c2	75	3c	29	5c	0f	bd	29	5c	
0f	3d	03	03	03	03	03	03	