55	45	4c	59	53	59	53	08	1a	c0	
6e	00	c9	00	0f	52	f6	14	7c	01	
00	a3	00	00	00	21	01	01	01	01	
01	e2	00	01	00	00	00	49	01	02	
00	00	00	64	00	4f	00	01	01	00	
00	00	00	1d	01	21	01	03	7a	ff	
02	7c	07	00	00	04	00	28	39	02	
00	2c	01	00	00	1e	00	8e	fe	52	
01	01	00	00	00	01	00	03	00	04	
00	49	01	05	00	02	00	02	00	01	
00	01	00	00	00	00	00	01	00	00	
00	02	00	02	00	ff	ff	06	00	08	
00	03	00	f5	00	43	00	43	00	43	
00	28	00	43	00	02	fe	ff	06	00	
fd	ff	ff	ff	00	00	01	00	f7	00	
5e	00	44	00	5e	00	44	00	51	00	
02	54	00	01	00	00	00	d1	2f	32	
3f	00	00	ea	41	e9	7b	58	39	34	
be	01	00	00	00	00	00	0f	04	00	
0a	d7	23	3c	29	5c	0f	bd	b8	1e	
05	3d	03	03	03	03	03	03	