55	45	4c	59	53	59	53	08	1a	c0	
09	00	c9	00	0f	47	20	02	b6	01	
00	0c	00	00	00	21	01	01	01	01	
01	e2	00	01	00	00	00	46	01	02	
00	00	00	64	00	4f	00	01	01	00	
00	00	00	1a	01	1d	01	03	67	ff	
10	78	07	00	00	04	00	fd	7b	02	
00	0f	01	00	00	1b	00	8e	fe	5c	
01	01	00	00	00	01	00	03	00	04	
00	02	00	05	00	f7	00	02	00	01	
00	01	00	00	00	00	00	00	00	01	
00	03	00	02	00	ff	ff	06	00	08	
00	03	00	04	01	43	00	43	00	43	
00	36	00	51	00	02	fe	ff	06	00	
fc	ff	ff	ff	00	00	01	00	f7	00	
51	00	36	00	5e	00	36	00	36	00	
02	54	00	01	00	00	00	e8	ad	1c	
3f	00	00	dc	41	fc	77	c3	f5	28	
3e	01	00	00	00	00	00	0f	04	00	
cc	cc	4c	3c	8f	c2	f5	bc	b8	1e	
05	3d	03	03	03	03	03	03	