55	45	4c	59	53	59	53	08	1a	c0	
38	00	c9	00	0f	95	2d	b9	e3	03	
00	f1	03	00	00	21	01	01	01	01	
01	ed	00	01	00	00	00	1d	01	02	
00	00	00	64	00	4f	00	01	01	00	
00	00	00	f5	00	fa	00	03	99	ff	
8b	75	07	00	00	04	00	d7	52	00	
00	0f	01	00	00	21	00	8e	fe	62	
01	01	00	00	00	01	00	03	00	04	
00	02	00	05	00	02	00	02	00	01	
00	01	00	00	00	00	00	00	00	00	
00	02	00	02	00	fe	ff	06	00	08	
00	03	00	14	01	1b	00	28	00	43	
00	43	00	1b	00	02	fe	ff	06	00	
fd	ff	ff	ff	00	00	01	00	d8	00	
36	00	36	00	43	00	1b	00	36	00	
02	54	00	01	00	00	00	c0	d4	02	
3f	00	00	be	41	8e	75	87	16	d9	
3d	01	00	00	00	00	00	0f	04	00	
0a	d7	23	3c	ad	47	e1	bc	b8	1e	
05	3d	03	03	03	03	03	03	