55	45	4c	59	53	59	53	08	1a	c0	
22	00	c9	00	0f	4f	24	3f	97	04	
00	71	00	00	00	21	01	01	01	01	
01	e2	00	01	00	00	00	4e	01	02	
00	00	00	64	00	4f	00	01	01	00	
00	00	00	22	01	25	01	03	76	ff	
90	7b	07	00	00	04	00	89	40	01	
00	0f	01	00	00	1e	00	8e	fe	58	
01	01	00	00	00	01	00	03	00	04	
00	02	00	59	01	02	00	02	00	01	
00	01	00	00	00	00	00	00	01	00	
00	03	00	02	00	ff	ff	06	00	08	
00	03	00	04	01	43	00	43	00	43	
00	36	00	51	00	02	fe	ff	06	00	
fd	ff	ff	ff	00	00	01	00	f7	00	
51	00	44	00	5e	00	36	00	36	00	
02	54	00	01	00	00	00	9e	07	2d	
3f	00	00	e4	41	6d	7b	ee	7c	bf	
be	01	00	00	00	00	00	0f	04	00	
cc	cc	4c	3c	29	5c	0f	bd	29	5c	
0f	3d	03	03	03	03	03	03	