55	45	4c	59	53	59	53	08	1a	c2	
0e	00	c9	00	0f	88	cc	3f	ab	04	
00	53	03	00	00	21	01	01	01	01	
01	e2	00	01	00	00	00	63	01	02	
00	00	00	64	00	4f	00	01	01	00	
00	00	00	40	01	44	01	03	78	fe	
56	76	07	00	00	04	00	da	06	01	
00	0f	01	00	00	1a	00	8f	fe	57	
01	01	00	00	00	01	00	cc	04	b9	
00	02	00	52	01	02	00	02	00	01	
00	01	00	00	00	01	01	00	01	00	
00	03	00	02	00	ff	ff	06	00	08	
00	03	00	04	01	51	00	51	00	43	
00	36	00	51	00	02	ff	ff	06	00	
fd	ff	ff	ff	00	00	01	00	f7	00	
5e	00	44	00	5e	00	44	00	44	00	
02	54	00	01	00	00	00	88	29	10	
3f	00	00	f2	41	51	76	83	c0	ca	
3e	01	00	00	00	00	00	0f	04	00	
0a	d7	23	3b	b8	1e	05	bd	8f	c2	
f5	3c	03	03	03	03	03	03	