55	45	4c	59	53	59	53	08	1a	c1	
77	00	c9	00	0f	77	c4	d5	eb	02	
00	7a	02	00	00	21	01	01	01	01	
01	ec	00	00	01	00	00	24	01	02	
00	00	00	64	00	4f	00	01	01	00	
00	00	00	fc	00	00	01	03	74	ff	
6b	78	07	00	00	04	00	6a	70	00	
00	0f	01	00	00	21	00	8e	fe	52	
01	01	00	00	00	01	00	03	00	04	
00	02	00	5d	01	02	00	02	00	01	
00	01	00	00	00	00	00	00	01	00	
00	02	00	02	00	ff	ff	06	00	08	
00	03	00	f5	00	36	00	36	00	35	
00	36	00	43	00	02	ff	ff	06	00	
fc	ff	ff	ff	00	00	01	00	e8	00	
43	00	36	00	51	00	36	00	36	00	
02	54	00	01	00	00	00	d8	ce	1b	
3f	00	00	c2	41	71	78	75	93	18	
3e	01	00	00	00	00	00	0f	04	00	
cc	cc	4c	3c	8f	c2	f5	bc	8f	c2	
f5	3c	03	03	03	03	03	03	