55	45	4c	59	53	59	53	08	1a	c0	
83	00	c9	00	0f	55	6c	14	9b	01	
00	c3	00	00	00	21	01	01	01	01	
01	e2	00	01	00	00	00	48	01	02	
00	00	00	64	00	4f	00	01	01	00	
00	00	00	1d	01	20	01	03	78	ff	
29	7c	07	00	00	04	00	b2	36	02	
00	0f	01	00	00	1c	00	8f	fe	53	
01	01	00	00	00	01	00	03	00	04	
00	4f	01	05	00	02	00	02	00	01	
00	01	00	00	00	00	00	01	00	00	
00	03	00	02	00	ff	ff	06	00	08	
00	03	00	04	01	51	00	51	00	50	
00	43	00	5f	00	02	ff	ff	06	00	
fd	ff	ff	ff	00	00	01	00	f7	00	
5e	00	51	00	6c	00	44	00	51	00	
02	54	00	01	00	00	00	39	e2	34	
3f	00	00	e8	41	16	7c	b2	9d	ef	
bd	01	00	00	00	00	00	0f	04	00	
cc	cc	4c	3c	8f	c2	f5	bc	ad	47	
e1	3c	03	03	03	03	03	03	