55	45	4c	59	53	59	53	08	1a	c2	
03	00	c9	00	0f	87	82	3f	83	04	
00	43	03	00	00	21	01	01	01	01	
01	e2	00	01	00	00	00	61	01	02	
00	00	00	64	00	4f	00	01	01	00	
00	00	00	40	01	43	01	03	78	fe	
be	76	07	00	00	04	00	24	08	01	
00	2c	01	00	00	1d	00	8e	fe	5b	
01	01	00	00	00	01	00	cb	04	b9	
00	02	00	53	01	02	00	02	00	01	
00	01	00	00	00	01	01	00	01	00	
00	02	00	02	00	ff	ff	06	00	08	
00	03	00	04	01	43	00	51	00	43	
00	36	00	51	00	02	ff	ff	06	00	
fd	ff	ff	ff	00	00	01	00	f7	00	
5e	00	44	00	6c	00	44	00	44	00	
02	54	00	01	00	00	00	7f	e8	13	
3f	00	00	f0	41	bb	76	83	c0	ca	
3e	01	00	00	00	00	00	0f	04	00	
0a	d7	23	3c	99	99	19	bd	29	5c	
0f	3d	03	03	03	03	03	03	