55	45	4c	59	53	59	53	08	1a	c2	
e7	00	c9	00	0f	9d	24	16	98	01	
00	59	04	00	00	21	01	01	01	01	
01	e2	00	01	00	00	00	3d	01	02	
00	00	00	64	00	4f	00	01	01	00	
00	00	00	0e	01	13	01	03	97	ff	
83	74	07	00	00	04	00	b1	b1	01	
00	0f	01	00	00	1d	00	8e	fe	5a	
01	01	00	00	00	01	00	03	00	04	
00	02	00	05	00	02	00	02	00	01	
00	01	00	00	00	00	00	00	00	00	
00	03	00	02	00	ff	ff	06	00	08	
00	03	00	f5	00	36	00	43	00	43	
00	28	00	51	00	02	fe	ff	06	00	
fd	ff	ff	ff	00	00	01	00	e8	00	
51	00	36	00	5e	00	36	00	36	00	
02	54	00	01	00	00	00	fb	b4	f1	
3e	00	00	ce	41	70	74	87	16	d9	
3d	01	00	00	00	00	00	0f	04	00	
8f	c2	75	3c	0a	d7	23	bd	8f	c2	
f5	3c	03	03	03	03	03	03	