55	45	4c	59	53	59	53	08	1a	c5	
fd	00	c9	00	0f	f9	b8	16	92	01	
00	fa	08	00	00	21	01	01	01	01	
01	e2	00	01	00	00	00	44	01	02	
00	00	00	64	00	4f	00	01	01	00	
00	00	00	1a	01	1f	01	03	9c	ff	
f7	7a	07	00	00	04	00	12	55	01	
00	0f	01	00	00	1e	00	8e	fe	66	
01	01	00	00	00	01	00	03	00	04	
00	02	00	05	00	02	00	02	00	01	
00	01	00	00	00	00	00	00	00	00	
00	03	00	02	00	ff	ff	06	00	08	
00	03	00	04	01	43	00	43	00	43	
00	36	00	51	00	02	ff	ff	06	00	
fc	ff	ff	ff	00	00	01	00	e8	00	
51	00	44	00	5e	00	44	00	36	00	
02	54	00	01	00	00	00	10	d0	1c	
3f	00	00	fa	41	cc	7a	d5	78	29	
bf	01	00	00	00	00	00	0f	04	00	
0a	d7	23	3b	99	99	19	bd	8f	c2	
f5	3c	03	03	03	03	03	03	