55	45	4c	59	53	59	53	08	1a	c3	
7a	00	c9	00	0f	b3	74	3f	86	04	
00	75	05	00	00	21	01	01	01	01	
01	e2	00	01	00	00	00	4f	01	02	
00	00	00	64	00	4f	00	01	01	00	
00	00	00	1f	01	24	01	03	c1	fe	
a5	73	07	00	00	04	00	2d	dc	00	
00	0f	01	00	00	20	00	8e	fe	6c	
01	01	00	00	00	01	00	03	00	04	
00	02	00	05	00	02	00	02	00	01	
00	01	00	00	00	00	00	00	00	00	
00	03	00	02	00	ff	ff	06	00	08	
00	03	00	04	01	43	00	43	00	43	
00	36	00	51	00	02	ff	ff	06	00	
fd	ff	ff	ff	00	00	01	00	e8	00	
5e	00	36	00	5e	00	44	00	36	00	
02	54	00	01	00	00	00	61	35	e4	
3e	00	00	de	41	9b	73	79	e9	a6	
3e	01	00	00	00	00	00	0e	04	00	
0a	d7	23	3c	99	99	19	bd	29	5c	
0f	3d	03	03	03	03	03	03	