55	45	4c	59	53	59	53	08	1a	c1	
10	00	c9	00	0f	df	0e	26	9f	07	
00	a2	07	00	00	21	01	01	01	01	
01	e3	00	00	01	00	00	36	01	02	
00	00	00	64	00	4f	00	01	01	00	
00	00	00	09	01	0c	01	03	70	ff	
14	76	07	00	00	04	00	57	b0	00	
00	0f	01	00	00	1f	00	8e	fe	77	
01	01	00	00	00	01	00	03	00	04	
00	02	00	5b	01	02	00	02	00	01	
00	01	00	00	00	00	00	00	01	00	
00	02	00	02	00	ff	ff	06	00	08	
00	03	00	f5	00	36	00	43	00	35	
00	28	00	43	00	02	ff	ff	06	00	
fc	ff	ff	ff	00	00	01	00	e8	00	
51	00	36	00	5e	00	36	00	36	00	
02	54	00	01	00	00	00	d7	0f	08	
3f	00	00	cc	41	1c	76	75	93	18	
3e	01	00	00	00	00	00	0b	04	00	
8f	c2	f5	3b	b8	1e	05	bd	8f	c2	
f5	3c	03	03	03	03	03	03	