55	45	4c	59	53	59	53	08	1a	c1	
3f	00	c9	00	0f	71	34	d5	d4	02	
00	26	02	00	00	21	01	01	01	01	
01	ec	00	00	01	00	00	25	01	02	
00	00	00	64	00	4f	00	01	01	00	
00	00	00	fc	00	01	01	03	74	ff	
73	79	07	00	00	04	00	fa	76	00	
00	2c	01	00	00	1e	00	8e	fe	51	
01	01	00	00	00	01	00	03	00	04	
00	02	00	5d	01	02	00	02	00	01	
00	01	00	00	00	00	00	00	01	00	
00	03	00	02	00	ff	ff	06	00	08	
00	03	00	f5	00	36	00	43	00	35	
00	28	00	43	00	02	ff	ff	06	00	
fd	ff	ff	ff	00	00	01	00	e8	00	
51	00	36	00	51	00	36	00	36	00	
02	54	00	01	00	00	00	8a	ee	21	
3f	00	00	c6	41	7c	79	bc	74	13	
3e	01	00	00	00	00	00	0f	04	00	
00	00	00	00	8f	c2	f5	bc	8f	c2	
f5	3c	03	03	03	03	03	03	