55	45	4c	59	53	59	53	08	1a	c0	
03	00	c9	00	0f	e8	30	91	d3	04	
00	18	08	00	00	21	01	01	01	01	
01	ee	00	01	00	00	00	29	01	04	
00	00	00	02	00	50	00	01	01	00	
00	00	00	01	01	05	01	03	9d	ff	
c3	7b	07	00	00	05	00	b0	a2	02	
00	00	00	00	00	1e	00	8e	fe	54	
01	01	00	00	00	01	00	03	00	04	
00	02	00	05	00	02	00	02	00	01	
00	01	00	00	00	00	00	00	00	00	
00	02	00	02	00	fe	ff	06	00	08	
00	03	00	e6	00	28	00	28	00	50	
00	36	00	36	00	02	fe	ff	06	00	
fd	ff	ff	ff	00	00	01	00	07	01	
6c	00	6c	00	5e	00	51	00	51	00	
02	55	00	01	00	00	00	1e	f2	3b	
3f	00	00	ce	41	b4	7b	87	16	d9	
3d	01	00	00	00	00	00	0f	04	00	
0a	d7	23	3c	29	5c	0f	bd	ad	47	
e1	3c	03	03	03	03	03	03	