55	45	4c	59	53	59	53	08	1a	c4	
b6	00	c9	00	0f	d3	66	18	9a	01	
00	0f	07	00	00	21	01	01	01	01	
01	e2	00	01	00	00	00	3e	01	02	
00	00	00	64	00	4f	00	01	01	00	
00	00	00	10	01	14	01	03	95	ff	
86	70	07	00	00	04	00	68	7b	01	
00	0f	01	00	00	1c	00	8f	fe	66	
01	01	00	00	00	01	00	03	00	04	
00	02	00	05	00	02	00	02	00	01	
00	01	00	00	00	00	00	00	00	00	
00	02	00	02	00	ff	ff	06	00	08	
00	03	00	f5	00	43	00	43	00	43	
00	36	00	43	00	02	fe	ff	06	00	
fc	ff	ff	ff	00	00	01	00	e8	00	
51	00	36	00	51	00	36	00	36	00	
02	54	00	01	00	00	00	38	a6	96	
3e	00	00	d4	41	71	70	87	16	d9	
3d	01	00	00	00	00	00	0f	04	00	
8f	c2	f5	3b	99	99	19	bd	b8	1e	
05	3d	03	03	03	03	03	03	