55	45	4c	59	53	59	53	08	1a	c1	
56	00	c9	00	0f	6e	26	14	8c	01	
00	ff	01	00	00	21	01	01	01	01	
01	e2	00	01	00	00	00	43	01	02	
00	00	00	64	00	4f	00	01	01	00	
00	00	00	15	01	19	01	03	9d	ff	
bd	7a	07	00	00	04	00	f4	1d	02	
00	2c	01	00	00	1e	00	8e	fe	54	
01	01	00	00	00	01	00	03	00	04	
00	02	00	05	00	02	00	02	00	01	
00	01	00	00	00	00	00	00	00	00	
00	03	00	02	00	fe	ff	06	00	08	
00	03	00	04	01	43	00	43	00	43	
00	36	00	43	00	02	ff	ff	06	00	
fd	ff	ff	ff	00	00	01	00	e8	00	
51	00	36	00	5e	00	44	00	36	00	
02	54	00	01	00	00	00	33	bb	2e	
3f	00	00	d8	41	a9	7a	17	d9	ce	
3d	01	00	00	00	00	00	0f	04	00	
cc	cc	4c	3c	b8	1e	05	bd	8f	c2	
f5	3c	03	03	03	03	03	03	