55	45	4c	59	53	59	53	08	1a	c0	
fa	00	c9	00	0f	68	74	3f	97	04	
00	b5	01	00	00	21	01	01	01	01	
01	e2	00	01	00	00	00	59	01	02	
00	00	00	64	00	4f	00	01	01	00	
00	00	00	27	01	29	01	03	bc	fe	
46	7b	07	00	00	04	00	36	27	01	
00	0f	01	00	00	1e	00	d2	01	58	
01	01	00	00	00	01	00	03	00	04	
00	02	00	56	01	02	00	02	00	01	
01	01	00	00	00	00	00	00	01	00	
00	02	00	02	00	ff	ff	06	00	08	
00	03	00	04	01	43	00	43	00	43	
00	36	00	51	00	02	fe	ff	06	00	
fc	ff	ff	ff	00	00	01	00	f7	00	
5e	00	44	00	5e	00	44	00	36	00	
02	54	00	01	00	00	00	b9	e4	30	
3f	00	00	e2	41	2e	7b	31	08	ac	
bc	01	00	00	00	00	00	0b	04	00	
0a	d7	23	3c	8f	c2	f5	bc	99	99	
19	3d	03	03	03	03	03	03	