55	45	4c	59	53	59	53	08	1a	c0	
15	00	c9	00	0f	49	ff	62	b5	03	
00	30	00	00	00	11	01	01	01	01	
01	e2	00	01	00	00	00	4b	01	02	
00	00	00	64	00	4f	00	01	01	00	
00	00	00	1f	01	23	01	03	9b	ff	
4b	7b	07	00	00	04	00	b2	45	01	
00	0f	01	00	00	1d	00	8f	fe	5a	
01	01	00	00	00	01	00	03	00	04	
00	02	00	05	00	02	00	02	00	01	
00	01	00	00	00	00	00	00	00	00	
00	03	00	02	00	ff	ff	06	00	08	
00	03	00	04	01	51	00	43	00	43	
00	36	00	43	00	02	ff	ff	06	00	
fd	ff	ff	ff	00	00	01	00	f7	00	
51	00	44	00	5e	00	44	00	44	00	
02	54	00	01	00	00	00	33	94	30	
3f	00	00	e8	41	37	7b	87	16	d9	
3d	01	00	00	00	00	00	0f	04	00	
8f	c2	f5	3b	0a	d7	23	bd	8f	c2	
f5	3c	03	03	03	03	03	03	