55	45	4c	59	53	59	53	08	1a	c1	
13	00	c9	00	0f	6b	62	3f	a6	04	
00	db	01	00	00	21	01	01	01	01	
01	e2	00	01	00	00	00	60	01	02	
00	00	00	64	00	4f	00	01	01	00	
00	00	00	27	01	2a	01	03	77	ff	
be	7b	07	00	00	04	00	47	24	01	
00	0f	01	00	00	21	00	8e	fe	5a	
01	01	00	00	00	01	00	03	00	04	
00	02	00	55	01	02	00	02	00	01	
00	01	00	00	00	00	00	00	01	00	
00	03	00	02	00	ff	ff	06	00	08	
00	03	00	04	01	51	00	43	00	43	
00	36	00	51	00	02	fe	ff	06	00	
fd	ff	ff	ff	00	00	01	00	f7	00	
5e	00	44	00	5e	00	44	00	36	00	
02	54	00	01	00	00	00	c7	af	33	
3f	00	00	e4	41	a2	7b	27	31	08	
be	01	00	00	00	00	00	0f	04	00	
8f	c2	f5	3b	b8	1e	05	bd	b8	1e	
05	3d	03	03	03	03	03	03	