55	45	4c	59	53	59	53	08	1a	c0	
cb	00	c9	00	0f	d6	f8	26	a0	07	
00	3b	07	00	00	21	01	01	01	01	
01	e3	00	00	01	00	00	38	01	02	
00	00	00	64	00	4f	00	01	01	00	
00	00	00	0b	01	0e	01	03	51	ff	
26	77	07	00	00	04	00	6e	b8	00	
00	0f	01	00	00	21	00	22	00	5a	
01	01	00	b1	00	01	00	03	00	04	
00	02	00	5b	01	02	00	02	00	01	
01	01	00	01	00	00	00	00	01	00	
00	03	00	02	00	ff	ff	06	00	08	
00	03	00	f5	00	36	00	43	00	35	
00	28	00	43	00	02	ff	ff	06	00	
fd	ff	ff	ff	00	00	01	00	e8	00	
51	00	36	00	51	00	36	00	36	00	
02	54	00	01	00	00	00	85	aa	12	
3f	00	00	d2	41	14	77	10	58	39	
3e	01	00	00	00	00	00	0b	04	00	
8f	c2	f5	3b	b8	1e	05	bd	8f	c2	
f5	3c	03	03	03	03	03	03	