55	45	4c	59	53	59	53	08	1a	c0	
62	00	c9	00	0f	f3	52	8f	f5	04	
00	a6	08	00	00	21	01	01	01	01	
01	ee	00	01	00	00	00	2d	01	04	
00	00	00	02	00	50	00	01	01	00	
00	00	00	06	01	0a	01	03	9d	ff	
71	7a	07	00	00	05	00	8c	97	02	
00	00	00	00	00	20	00	8e	fe	53	
01	01	00	00	00	01	00	03	00	04	
00	02	00	05	00	02	00	02	00	01	
00	01	00	00	00	00	00	00	00	00	
00	02	00	02	00	ff	ff	06	00	08	
00	03	00	f5	00	36	00	36	00	50	
00	36	00	36	00	02	ff	ff	06	00	
fd	ff	ff	ff	00	00	01	00	f7	00	
5e	00	51	00	51	00	36	00	36	00	
02	55	00	01	00	00	00	17	d7	2e	
3f	00	00	cc	41	62	7a	87	16	d9	
3d	01	00	00	00	00	00	0f	04	00	
0a	d7	23	3c	99	99	19	bd	ad	47	
e1	3c	03	03	03	03	03	03	