55	45	4c	59	53	59	53	08	1a	c1	
fb	00	c9	00	0f	86	92	3f	99	04	
00	37	03	00	00	21	01	01	01	01	
01	e2	00	01	00	00	00	5f	01	02	
00	00	00	64	00	4f	00	01	01	00	
00	00	00	3d	01	42	01	03	79	fe	
0b	77	07	00	00	04	00	14	09	01	
00	0f	01	00	00	1c	00	8f	fe	58	
01	01	00	00	00	01	00	cb	04	b9	
00	02	00	53	01	02	00	02	00	01	
00	01	00	00	00	01	01	00	01	00	
00	03	00	02	00	ff	ff	06	00	08	
00	03	00	14	01	51	00	51	00	50	
00	36	00	51	00	02	ff	ff	06	00	
fd	ff	ff	ff	01	00	01	00	f7	00	
5e	00	44	00	5e	00	51	00	44	00	
02	54	00	01	00	00	00	25	97	16	
3f	00	00	ef	41	03	77	27	31	c8	
3e	01	00	00	00	00	00	0f	04	00	
8f	c2	75	3c	7b	14	2e	bd	29	5c	
0f	3d	03	03	03	03	03	03	