55	45	4c	59	53	59	53	08	1a	c0	
3d	00	c9	00	0f	52	f8	d6	00	02	
00	a3	00	00	00	21	01	01	01	01	
01	ec	00	00	01	00	00	2c	01	02	
00	00	00	64	00	4f	00	01	01	00	
00	00	00	06	01	0b	01	03	61	ff	
e2	79	07	00	00	04	00	3a	95	00	
00	2c	01	00	00	21	00	8e	fe	52	
01	01	00	b1	00	01	00	03	00	04	
00	02	00	5e	01	02	00	02	00	01	
00	01	00	01	00	00	00	00	01	00	
00	03	00	02	00	ff	ff	06	00	08	
00	03	00	f5	00	36	00	43	00	35	
00	28	00	43	00	02	ff	ff	06	00	
fd	ff	ff	ff	00	00	01	00	e8	00	
51	00	36	00	51	00	36	00	36	00	
02	54	00	01	00	00	00	3d	ae	14	
3f	00	00	d6	41	b0	79	8f	c2	35	
bf	01	00	00	00	00	00	0f	04	00	
cc	cc	4c	3c	99	99	19	bd	8f	c2	
f5	3c	03	03	03	03	03	03	