55	45	4c	59	53	59	53	08	1a	c0	
c7	00	c9	00	0f	a5	ef	b7	d2	03	
00	c8	04	00	00	21	01	01	01	01	
01	ed	00	01	00	00	00	1c	01	02	
00	00	00	64	00	4f	00	01	01	00	
00	00	00	f5	00	fa	00	03	97	ff	
30	74	07	00	00	04	00	13	42	00	
00	0f	01	00	00	22	00	8e	fe	53	
01	01	00	00	00	01	00	03	00	04	
00	02	00	05	00	02	00	02	00	01	
00	01	00	00	00	00	00	00	00	00	
00	02	00	02	00	ff	ff	06	00	08	
00	03	00	14	01	28	00	28	00	43	
00	43	00	28	00	02	ff	ff	06	00	
fd	ff	ff	ff	00	00	01	00	e8	00	
36	00	36	00	43	00	1b	00	28	00	
02	54	00	01	00	00	00	5a	dd	e9	
3e	00	00	bc	41	32	74	87	16	d9	
3d	01	00	00	00	00	00	0f	04	00	
8f	c2	75	3c	8f	c2	f5	bc	b8	1e	
05	3d	03	03	03	03	03	03	