55	45	4c	59	53	59	53	08	1a	c1	
cb	00	c9	00	0f	7b	dc	14	9b	01	
00	af	02	00	00	21	01	01	01	01	
01	e2	00	01	00	00	00	4a	01	02	
00	00	00	64	00	4f	00	01	01	00	
00	00	00	1a	01	1d	01	03	66	ff	
48	7c	07	00	00	04	00	3d	10	02	
00	0f	01	00	00	1c	00	41	00	53	
01	01	00	00	00	01	00	03	00	04	
00	02	00	5b	01	02	00	02	00	01	
01	01	00	00	00	00	00	00	01	00	
00	03	00	02	00	fe	ff	06	00	08	
00	03	00	04	01	51	00	51	00	50	
00	43	00	5f	00	02	ff	ff	06	00	
fc	ff	ff	ff	00	00	01	00	f7	00	
5e	00	51	00	6c	00	44	00	44	00	
02	54	00	01	00	00	00	8b	a9	3a	
3f	00	00	dc	41	30	7c	50	8d	17	
bd	01	00	00	00	00	00	0b	04	00	
8f	c2	f5	3b	7b	14	2e	bd	cc	cc	
cc	3c	03	03	03	03	03	03	