55	45	4c	59	53	59	53	08	1a	c0	
60	00	c9	00	0f	57	12	d5	de	02	
00	d7	00	00	00	21	01	01	01	01	
01	ec	00	00	01	00	00	2c	01	02	
00	00	00	64	00	4f	00	01	01	00	
00	00	00	06	01	0b	01	03	63	ff	
f4	7a	07	00	00	04	00	20	91	00	
00	2c	01	00	00	1e	00	8e	fe	54	
01	01	00	b1	00	01	00	03	00	04	
00	02	00	5e	01	02	00	02	00	01	
00	01	00	01	00	00	00	00	01	00	
00	02	00	02	00	fe	ff	06	00	08	
00	03	00	04	01	36	00	43	00	35	
00	28	00	51	00	02	fe	ff	06	00	
fd	ff	ff	ff	00	00	01	00	e8	00	
51	00	36	00	5e	00	36	00	36	00	
02	54	00	01	00	00	00	61	27	23	
3f	00	00	d4	41	cc	7a	23	db	b9	
be	01	00	00	00	00	00	0f	04	00	
00	00	00	00	8f	c2	f5	bc	29	5c	
0f	3d	03	03	03	03	03	03	