55	45	4c	59	53	59	53	08	1a	c0	
4d	00	c9	00	0f	4f	18	14	9f	01	
00	72	00	00	00	21	01	01	01	01	
01	e2	00	01	00	00	00	49	01	02	
00	00	00	64	00	4f	00	01	01	00	
00	00	00	1f	01	22	01	03	7a	ff	
a0	7b	07	00	00	04	00	06	3d	02	
00	0f	01	00	00	1d	00	8e	fe	61	
01	01	00	00	00	01	00	03	00	04	
00	48	01	05	00	02	00	02	00	01	
00	01	00	00	00	00	00	01	00	00	
00	03	00	02	00	ff	ff	06	00	07	
00	03	00	04	01	43	00	43	00	43	
00	36	00	51	00	02	fe	ff	06	00	
fd	ff	ff	ff	00	00	01	00	e8	00	
51	00	44	00	5e	00	44	00	44	00	
02	54	00	01	00	00	00	a1	75	2b	
3f	00	00	ee	41	7e	7b	ae	47	a1	
be	01	00	00	00	00	00	0f	04	00	
0a	d7	23	3c	29	5c	0f	bd	b8	1e	
05	3d	03	03	03	03	03	03	