08	1a	c0	88	00	c9	00	0f	56	02	
0c	92	55	45	4c	59	53	59	53	01	
00	ca	00	00	00	21	01	01	01	01	
01	e2	00	01	00	00	00	48	01	02	
00	00	00	64	00	4f	00	01	01	00	
00	00	00	1a	01	1e	01	03	9c	ff	
f4	78	07	00	00	04	00	af	81	02	
00	0f	01	00	00	1f	00	8e	fe	54	
01	01	00	00	00	01	00	03	00	04	
00	02	00	05	00	02	00	02	00	01	
00	01	00	00	00	00	00	00	00	00	
00	03	00	02	00	ff	ff	06	00	07	
00	03	00	04	01	43	00	43	00	43	
00	36	00	51	00	02	fe	ff	06	00	
fc	ff	ff	ff	00	00	01	00	e8	00	
51	00	36	00	5e	00	36	00	36	00	
02	54	00	01	00	00	00	44	aa	21	
3f	00	00	dc	41	e3	78	87	16	d9	
3d	01	00	00	00	00	00	0f	04	00	
29	5c	8f	3c	29	5c	0f	bd	b8	1e	
05	3d	03	03	03	03	03	03	