55	45	4c	59	53	59	53	08	1a	c5	
a9	00	c9	00	0f	ef	e0	18	93	01	
00	7c	08	00	00	21	01	01	01	01	
01	e2	00	01	00	00	00	40	01	02	
00	00	00	64	00	4f	00	01	01	00	
00	00	00	13	01	17	01	03	95	ff	
f8	71	07	00	00	04	00	eb	5e	01	
00	0f	01	00	00	1a	00	8e	fe	5c	
01	01	00	00	00	01	00	03	00	04	
00	02	00	05	00	02	00	02	00	01	
00	01	00	00	00	00	00	00	00	00	
00	03	00	02	00	ff	ff	06	00	08	
00	03	00	f5	00	43	00	43	00	35	
00	36	00	43	00	02	ff	ff	06	00	
fd	ff	ff	ff	00	00	01	00	e8	00	
51	00	36	00	51	00	36	00	36	00	
02	54	00	01	00	00	00	ef	96	66	
3e	00	00	de	41	a0	71	f8	53	f3	
bf	01	00	00	00	00	00	0f	04	00	
8f	c2	75	3c	99	99	19	bd	8f	c2	
f5	3c	03	03	03	03	03	03	