55	45	4c	59	53	59	53	08	1a	c3	
29	00	c9	00	0f	a4	e0	16	8b	01	
00	bc	04	00	00	21	01	01	01	01	
01	e2	00	01	00	00	00	3e	01	02	
00	00	00	64	00	4f	00	01	01	00	
00	00	00	10	01	13	01	03	97	ff	
e1	73	07	00	00	04	00	f4	a9	01	
00	0f	01	00	00	1b	00	8e	fe	5a	
01	01	00	00	00	01	00	03	00	04	
00	02	00	05	00	02	00	02	00	01	
00	01	00	00	00	00	00	00	00	00	
00	02	00	02	00	ff	ff	06	00	08	
00	03	00	04	01	43	00	43	00	43	
00	28	00	51	00	02	fe	ff	06	00	
fc	ff	ff	ff	00	00	01	00	e8	00	
51	00	36	00	51	00	36	00	36	00	
02	54	00	01	00	00	00	66	0b	e4	
3e	00	00	ce	41	eb	73	87	16	d9	
3d	01	00	00	00	00	00	0f	04	00	
0a	d7	23	3b	8f	c2	f5	bc	b8	1e	
05	3d	03	03	03	03	03	03	