55	45	4c	59	53	59	53	08	1a	c0	
65	00	c9	00	0f	51	e8	16	78	01	
00	96	00	00	00	21	01	01	01	01	
01	e2	00	01	00	00	00	49	01	02	
00	00	00	64	00	4f	00	01	01	00	
00	00	00	1d	01	21	01	03	78	ff	
ee	7b	07	00	00	04	00	36	3a	02	
00	2c	01	00	00	1b	00	8e	fe	52	
01	01	00	00	00	01	00	03	00	04	
00	55	01	05	00	02	00	02	00	01	
00	01	00	00	00	00	00	01	00	00	
00	03	00	02	00	ff	ff	06	00	08	
00	03	00	04	01	43	00	43	00	43	
00	28	00	43	00	02	fe	ff	06	00	
fc	ff	ff	ff	00	00	01	00	f7	00	
5e	00	44	00	6c	00	51	00	44	00	
02	54	00	01	00	00	00	9d	b2	30	
3f	00	00	ea	41	d7	7b	5e	ba	49	
be	01	00	00	00	00	00	0f	04	00	
cc	cc	4c	3c	b8	1e	05	bd	8f	c2	
f5	3c	03	03	03	03	03	03	