55	45	4c	59	53	59	53	08	1a	c1	
43	00	c9	00	0f	71	02	3f	99	04	
00	23	02	00	00	21	01	01	01	01	
01	e2	00	01	00	00	00	55	01	02	
00	00	00	64	00	4f	00	01	01	00	
00	00	00	27	01	2a	01	03	78	ff	
0e	7c	07	00	00	04	00	a7	1e	01	
00	0f	01	00	00	20	00	8e	fe	6a	
01	01	00	00	00	01	00	03	00	04	
00	02	00	57	01	02	00	02	00	01	
00	01	00	00	00	00	00	00	01	00	
00	03	00	02	00	ff	ff	06	00	08	
00	03	00	04	01	43	00	43	00	43	
00	36	00	43	00	02	ff	ff	06	00	
fd	ff	ff	ff	00	00	01	00	f7	00	
5e	00	51	00	5e	00	51	00	44	00	
02	54	00	01	00	00	00	cd	d6	37	
3f	00	00	e4	41	f2	7b	df	4f	8d	
bd	01	00	00	00	00	00	0f	04	00	
0a	d7	23	3c	b8	1e	05	bd	99	99	
19	3d	03	03	03	03	03	03	