55	45	4c	59	53	59	53	08	1a	c0	
31	00	c9	00	0f	94	5b	b9	c1	03	
00	e7	03	00	00	21	01	01	01	01	
01	ed	00	01	00	00	00	1c	01	02	
00	00	00	64	00	4f	00	01	01	00	
00	00	00	f7	00	fa	00	03	9a	ff	
9b	75	07	00	00	04	00	a9	53	00	
00	0f	01	00	00	21	00	8e	fe	53	
01	01	00	00	00	01	00	03	00	04	
00	02	00	05	00	02	00	02	00	01	
00	01	00	00	00	00	00	00	00	00	
00	02	00	02	00	fe	ff	06	00	08	
00	03	00	14	01	28	00	28	00	43	
00	43	00	28	00	02	fe	ff	06	00	
fc	ff	ff	ff	00	00	01	00	d8	00	
36	00	36	00	43	00	1b	00	36	00	
02	54	00	01	00	00	00	d7	80	03	
3f	00	00	be	41	9f	75	f8	53	e3	
3d	01	00	00	00	00	00	0f	04	00	
cc	cc	4c	3c	cc	cc	cc	bc	b8	1e	
05	3d	03	03	03	03	03	03	