55	45	4c	59	53	59	53	08	1a	c2	
15	00	c9	00	0f	89	9e	3f	85	04	
00	5e	03	00	00	21	01	01	01	01	
01	e2	00	01	00	00	00	63	01	02	
00	00	00	64	00	4f	00	01	01	00	
00	00	00	42	01	45	01	03	77	fe	
19	76	07	00	00	04	00	08	06	01	
00	0f	01	00	00	1b	00	8e	fe	59	
01	01	00	00	00	01	00	cb	04	b9	
00	02	00	52	01	02	00	02	00	01	
00	01	00	00	00	01	01	00	01	00	
00	02	00	02	00	ff	ff	06	00	08	
00	03	00	14	01	51	00	51	00	43	
00	36	00	5f	00	02	ff	ff	06	00	
fd	ff	ff	ff	00	00	01	00	f7	00	
5e	00	44	00	6c	00	44	00	44	00	
02	54	00	01	00	00	00	61	c9	0d	
3f	00	00	f2	41	12	76	83	c0	ca	
3e	01	00	00	00	00	00	0f	04	00	
8f	c2	f5	3b	ad	47	e1	bc	0a	d7	
23	3d	03	03	03	03	03	03	