55	45	4c	59	53	59	53	08	1a	c5	
af	00	c9	00	0f	f0	94	16	a3	01	
00	85	08	00	00	21	01	01	01	01	
01	e2	00	01	00	00	00	41	01	02	
00	00	00	64	00	4f	00	01	01	00	
00	00	00	15	01	18	01	03	96	ff	
86	73	07	00	00	04	00	37	5e	01	
00	0f	01	00	00	1b	00	8e	fe	59	
01	01	00	00	00	01	00	03	00	04	
00	02	00	05	00	02	00	02	00	01	
00	01	00	00	00	00	00	00	00	00	
00	02	00	02	00	ff	ff	06	00	08	
00	03	00	f5	00	43	00	43	00	35	
00	36	00	51	00	02	fe	ff	06	00	
fd	ff	ff	ff	00	00	01	00	f7	00	
51	00	36	00	5e	00	36	00	36	00	
02	54	00	01	00	00	00	a1	56	85	
3e	00	00	e2	41	30	73	21	b0	f2	
bf	01	00	00	00	00	00	0f	04	00	
8f	c2	75	3c	0a	d7	23	bd	8f	c2	
f5	3c	03	03	03	03	03	03	