55	45	4c	59	53	59	53	08	1a	c0	
2a	00	c9	00	0f	93	89	b7	d3	03	
00	dc	03	00	00	21	01	01	01	01	
01	ed	00	01	00	00	00	1d	01	02	
00	00	00	64	00	4f	00	01	01	00	
00	00	00	f7	00	fa	00	03	99	ff	
ac	75	07	00	00	04	00	7b	54	00	
00	2c	01	00	00	1f	00	8e	fe	55	
01	01	00	00	00	01	00	03	00	04	
00	02	00	05	00	02	00	02	00	01	
00	01	00	00	00	00	00	00	00	00	
00	03	00	02	00	ff	ff	06	00	08	
00	03	00	14	01	28	00	28	00	43	
00	43	00	1b	00	02	fe	ff	06	00	
fd	ff	ff	ff	00	00	01	00	e8	00	
36	00	44	00	43	00	28	00	36	00	
02	54	00	01	00	00	00	29	2d	04	
3f	00	00	be	41	b1	75	17	d9	ce	
3d	01	00	00	00	00	00	0f	04	00	
00	00	00	00	8f	c2	f5	bc	8f	c2	
f5	3c	03	03	03	03	03	03	