55	45	4c	59	53	59	53	08	1a	c2	
0e	00	c9	00	0f	83	b6	16	7e	01	
00	13	03	00	00	21	01	01	01	01	
01	e2	00	01	00	00	00	3d	01	02	
00	00	00	64	00	4f	00	01	01	00	
00	00	00	10	01	13	01	03	99	ff	
a5	76	07	00	00	04	00	22	cb	01	
00	0f	01	00	00	1b	00	8e	fe	5c	
01	01	00	00	00	01	00	03	00	04	
00	02	00	05	00	02	00	02	00	01	
00	01	00	00	00	00	00	00	00	00	
00	02	00	02	00	ff	ff	06	00	08	
00	03	00	04	01	36	00	43	00	43	
00	36	00	43	00	02	fe	ff	06	00	
fd	ff	ff	ff	00	00	01	00	e8	00	
51	00	36	00	51	00	36	00	36	00	
02	54	00	01	00	00	00	d0	7d	0f	
3f	00	00	d0	41	ab	76	87	16	d9	
3d	01	00	00	00	00	00	0f	04	00	
0a	d7	23	3c	29	5c	0f	bd	29	5c	
0f	3d	03	03	03	03	03	03	