55	45	4c	59	53	59	53	08	1a	c0	
77	00	c9	00	d2	a3	8e	78	5e	01	
00	b1	00	00	00	21	01	01	01	01	
01	e2	00	01	00	00	00	52	01	02	
00	00	00	64	00	4f	00	01	01	00	
00	00	00	1f	01	22	01	03	95	ff	
57	72	07	00	00	04	00	9d	4e	02	
00	0f	01	00	00	1e	00	8e	fe	59	
01	01	00	00	00	01	00	03	00	04	
00	02	00	05	00	02	00	02	00	01	
00	01	00	00	00	00	00	00	00	00	
00	03	00	02	00	fe	ff	06	00	08	
00	03	00	04	01	43	00	43	00	43	
00	36	00	51	00	02	fe	ff	06	00	
fd	ff	ff	ff	00	00	01	00	e8	00	
51	00	44	00	5e	00	44	00	36	00	
02	54	00	01	00	00	00	77	51	bf	
3e	00	00	dc	41	40	72	f8	53	e3	
3d	01	00	00	00	00	00	0b	04	00	
8f	c2	75	3c	29	5c	0f	bd	b8	1e	
05	3d	03	03	03	03	03	03	