55	45	4c	59	53	59	53	08	1a	c1	
b1	00	c9	00	0f	7e	90	d5	d4	02	
00	d1	02	00	00	21	01	01	01	01	
01	ec	00	00	01	00	00	22	01	02	
00	00	00	64	00	4f	00	01	01	00	
00	00	00	fa	00	fe	00	03	9a	ff	
76	77	07	00	00	04	00	9d	69	00	
00	0f	01	00	00	24	00	8e	fe	56	
01	01	00	00	00	01	00	03	00	04	
00	02	00	05	00	02	00	02	00	01	
00	01	00	00	00	00	00	00	00	00	
00	03	00	02	00	fe	ff	06	00	08	
00	03	00	e6	00	36	00	36	00	35	
00	28	00	43	00	02	fe	ff	06	00	
fc	ff	ff	ff	00	00	01	00	e8	00	
51	00	36	00	51	00	36	00	36	00	
02	54	00	01	00	00	00	b6	bf	15	
3f	00	00	c2	41	77	77	17	d9	ce	
3d	01	00	00	00	00	00	0f	04	00	
0a	d7	23	3c	b8	1e	05	bd	b8	1e	
05	3d	03	03	03	03	03	03	