55	45	4c	59	53	59	53	08	1a	c0	
01	00	c9	00	0f	e7	f4	93	21	04	
00	15	08	00	00	21	01	01	01	01	
01	ee	00	01	00	00	00	27	01	04	
00	00	00	02	00	50	00	01	01	00	
00	00	00	01	01	05	01	03	45	ff	
b2	7b	07	00	00	05	00	ec	a2	02	
00	00	00	00	00	1d	00	8e	fe	6f	
01	01	00	00	00	01	00	03	00	04	
00	02	00	05	00	02	00	02	00	01	
00	01	00	00	00	00	00	00	00	00	
00	03	00	02	00	fe	ff	06	00	08	
00	03	00	f5	00	36	00	36	00	50	
00	36	00	36	00	02	fe	ff	06	00	
fc	ff	ff	ff	00	00	01	00	07	01	
5e	00	6c	00	5e	00	51	00	51	00	
02	55	00	01	00	00	00	ea	49	3c	
3f	00	00	ce	41	a2	7b	5e	ba	49	
3e	01	00	00	00	00	00	0f	00	00	
00	00	00	00	00	00	00	00	00	00	
00	00	00	00	00	00	00	00	