55	45	4c	59	53	59	53	08	1a	c2	
2e	00	c9	00	0f	87	76	16	9a	01	
00	43	03	00	00	21	01	01	01	01	
01	e2	00	01	00	00	00	3d	01	02	
00	00	00	64	00	4f	00	01	01	00	
00	00	00	10	01	13	01	03	99	ff	
55	76	07	00	00	04	00	62	c7	01	
00	0f	01	00	00	1d	00	8f	fe	59	
01	01	00	00	00	01	00	03	00	04	
00	02	00	05	00	02	00	02	00	01	
00	01	00	00	00	00	00	00	00	00	
00	03	00	02	00	ff	ff	06	00	07	
00	03	00	f5	00	43	00	43	00	35	
00	36	00	43	00	02	fe	ff	06	00	
fc	ff	00	00	00	00	01	00	e8	00	
51	00	36	00	5e	00	36	00	36	00	
02	54	00	01	00	00	00	4a	15	0c	
3f	00	00	ce	41	5a	76	87	16	d9	
3d	01	00	00	00	00	00	0f	04	00	
0a	d7	23	3b	29	5c	0f	bd	ad	47	
e1	3c	03	03	03	03	03	03	