55	45	4c	59	53	59	53	08	1a	c1	
42	00	c9	00	0f	70	e4	3f	99	04	
00	21	02	00	00	21	01	01	01	01	
01	e2	00	01	00	00	00	55	01	02	
00	00	00	64	00	4f	00	01	01	00	
00	00	00	27	01	2a	01	03	77	ff	
0c	7c	07	00	00	04	00	c5	1e	01	
00	0f	01	00	00	1f	00	8e	fe	5a	
01	01	00	00	00	01	00	03	00	04	
00	02	00	54	01	02	00	02	00	01	
00	01	00	00	00	00	00	00	01	00	
00	03	00	02	00	ff	ff	06	00	08	
00	03	00	04	01	51	00	43	00	43	
00	36	00	51	00	02	ff	ff	06	00	
fd	ff	ff	ff	00	00	01	00	f7	00	
5e	00	44	00	6c	00	44	00	51	00	
02	54	00	01	00	00	00	e1	c6	37	
3f	00	00	e4	41	f2	7b	df	4f	8d	
bd	01	00	00	00	00	00	0f	04	00	
0a	d7	23	3c	29	5c	0f	bd	99	99	
19	3d	03	03	03	03	03	03	