55	45	4c	59	53	59	53	08	1a	c0	
3a	00	c9	00	0f	c5	fa	26	bd	07	
00	61	06	00	00	21	01	01	01	01	
01	e3	00	00	01	00	00	47	01	02	
00	00	00	64	00	4f	00	01	01	00	
00	00	00	15	01	19	01	03	54	ff	
2e	7a	07	00	00	04	00	6e	c9	00	
00	0f	01	00	00	21	00	1e	00	5b	
01	01	00	b1	00	01	00	03	00	04	
00	02	00	58	01	02	00	02	00	01	
01	01	00	01	00	00	00	00	01	00	
00	02	00	02	00	ff	ff	06	00	08	
00	03	00	04	01	43	00	43	00	43	
00	28	00	51	00	02	fe	ff	06	00	
fd	ff	ff	ff	00	00	01	00	e8	00	
51	00	36	00	5e	00	36	00	36	00	
02	54	00	01	00	00	00	5c	ee	26	
3f	00	00	e2	41	1a	7a	58	39	34	
3e	01	00	00	00	00	00	0b	04	00	
cc	cc	4c	3c	8f	c2	f5	bc	8f	c2	
f5	3c	03	03	03	03	03	03	