55	45	4c	59	53	59	53	08	1a	c0	
14	00	c9	00	0f	4d	80	3f	99	04	
00	5c	00	00	00	21	01	01	01	01	
01	e2	00	01	00	00	00	4d	01	02	
00	00	00	64	00	4f	00	01	01	00	
00	00	00	22	01	24	01	03	76	ff	
db	7a	07	00	00	04	00	2d	42	01	
00	2c	01	00	00	1c	00	8e	fe	58	
01	01	00	00	00	01	00	03	00	04	
00	02	00	59	01	02	00	02	00	01	
00	01	00	00	00	00	00	00	01	00	
00	03	00	02	00	ff	ff	06	00	08	
00	03	00	04	01	43	00	43	00	43	
00	36	00	51	00	02	fe	ff	06	00	
fd	ff	ff	ff	00	00	01	00	f7	00	
51	00	36	00	5e	00	36	00	44	00	
02	54	00	01	00	00	00	81	6f	2d	
3f	00	00	e4	41	cc	7a	bc	74	13	
3e	01	00	00	00	00	00	0f	04	00	
cc	cc	4c	3c	7b	14	2e	bd	b8	1e	
05	3d	03	03	03	03	03	03	