55	45	4c	59	53	59	53	08	1a	c0	
f1	00	c9	00	0f	67	66	41	7b	04	
00	a8	01	00	00	21	01	01	01	01	
01	e2	00	01	00	00	00	57	01	02	
00	00	00	64	00	4f	00	01	01	00	
00	00	00	24	01	29	01	03	b9	fe	
4a	7b	07	00	00	04	00	44	28	01	
00	0f	01	00	00	1d	00	d5	01	58	
01	01	00	00	00	01	00	03	00	04	
00	02	00	54	01	02	00	02	00	01	
01	01	00	00	00	00	00	00	01	00	
00	02	00	02	00	ff	ff	06	00	08	
00	03	00	04	01	43	00	51	00	43	
00	36	00	51	00	02	fe	ff	06	00	
fd	ff	ff	ff	00	00	01	00	f7	00	
5e	00	44	00	5e	00	36	00	44	00	
02	54	00	01	00	00	00	bb	93	30	
3f	00	00	e2	41	2e	7b	31	08	ac	
bc	01	00	00	00	00	00	0b	04	00	
0a	d7	23	3c	0a	d7	23	bd	b8	1e	
05	3d	03	03	03	03	03	03	