55	45	4c	59	53	59	53	08	1a	c5	
6b	00	c9	00	0f	e8	9c	18	8c	01	
00	1f	08	00	00	21	01	01	01	01	
01	e2	00	01	00	00	00	40	01	02	
00	00	00	64	00	4f	00	01	01	00	
00	00	00	13	01	15	01	03	92	ff	
72	6e	07	00	00	04	00	30	66	01	
00	0f	01	00	00	1e	00	8e	fe	5a	
01	01	00	00	00	01	00	03	00	04	
00	02	00	05	00	02	00	02	00	01	
00	01	00	00	00	00	00	00	00	00	
00	02	00	02	00	ff	ff	06	00	08	
00	03	00	f5	00	43	00	43	00	35	
00	28	00	43	00	02	fe	ff	06	00	
fd	ff	ff	ff	00	00	01	00	e8	00	
51	00	36	00	51	00	36	00	36	00	
02	54	00	01	00	00	00	8f	64	66	
3e	00	00	d4	41	5b	6e	f8	53	e3	
3d	01	00	00	00	00	00	0f	04	00	
0a	d7	23	3c	0a	d7	23	bd	99	99	
19	3d	03	03	03	03	03	03	