55	45	4c	59	53	59	53	08	1a	c0	
3f	00	c9	00	0f	53	34	d5	e5	02	
00	a6	00	00	00	21	01	01	01	01	
01	ec	00	00	01	00	00	2c	01	02	
00	00	00	64	00	4f	00	01	01	00	
00	00	00	06	01	0b	01	03	62	ff	
01	7a	07	00	00	04	00	fe	94	00	
00	0f	01	00	00	1f	00	8e	fe	51	
01	01	00	b1	00	01	00	03	00	04	
00	02	00	5d	01	02	00	02	00	01	
00	01	00	01	00	00	00	00	01	00	
00	03	00	02	00	ff	ff	06	00	08	
00	03	00	f5	00	36	00	43	00	35	
00	36	00	43	00	02	ff	ff	06	00	
fd	ff	ff	ff	00	00	01	00	e8	00	
51	00	36	00	51	00	36	00	36	00	
02	54	00	01	00	00	00	56	cf	15	
3f	00	00	d6	41	d3	79	a0	1a	2f	
bf	01	00	00	00	00	00	0f	04	00	
0a	d7	23	3c	29	5c	0f	bd	ad	47	
e1	3c	03	03	03	03	03	03	