55	45	4c	59	53	59	53	08	1a	c0	
24	00	c9	00	0f	4a	4a	02	b7	01	
00	34	00	00	00	21	01	01	01	01	
01	e2	00	01	00	00	00	47	01	02	
00	00	00	64	00	4f	00	01	01	00	
00	00	00	1d	01	20	01	03	63	ff	
79	77	07	00	00	04	00	d3	78	02	
00	0f	01	00	00	1f	00	20	00	59	
01	01	00	00	00	01	00	03	00	04	
00	02	00	05	00	ca	00	02	00	01	
01	01	00	00	00	00	00	00	00	01	
00	02	00	02	00	ff	ff	06	00	08	
00	03	00	04	01	43	00	43	00	43	
00	36	00	51	00	02	fe	ff	06	00	
fc	ff	ff	ff	00	00	01	00	f7	00	
51	00	36	00	5e	00	36	00	36	00	
02	54	00	01	00	00	00	d5	93	18	
3f	00	00	dc	41	65	77	0a	d7	23	
3e	01	00	00	00	00	00	0b	04	00	
8f	c2	f5	3b	99	99	19	bd	b8	1e	
05	3d	03	03	03	03	03	03	