55	45	4c	59	53	59	53	08	1a	c0	
78	00	c9	00	0f	54	22	14	8c	01	
00	b2	00	00	00	21	01	01	01	01	
01	e2	00	01	00	00	00	49	01	02	
00	00	00	64	00	4f	00	01	01	00	
00	00	00	1d	01	21	01	03	79	ff	
16	7c	07	00	00	04	00	fc	37	02	
00	0f	01	00	00	1b	00	8e	fe	52	
01	01	00	00	00	01	00	03	00	04	
00	50	01	05	00	02	00	02	00	01	
00	01	00	00	00	00	00	01	00	00	
00	03	00	02	00	ff	ff	06	00	08	
00	03	00	f5	00	43	00	43	00	43	
00	36	00	51	00	02	fe	ff	06	00	
fc	ff	ff	ff	00	00	01	00	f7	00	
5e	00	51	00	5e	00	51	00	51	00	
02	54	00	01	00	00	00	f1	96	33	
3f	00	00	e9	41	04	7c	bc	74	13	
be	01	00	00	00	00	00	0f	04	00	
8f	c2	75	3c	99	99	19	bd	8f	c2	
f5	3c	03	03	03	03	03	03	