55	45	4c	59	53	59	53	08	1a	c0	
60	00	c9	00	0f	56	68	3f	a7	04	
00	ce	00	00	00	21	01	01	01	01	
01	e2	00	01	00	00	00	4e	01	02	
00	00	00	64	00	4f	00	01	01	00	
00	00	00	22	01	25	01	03	77	ff	
44	7c	07	00	00	04	00	44	39	01	
00	2c	01	00	00	1d	00	8e	fe	59	
01	01	00	00	00	01	00	03	00	04	
00	02	00	56	01	02	00	02	00	01	
00	01	00	00	00	00	00	00	01	00	
00	03	00	02	00	fe	ff	06	00	08	
00	03	00	04	01	51	00	51	00	50	
00	43	00	5f	00	02	ff	ff	06	00	
fd	ff	ff	ff	00	00	01	00	f7	00	
5e	00	51	00	6c	00	51	00	44	00	
02	54	00	01	00	00	00	7e	42	37	
3f	00	00	e2	41	30	7c	35	5e	ba	
bd	01	00	00	00	00	00	0f	04	00	
0a	d7	a3	3b	b8	1e	05	bd	8f	c2	
f5	3c	03	03	03	03	03	03	