55	45	4c	59	53	59	53	08	1a	c2	
d7	00	c9	00	0f	a0	5a	3f	86	04	
00	81	04	00	00	21	01	01	01	01	
01	e2	00	01	00	00	00	4f	01	02	
00	00	00	64	00	4f	00	01	01	00	
00	00	00	22	01	26	01	03	98	ff	
15	76	07	00	00	04	00	49	ef	00	
00	2c	01	00	00	1e	00	8e	fe	5a	
01	01	00	00	00	01	00	03	00	04	
00	02	00	05	00	02	00	02	00	01	
00	01	00	00	00	00	00	00	00	00	
00	03	00	02	00	ff	ff	06	00	08	
00	03	00	f5	00	51	00	43	00	43	
00	36	00	43	00	02	ff	ff	06	00	
fd	ff	ff	ff	00	00	01	00	f7	00	
51	00	44	00	5e	00	36	00	44	00	
02	54	00	01	00	00	00	1d	15	07	
3f	00	00	e8	41	01	76	f8	53	e3	
3d	01	00	00	00	00	00	0f	04	00	
8f	c2	f5	3b	99	99	19	bd	b8	1e	
05	3d	03	03	03	03	03	03	