===== REPORT RAW CHUNK DUMP (208 bytes) =====
08 25 c0 00 02 15 00 d3 de 4b 26 d7 00 00 00 00 
75 18 14 00 00 00 00 00 4c 00 01 03 00 00 00 00 
00 00 40 00 40 00 10 19 00 00 04 00 00 00 64 00 
a9 00 c5 74 94 ff 03 00 cb 74 e5 0c 24 01 26 01 
01 01 00 00 00 00 76 00 11 00 01 00 00 00 ff ff 
06 00 01 01 01 00 00 00 00 00 00 00 05 00 b8 fd 
00 00 00 00 00 00 00 00 00 00 00 00 00 00 00 00 
00 00 00 00 00 00 00 00 00 00 00 00 00 00 00 00 
00 00 00 00 00 00 00 00 00 00 00 00 00 00 00 00 
00 00 00 00 00 00 00 00 00 00 00 00 00 00 00 00 
00 00 00 00 00 00 00 00 00 00 00 00 00 00 00 00 
00 00 00 00 00 00 00 00 00 00 00 00 00 00 00 00 
00 00 00 00 00 00 00 00 00 00 00 00 00 00 00 00 
===========================================
