===== REPORT RAW CHUNK DUMP (208 bytes) =====
08 25 c0 00 02 15 00 0f 48 36 bd d1 00 00 00 00 
75 18 15 00 00 00 00 00 46 00 03 05 00 00 00 00 
00 00 3a 00 3a 00 f2 03 00 00 02 00 00 00 37 01 
00 00 02 00 fc ff ff ff 06 00 05 00 06 00 03 00 
f7 00 5f 00 5f 00 51 00 43 00 44 00 d3 0c fb 74 
3d 01 3b 01 3b 01 02 00 02 00 00 00 ea 47 02 00 
00 00 00 00 00 00 00 00 00 00 00 00 00 00 00 00 
00 00 00 00 00 00 00 00 00 00 00 00 00 00 00 00 
00 00 00 00 00 00 00 00 00 00 00 00 00 00 00 00 
00 00 00 00 00 00 00 00 00 00 00 00 00 00 00 00 
00 00 00 00 00 00 00 00 00 00 00 00 00 00 00 00 
00 00 00 00 00 00 00 00 00 00 00 00 00 00 00 00 
00 00 00 00 00 00 00 00 00 00 00 00 00 00 00 00 
===========================================
