===== REPORT RAW CHUNK DUMP (208 bytes) =====
08 25 c0 00 02 15 00 0f 48 36 f9 c6 00 00 00 00 
75 18 15 00 00 00 00 00 38 00 07 06 00 00 00 00 
00 00 2c 00 2c 00 f3 03 00 00 0c 01 01 00 00 00 
5a 74 2e eb e3 3e d1 22 db 3d 0a 00 75 00 01 00 
2c 01 00 00 ec 41 2c 01 1d 01 27 01 2c 01 00 00 
00 00 00 00 00 00 00 00 00 00 00 00 00 00 00 00 
00 00 00 00 00 00 00 00 00 00 00 00 00 00 00 00 
00 00 00 00 00 00 00 00 00 00 00 00 00 00 00 00 
00 00 00 00 00 00 00 00 00 00 00 00 00 00 00 00 
00 00 00 00 00 00 00 00 00 00 00 00 00 00 00 00 
00 00 00 00 00 00 00 00 00 00 00 00 00 00 00 00 
00 00 00 00 00 00 00 00 00 00 00 00 00 00 00 00 
00 00 00 00 00 00 00 00 00 00 00 00 00 00 00 00 
===========================================
