===== REPORT RAW CHUNK DUMP (208 bytes) =====
08 25 c0 00 02 15 00 0f 48 24 8e 09 00 00 00 00 
75 18 15 00 00 00 00 00 7c 00 04 04 00 00 00 00 
00 00 70 00 70 00 e0 03 00 00 02 00 00 00 56 01 
00 00 02 00 de 0c 2a 00 61 74 3b 01 03 00 00 00 
00 00 00 00 00 01 00 00 00 01 00 00 00 01 00 00 
00 00 01 00 00 00 84 ff 01 00 f6 ff 81 ff 62 ff 
01 00 e5 ff ab ff 12 00 01 00 42 ff 9d ff 61 01 
00 00 01 00 02 00 01 00 00 00 00 00 00 00 03 00 
02 00 03 00 03 00 02 00 00 00 00 00 00 00 fb 47 
02 00 00 00 00 00 00 00 00 00 00 00 00 00 00 00 
00 00 00 00 00 00 00 00 00 00 00 00 00 00 00 00 
00 00 00 00 00 00 00 00 00 00 00 00 00 00 00 00 
00 00 00 00 00 00 00 00 00 00 00 00 00 00 00 00 
===========================================
