===== REPORT RAW CHUNK DUMP (208 bytes) =====
08 25 c0 00 02 15 00 d3 ee b1 f3 72 00 00 00 00 
75 18 14 00 00 00 00 00 4c 00 01 03 00 00 00 00 
00 00 40 00 40 00 36 00 00 00 04 00 00 00 64 00 
aa 00 30 73 92 ff 03 00 2f 73 e5 0c 22 01 25 01 
01 01 00 00 00 00 76 00 11 00 01 00 00 00 ff ff 
06 00 01 01 01 00 00 00 00 00 00 00 05 00 e7 ea 
00 00 00 00 00 00 00 00 00 00 00 00 00 00 00 00 
00 00 00 00 00 00 00 00 00 00 00 00 00 00 00 00 
00 00 00 00 00 00 00 00 00 00 00 00 00 00 00 00 
00 00 00 00 00 00 00 00 00 00 00 00 00 00 00 00 
00 00 00 00 00 00 00 00 00 00 00 00 00 00 00 00 
00 00 00 00 00 00 00 00 00 00 00 00 00 00 00 00 
00 00 00 00 00 00 00 00 00 00 00 00 00 00 00 00 
===========================================
