===== REPORT RAW CHUNK DUMP (208 bytes) =====
08 25 c0 00 02 15 00 d3 df 4f 26 83 00 00 00 00 
75 18 14 00 00 00 00 00 4c 00 01 03 00 00 00 00 
00 00 40 00 40 00 14 1a 00 00 04 00 00 00 64 00 
a9 00 ad 74 95 ff 03 00 ac 74 e5 0c 24 01 26 01 
01 01 00 00 00 00 74 00 11 00 01 00 00 00 ff ff 
06 00 01 01 01 00 00 00 00 00 00 00 05 00 b4 fc 
00 00 00 00 00 00 00 00 00 00 00 00 00 00 00 00 
00 00 00 00 00 00 00 00 00 00 00 00 00 00 00 00 
00 00 00 00 00 00 00 00 00 00 00 00 00 00 00 00 
00 00 00 00 00 00 00 00 00 00 00 00 00 00 00 00 
00 00 00 00 00 00 00 00 00 00 00 00 00 00 00 00 
00 00 00 00 00 00 00 00 00 00 00 00 00 00 00 00 
00 00 00 00 00 00 00 00 00 00 00 00 00 00 00 00 
===========================================
