===== REPORT RAW CHUNK DUMP (208 bytes) =====
08 25 c0 00 02 15 00 0f 55 dc 21 9c 00 00 00 00 
75 18 15 00 00 00 00 00 38 00 07 06 00 00 00 00 
00 00 2c 00 2c 00 c6 0f 00 00 98 00 01 00 00 00 
db 79 51 83 29 3f 17 d9 ce 3d 0a 00 6f 00 01 00 
18 01 00 00 dd 41 18 01 0e 01 0e 01 1d 01 00 00 
00 00 00 00 00 00 00 00 00 00 00 00 00 00 00 00 
00 00 00 00 00 00 00 00 00 00 00 00 00 00 00 00 
00 00 00 00 00 00 00 00 00 00 00 00 00 00 00 00 
00 00 00 00 00 00 00 00 00 00 00 00 00 00 00 00 
00 00 00 00 00 00 00 00 00 00 00 00 00 00 00 00 
00 00 00 00 00 00 00 00 00 00 00 00 00 00 00 00 
00 00 00 00 00 00 00 00 00 00 00 00 00 00 00 00 
00 00 00 00 00 00 00 00 00 00 00 00 00 00 00 00 
===========================================
