===== REPORT RAW CHUNK DUMP (208 bytes) =====
08 25 c0 00 02 15 00 0f 52 e6 47 36 00 00 00 00 
75 18 14 00 00 00 00 00 4c 00 01 03 00 00 00 00 
00 00 40 00 40 00 d0 0c 00 00 02 00 00 00 00 00 
99 00 19 7a 98 ff 03 00 19 7a e5 0c 24 01 28 01 
01 01 00 00 00 00 74 00 11 00 01 00 00 00 ff ff 
06 00 01 01 01 00 00 00 00 00 00 00 00 00 83 94 
02 00 2c 01 00 00 00 00 00 00 00 00 00 00 00 00 
00 00 00 00 00 00 00 00 00 00 00 00 00 00 00 00 
00 00 00 00 00 00 00 00 00 00 00 00 00 00 00 00 
00 00 00 00 00 00 00 00 00 00 00 00 00 00 00 00 
00 00 00 00 00 00 00 00 00 00 00 00 00 00 00 00 
00 00 00 00 00 00 00 00 00 00 00 00 00 00 00 00 
00 00 00 00 00 00 00 00 00 00 00 00 00 00 00 00 
===========================================
