===== REPORT RAW CHUNK DUMP (208 bytes) =====
08 25 c0 00 02 15 00 d2 8e e9 fd 7c 00 00 00 00 
75 18 14 00 00 00 00 00 4c 00 01 03 00 00 00 00 
00 00 40 00 40 00 86 3e 00 00 02 00 00 00 00 00 
99 00 37 75 95 ff 03 00 36 75 e5 0c 24 01 26 01 
01 01 00 00 00 00 75 00 11 00 01 00 00 00 ff ff 
06 00 01 01 01 00 00 00 00 00 00 00 00 00 cd 62 
02 00 2c 01 00 00 00 00 00 00 00 00 00 00 00 00 
00 00 00 00 00 00 00 00 00 00 00 00 00 00 00 00 
00 00 00 00 00 00 00 00 00 00 00 00 00 00 00 00 
00 00 00 00 00 00 00 00 00 00 00 00 00 00 00 00 
00 00 00 00 00 00 00 00 00 00 00 00 00 00 00 00 
00 00 00 00 00 00 00 00 00 00 00 00 00 00 00 00 
00 00 00 00 00 00 00 00 00 00 00 00 00 00 00 00 
===========================================
