================= REPORT SAVE =================

[CCSDS HEADER]
MsgId      : 0x0825
Seq        : 0xC000
Len        : 0x0215
TimeCode   : 00 0F 55 DC 21 9C
Padding    : 0x00000000

[REPORT BODY]
Reflected MID  : 0x1875
Reflected CC   : 0x15
RetType        : 0x00
RetCode        : 0
RetValSize     : 56

================= PARSED BY MID/CC =================
ReflectedMID : 0x1875
ReflectedCC  : 0x15
PayloadLen   : 56

[EPS Query Report]
source     : 7
data_id    : 6
arg0       : 0
arg1       : 0
sequence   : 0
offset     : 0
total_size : 44
chunk_size : 44

[EPS BP8 HK]
Uptime        : 4038
BootCount     : 152
BootCause     : 1
ResetCause    : 0
Vbat          : 31195
Soc           : 0.662160
Current       : 0.101000
InCurrent     : 10
OutCurrent    : 111
HeaterCurrent : 1
IntTemp       : 280
BatAvrTemp    : 27.625000
BatTemp[0..3]: 280 270 270 285
OVoltCount    : 0
BatFault      : 0

[PAYLOAD HEX]
07 06 00 00 00 00 00 00 2C 00 2C 00 C6 0F 00 00 
98 00 01 00 00 00 DB 79 51 83 29 3F 17 D9 CE 3D 
0A 00 6F 00 01 00 18 01 00 00 DD 41 18 01 0E 01 
0E 01 1D 01 00 00 00 00 

[RETURN VALUE]
07 06 00 00 00 00 00 00 2C 00 2C 00 C6 0F 00 00 
98 00 01 00 00 00 DB 79 51 83 29 3F 17 D9 CE 3D 
0A 00 6F 00 01 00 18 01 00 00 DD 41 18 01 0E 01 
0E 01 1D 01 00 00 00 00 

[BINARY DATA]
25 08 00 C0 15 02 00 0F 55 DC 21 9C 00 00 00 00 75 18 15 00 00 00 00 00 38 00 07 06 00 00 00 00 00 00 2C 00 2C 00 C6 0F 00 00 98 00 01 00 00 00 DB 79 51 83 29 3F 17 D9 CE 3D 0A 00 6F 00 01 00 18 01 00 00 DD 41 18 01 0E 01 0E 01 1D 01 00 00 00 00 00 00 00 00 00 00 00 00 00 00 00 00 00 00 00 00 00 00 00 00 00 00 00 00 00 00 00 00 00 00 00 00 00 00 00 00 00 00 00 00 00 00 00 00 00 00 00 00 00 00 00 00 00 00 00 00 00 00 00 00 00 00 00 00 00 00 00 00 00 00 00 00 00 00 00 00 00 00 00 00 00 00 00 00 00 00 00 00 00 00 00 00 00 00 00 00 00 00 00 00 00 00 00 00 00 00 00 00 00 00 00 00 00 00 00 00 00 00 00 00 00 00 00 00 00 00 00 00 00 00 00 00 00 00 00 00 00 00 00 00 00 00 00 00 00 00 00 00 00 00 00 00 00 00 00 00 00 00 00 00 00 00 00 00 00 00 00 00 00 00 00 00 00 00 00 00 00 00 00 00 00 00 00 00 00 00 00 00 00 00 00 00 00 00 00 00 00 00 00 00 00 00 00 00 00 00 00 00 00 00 00 00 00 00 00 00 00 00 00 00 00 00 00 00 00 00 00 00 00 00 00 00 00 00 00 00 00 00 00 00 00 00 00 00 00 00 00 00 00 00 00 00 00 00 00 00 00 00 00 00 00 00 00 00 00 00 00 00 00 00 00 00 00 00 00 00 00 00 00 00 00 00 00 00 00 00 00 00 00 00 00 00 00 00 00 00 00 00 00 00 00 00 00 00 00 00 00 00 00 00 00 00 00 00 00 00 00 00 00 00 00 00 00 00 00 00 00 00 00 00 00 00 00 00 00 00 00 00 00 00 00 00 00 00 00 00 00 00 00 00 00 00 00 00 00 00 00 00 00 00 00 00 00 00 00 00 00 00 00 00 00 00 00 00 00 00 00 00 00 00 00 00 00 00 00 00 00 00 00 00 00 00 00 00 00 00 00 00 00 00 00 00 00 00 00 00 00 00 00 00 00 00 00 00 00 00 00 00 00 00 00 00 00 00 00 00 00 00 00 00 00 00 00 00 00 00 00 00 00 00 00 00 00 00 00 00 00 00 00 00 00 00 00 00 00 00 00 00 
