================= REPORT SAVE =================

[CCSDS HEADER]
MsgId      : 0x0825
Seq        : 0xC000
Len        : 0x0215
TimeCode   : 00 D2 8E 67 FF 84
Padding    : 0x00000000

[REPORT BODY]
Reflected MID  : 0x1875
Reflected CC   : 0x14
RetType        : 0x00
RetCode        : 0
RetValSize     : 76

================= PARSED BY MID/CC =================
ReflectedMID : 0x1875
ReflectedCC  : 0x14
PayloadLen   : 76

[EPS Query Report]
source     : 1
data_id    : 3
arg0       : 0
arg1       : 0
sequence   : 0
offset     : 0
total_size : 64
chunk_size : 64

[EPS P80 PMU HK]
uptime       : 15876
bootcause    : 2
resetcause   : 0
bootcount    : 153
batt_v       : 30018
batt_i       : -107
batt_mode    : 3
vbat_v       : 30021
vcc_v        : 3301
temp[0..1]: 292 294
out_en[0..5]: 1 1 0 0 0 0
out_i[0..5]: 117 17 1 0 -1 6
sm_en[0..7]: 1 1 1 0 0 0 0 0
gnd_wdt_cnt  : 0
bus_wdt_cnt  : 0
gnd_wdt_left : 156495
bus_wdt_left : 300

[PAYLOAD HEX]
01 03 00 00 00 00 00 00 40 00 40 00 04 3E 00 00 
02 00 00 00 00 00 99 00 42 75 95 FF 03 00 45 75 
E5 0C 24 01 26 01 01 01 00 00 00 00 75 00 11 00 
01 00 00 00 FF FF 06 00 01 01 01 00 00 00 00 00 
00 00 00 00 4F 63 02 00 2C 01 00 00 

[RETURN VALUE]
01 03 00 00 00 00 00 00 40 00 40 00 04 3E 00 00 
02 00 00 00 00 00 99 00 42 75 95 FF 03 00 45 75 
E5 0C 24 01 26 01 01 01 00 00 00 00 75 00 11 00 
01 00 00 00 FF FF 06 00 01 01 01 00 00 00 00 00 
00 00 00 00 4F 63 02 00 2C 01 00 00 

[BINARY DATA]
25 08 00 C0 15 02 00 D2 8E 67 FF 84 00 00 00 00 75 18 14 00 00 00 00 00 4C 00 01 03 00 00 00 00 00 00 40 00 40 00 04 3E 00 00 02 00 00 00 00 00 99 00 42 75 95 FF 03 00 45 75 E5 0C 24 01 26 01 01 01 00 00 00 00 75 00 11 00 01 00 00 00 FF FF 06 00 01 01 01 00 00 00 00 00 00 00 00 00 4F 63 02 00 2C 01 00 00 00 00 00 00 00 00 00 00 00 00 00 00 00 00 00 00 00 00 00 00 00 00 00 00 00 00 00 00 00 00 00 00 00 00 00 00 00 00 00 00 00 00 00 00 00 00 00 00 00 00 00 00 00 00 00 00 00 00 00 00 00 00 00 00 00 00 00 00 00 00 00 00 00 00 00 00 00 00 00 00 00 00 00 00 00 00 00 00 00 00 00 00 00 00 00 00 00 00 00 00 00 00 00 00 00 00 00 00 00 00 00 00 00 00 00 00 00 00 00 00 00 00 00 00 00 00 00 00 00 00 00 00 00 00 00 00 00 00 00 00 00 00 00 00 00 00 00 00 00 00 00 00 00 00 00 00 00 00 00 00 00 00 00 00 00 00 00 00 00 00 00 00 00 00 00 00 00 00 00 00 00 00 00 00 00 00 00 00 00 00 00 00 00 00 00 00 00 00 00 00 00 00 00 00 00 00 00 00 00 00 00 00 00 00 00 00 00 00 00 00 00 00 00 00 00 00 00 00 00 00 00 00 00 00 00 00 00 00 00 00 00 00 00 00 00 00 00 00 00 00 00 00 00 00 00 00 00 00 00 00 00 00 00 00 00 00 00 00 00 00 00 00 00 00 00 00 00 00 00 00 00 00 00 00 00 00 00 00 00 00 00 00 00 00 00 00 00 00 00 00 00 00 00 00 00 00 00 00 00 00 00 00 00 00 00 00 00 00 00 00 00 00 00 00 00 00 00 00 00 00 00 00 00 00 00 00 00 00 00 00 00 00 00 00 00 00 00 00 00 00 00 00 00 00 00 00 00 00 00 00 00 00 00 00 00 00 00 00 00 00 00 00 00 00 00 00 00 00 00 00 00 00 00 00 00 00 00 00 00 00 00 00 00 00 00 00 00 00 00 00 00 00 00 00 00 00 00 00 00 00 00 00 00 00 00 00 00 00 00 00 00 00 00 00 00 00 00 00 00 00 00 00 00 00 00 00 00 00 
