================= REPORT SAVE =================

[CCSDS HEADER]
MsgId      : 0x0825
Seq        : 0xC000
Len        : 0x0215
TimeCode   : 00 D3 A5 08 A9 A2
Padding    : 0x00000000

[REPORT BODY]
Reflected MID  : 0x1875
Reflected CC   : 0x14
RetType        : 0x00
RetCode        : 0
RetValSize     : 76

================= PARSED BY MID/CC =================
ReflectedMID : 0x1875
ReflectedCC  : 0x14
PayloadLen   : 76

[EPS Query Report]
source     : 1
data_id    : 3
arg0       : 0
arg1       : 0
sequence   : 0
offset     : 0
total_size : 64
chunk_size : 64

[EPS P80 PMU HK]
uptime       : 87242
bootcause    : 2
resetcause   : 0
bootcount    : 153
batt_v       : 31689
batt_i       : -156
batt_mode    : 3
vbat_v       : 31684
vcc_v        : 3270
temp[0..1]: 292 295
out_en[0..5]: 1 1 0 0 0 0
out_i[0..5]: 119 17 1 0 -1 6
sm_en[0..7]: 1 1 1 0 0 0 0 0
gnd_wdt_cnt  : 0
bus_wdt_cnt  : 0
gnd_wdt_left : 85129
bus_wdt_left : 300

[PAYLOAD HEX]
01 03 00 00 00 00 00 00 40 00 40 00 CA 54 01 00 
02 00 00 00 00 00 99 00 C9 7B 64 FF 03 00 C4 7B 
C6 0C 24 01 27 01 01 01 00 00 00 00 77 00 11 00 
01 00 00 00 FF FF 06 00 01 01 01 00 00 00 00 00 
00 00 00 00 89 4C 01 00 2C 01 00 00 

[RETURN VALUE]
01 03 00 00 00 00 00 00 40 00 40 00 CA 54 01 00 
02 00 00 00 00 00 99 00 C9 7B 64 FF 03 00 C4 7B 
C6 0C 24 01 27 01 01 01 00 00 00 00 77 00 11 00 
01 00 00 00 FF FF 06 00 01 01 01 00 00 00 00 00 
00 00 00 00 89 4C 01 00 2C 01 00 00 

[BINARY DATA]
25 08 00 C0 15 02 00 D3 A5 08 A9 A2 00 00 00 00 75 18 14 00 00 00 00 00 4C 00 01 03 00 00 00 00 00 00 40 00 40 00 CA 54 01 00 02 00 00 00 00 00 99 00 C9 7B 64 FF 03 00 C4 7B C6 0C 24 01 27 01 01 01 00 00 00 00 77 00 11 00 01 00 00 00 FF FF 06 00 01 01 01 00 00 00 00 00 00 00 00 00 89 4C 01 00 2C 01 00 00 00 00 00 00 00 00 00 00 00 00 00 00 00 00 00 00 00 00 00 00 00 00 00 00 00 00 00 00 00 00 00 00 00 00 00 00 00 00 00 00 00 00 00 00 00 00 00 00 00 00 00 00 00 00 00 00 00 00 00 00 00 00 00 00 00 00 00 00 00 00 00 00 00 00 00 00 00 00 00 00 00 00 00 00 00 00 00 00 00 00 00 00 00 00 00 00 00 00 00 00 00 00 00 00 00 00 00 00 00 00 00 00 00 00 00 00 00 00 00 00 00 00 00 00 00 00 00 00 00 00 00 00 00 00 00 00 00 00 00 00 00 00 00 00 00 00 00 00 00 00 00 00 00 00 00 00 00 00 00 00 00 00 00 00 00 00 00 00 00 00 00 00 00 00 00 00 00 00 00 00 00 00 00 00 00 00 00 00 00 00 00 00 00 00 00 00 00 00 00 00 00 00 00 00 00 00 00 00 00 00 00 00 00 00 00 00 00 00 00 00 00 00 00 00 00 00 00 00 00 00 00 00 00 00 00 00 00 00 00 00 00 00 00 00 00 00 00 00 00 00 00 00 00 00 00 00 00 00 00 00 00 00 00 00 00 00 00 00 00 00 00 00 00 00 00 00 00 00 00 00 00 00 00 00 00 00 00 00 00 00 00 00 00 00 00 00 00 00 00 00 00 00 00 00 00 00 00 00 00 00 00 00 00 00 00 00 00 00 00 00 00 00 00 00 00 00 00 00 00 00 00 00 00 00 00 00 00 00 00 00 00 00 00 00 00 00 00 00 00 00 00 00 00 00 00 00 00 00 00 00 00 00 00 00 00 00 00 00 00 00 00 00 00 00 00 00 00 00 00 00 00 00 00 00 00 00 00 00 00 00 00 00 00 00 00 00 00 00 00 00 00 00 00 00 00 00 00 00 00 00 00 00 00 00 00 00 00 00 00 00 00 00 00 00 00 00 00 00 00 00 00 00 00 00 00 00 00 00 
