================= REPORT SAVE =================

[CCSDS HEADER]
MsgId      : 0x0825
Seq        : 0xC000
Len        : 0x0215
TimeCode   : 00 D4 E9 A6 18 ED
Padding    : 0x00000000

[REPORT BODY]
Reflected MID  : 0x1875
Reflected CC   : 0x15
RetType        : 0x00
RetCode        : 0
RetValSize     : 56

================= PARSED BY MID/CC =================
ReflectedMID : 0x1875
ReflectedCC  : 0x15
PayloadLen   : 56

[EPS Query Report]
source     : 7
data_id    : 6
arg0       : 0
arg1       : 0
sequence   : 0
offset     : 0
total_size : 44
chunk_size : 44

[EPS BP8 HK]
Uptime        : 59745
BootCount     : 169
BootCause     : 1
ResetCause    : 0
Vbat          : 31844
Soc           : 0.718691
Current       : -0.037000
InCurrent     : 47
OutCurrent    : 10
HeaterCurrent : 1
IntTemp       : 290
BatAvrTemp    : 28.250000
BatTemp[0..3]: 285 280 280 285
OVoltCount    : 0
BatFault      : 0

[PAYLOAD HEX]
07 06 00 00 00 00 00 00 2C 00 2C 00 61 E9 00 00 
A9 00 01 00 00 00 64 7C 28 FC 37 3F 50 8D 17 BD 
2F 00 0A 00 01 00 22 01 00 00 E2 41 1D 01 18 01 
18 01 1D 01 00 00 00 00 

[RETURN VALUE]
07 06 00 00 00 00 00 00 2C 00 2C 00 61 E9 00 00 
A9 00 01 00 00 00 64 7C 28 FC 37 3F 50 8D 17 BD 
2F 00 0A 00 01 00 22 01 00 00 E2 41 1D 01 18 01 
18 01 1D 01 00 00 00 00 

[BINARY DATA]
25 08 00 C0 15 02 00 D4 E9 A6 18 ED 00 00 00 00 75 18 15 00 00 00 00 00 38 00 07 06 00 00 00 00 00 00 2C 00 2C 00 61 E9 00 00 A9 00 01 00 00 00 64 7C 28 FC 37 3F 50 8D 17 BD 2F 00 0A 00 01 00 22 01 00 00 E2 41 1D 01 18 01 18 01 1D 01 00 00 00 00 00 00 00 00 00 00 00 00 00 00 00 00 00 00 00 00 00 00 00 00 00 00 00 00 00 00 00 00 00 00 00 00 00 00 00 00 00 00 00 00 00 00 00 00 00 00 00 00 00 00 00 00 00 00 00 00 00 00 00 00 00 00 00 00 00 00 00 00 00 00 00 00 00 00 00 00 00 00 00 00 00 00 00 00 00 00 00 00 00 00 00 00 00 00 00 00 00 00 00 00 00 00 00 00 00 00 00 00 00 00 00 00 00 00 00 00 00 00 00 00 00 00 00 00 00 00 00 00 00 00 00 00 00 00 00 00 00 00 00 00 00 00 00 00 00 00 00 00 00 00 00 00 00 00 00 00 00 00 00 00 00 00 00 00 00 00 00 00 00 00 00 00 00 00 00 00 00 00 00 00 00 00 00 00 00 00 00 00 00 00 00 00 00 00 00 00 00 00 00 00 00 00 00 00 00 00 00 00 00 00 00 00 00 00 00 00 00 00 00 00 00 00 00 00 00 00 00 00 00 00 00 00 00 00 00 00 00 00 00 00 00 00 00 00 00 00 00 00 00 00 00 00 00 00 00 00 00 00 00 00 00 00 00 00 00 00 00 00 00 00 00 00 00 00 00 00 00 00 00 00 00 00 00 00 00 00 00 00 00 00 00 00 00 00 00 00 00 00 00 00 00 00 00 00 00 00 00 00 00 00 00 00 00 00 00 00 00 00 00 00 00 00 00 00 00 00 00 00 00 00 00 00 00 00 00 00 00 00 00 00 00 00 00 00 00 00 00 00 00 00 00 00 00 00 00 00 00 00 00 00 00 00 00 00 00 00 00 00 00 00 00 00 00 00 00 00 00 00 00 00 00 00 00 00 00 00 00 00 00 00 00 00 00 00 00 00 00 00 00 00 00 00 00 00 00 00 00 00 00 00 00 00 00 00 00 00 00 00 00 00 00 00 00 00 00 00 00 00 00 00 00 00 00 00 00 00 00 00 00 00 00 00 00 00 00 00 00 00 00 00 00 00 00 00 00 00 00 00 
