08	1a	c0	03	00	bb	00	1e	c0	a2	
9b	80	00	00	07	07	07	07	07	00	
00	35	00	00	00	00	00	00	00	00	
00	00	28	60	54	a0	c0	1e	00	e0	
07	31	b9	00	00	00	00	21	00	00	
01	01	02	00	00	00	00	00	00	00	
00	00	00	00	00	01	87	ff	da	56	
04	00	00	00	05	16	01	59	16	01	
00	86	00	00	00	01	fc	56	01	00	
00	00	7c	00	ea	40	00	00	01	00	
00	00	00	00	01	00	00	00	23	00	
02	00	03	00	01	00	dd	02	61	00	
00	00	e4	00	e5	54	00	00	00	00	
07	03	01	06	00	06	00	00	00	00	
00	00	00	00	00	00	00	00	00	00	
00	00	00	00	00	00	00	00	00	00	
00	00	00	00	00	02	00	01	00	00	
00	00	00	00	00	00	00	00	00	00	
00	00	00	00	00	00	00	00	00	00	
00	00	00	00	