08	1a	c0	25	00	bb	00	1e	c1	61	
e1	90	00	00	07	07	07	07	07	00	
00	36	00	00	00	00	00	04	00	00	
00	08	28	60	54	54	c1	1e	00	71	
37	2d	bb	00	00	00	00	21	00	00	
01	01	02	00	00	00	00	00	00	00	
08	00	00	00	02	01	86	ff	da	56	
04	00	00	00	05	16	01	a5	15	01	
00	94	00	00	00	01	fc	56	01	00	
00	00	8a	00	d6	40	00	00	01	00	
00	00	00	00	01	00	00	00	23	00	
02	00	03	00	01	00	9e	03	56	00	
00	00	17	01	e5	54	00	00	00	00	
07	03	01	07	00	07	00	00	00	00	
00	00	00	00	00	00	00	00	00	00	
00	00	00	00	00	00	00	00	00	00	
00	00	00	00	00	02	00	01	00	01	
01	00	00	00	00	fd	00	01	00	75	
00	00	00	00	00	00	00	00	00	00	
00	03	00	00	