================= REPORT SAVE =================

[CCSDS HEADER]
MsgId      : 0x0825
Seq        : 0xC000
Len        : 0x0215
TimeCode   : 00 41 60 6D 2A EF
Padding    : 0x00000000

[REPORT BODY]
Reflected MID  : 0x1875
Reflected CC   : 0x14
RetType        : 0x05
RetCode        : -2004
RetValSize     : 188

================= PARSED BY MID/CC =================
ReflectedMID : 0x1875
ReflectedCC  : 0x14
PayloadLen   : 188

[EPS P60 DOCK GET TABLE HK]

[Report Data]
c_out[0..12]: 57 59 19 3 6 0 -8 -5 28 509 18 12 18
v_out[0..12]: 0 0 0 0 16153 16153 275 275 16162 0 0 0 0
out_en[0..12]: 1 1 0 0 1 1 0 0 1 1 1 0 0

[Temps]
temp[0..1]: 0 252

[Boot/Time]
bootcause              : 256
bootcnt                : 164
uptime                 : 172961
resetcause             : 0x0301

[Modes/Flags]
batt_mode              : 3
heater_on              : 0
conv_5v_en              : 1

[Latchups]
latchup[0..12]: 0 0 0 0 0 0 0 0 0 0 0 0 0

[Battery/Power]
vbat_v                 : 16164
vcc_c                  : -108
batt_c                 : -200
batt_v                 : 16173
batt_temp[0..1]: 0 0

[Device]
device_type[0..7]: 7 2 2 1 4 6 0 0
device_status[0..7]: 1 1 1 1 1 1 0 0
dearm_status           : 0

[WDT Counters]
wdt_cnt_gnd            : 5
wdt_cnt_i2c            : 0
wdt_cnt_can            : 3
wdt_cnt_csp[0..1]: 0 41

[WDT Left]
wdt_gnd_left           : 125222
wdt_i2c_left           : 0
wdt_can_left           : 297
wdt_csp_left[0..1]: 5 5

[Battery Currents]
batt_chrg              : -2
batt_dischrg           : 197

[Deploy]
ant6_depl              : 3
ar6_depl               : 3

[PAYLOAD HEX]
39 00 3B 00 13 00 03 00 06 00 00 00 F8 FF FB FF 
1C 00 FD 01 12 00 0C 00 12 00 00 00 00 00 00 00 
00 00 19 3F 19 3F 13 01 13 01 22 3F 00 00 00 00 
00 00 00 00 01 01 00 00 01 01 00 00 01 01 01 00 
00 00 00 00 FC 00 FA 00 00 01 00 00 A4 00 00 00 
A1 A3 02 00 01 03 03 00 01 00 00 00 00 00 00 00 
00 00 00 00 00 00 00 00 00 00 00 00 00 00 00 00 
00 00 00 00 24 3F 94 FF 38 FF 2D 3F 00 00 00 00 
07 02 02 01 04 06 00 00 01 01 01 01 01 01 00 00 
00 00 00 00 05 00 00 00 00 00 00 00 03 00 00 00 
00 00 00 00 29 00 00 00 26 E9 01 00 00 00 00 00 
29 01 00 00 05 05 FE FF C5 00 03 03 

[RETURN VALUE]
39 00 3B 00 13 00 03 00 06 00 00 00 F8 FF FB FF 
1C 00 FD 01 12 00 0C 00 12 00 00 00 00 00 00 00 
00 00 19 3F 19 3F 13 01 13 01 22 3F 00 00 00 00 
00 00 00 00 01 01 00 00 01 01 00 00 01 01 01 00 
00 00 00 00 FC 00 FA 00 00 01 00 00 A4 00 00 00 
A1 A3 02 00 01 03 03 00 01 00 00 00 00 00 00 00 
00 00 00 00 00 00 00 00 00 00 00 00 00 00 00 00 
00 00 00 00 24 3F 94 FF 38 FF 2D 3F 00 00 00 00 
07 02 02 01 04 06 00 00 01 01 01 01 01 01 00 00 
00 00 00 00 05 00 00 00 00 00 00 00 03 00 00 00 
00 00 00 00 29 00 00 00 26 E9 01 00 00 00 00 00 
29 01 00 00 05 05 FE FF C5 00 03 03 

[BINARY DATA]
25 08 00 C0 15 02 00 41 60 6D 2A EF 00 00 00 00 75 18 14 05 2C F8 FF FF BC 00 39 00 3B 00 13 00 03 00 06 00 00 00 F8 FF FB FF 1C 00 FD 01 12 00 0C 00 12 00 00 00 00 00 00 00 00 00 19 3F 19 3F 13 01 13 01 22 3F 00 00 00 00 00 00 00 00 01 01 00 00 01 01 00 00 01 01 01 00 00 00 00 00 FC 00 FA 00 00 01 00 00 A4 00 00 00 A1 A3 02 00 01 03 03 00 01 00 00 00 00 00 00 00 00 00 00 00 00 00 00 00 00 00 00 00 00 00 00 00 00 00 00 00 24 3F 94 FF 38 FF 2D 3F 00 00 00 00 07 02 02 01 04 06 00 00 01 01 01 01 01 01 00 00 00 00 00 00 05 00 00 00 00 00 00 00 03 00 00 00 00 00 00 00 29 00 00 00 26 E9 01 00 00 00 00 00 29 01 00 00 05 05 FE FF C5 00 03 03 00 00 00 00 00 00 00 00 00 00 00 00 00 00 00 00 00 00 00 00 00 00 00 00 00 00 00 00 00 00 00 00 00 00 00 00 00 00 00 00 00 00 00 00 00 00 00 00 00 00 00 00 00 00 00 00 00 00 00 00 00 00 00 00 00 00 00 00 00 00 00 00 00 00 00 00 00 00 00 00 00 00 00 00 00 00 00 00 00 00 00 00 00 00 00 00 00 00 00 00 00 00 00 00 00 00 00 00 00 00 00 00 00 00 00 00 00 00 00 00 00 00 00 00 00 00 00 00 00 00 00 00 00 00 00 00 00 00 00 00 00 00 00 00 00 00 00 00 00 00 00 00 00 00 00 00 00 00 00 00 00 00 00 00 00 00 00 00 00 00 00 00 00 00 00 00 00 00 00 00 00 00 00 00 00 00 00 00 00 00 00 00 00 00 00 00 00 00 00 00 00 00 00 00 00 00 00 00 00 00 00 00 00 00 00 00 00 00 00 00 00 00 00 00 00 00 00 00 00 00 00 00 00 00 00 00 00 00 00 00 00 00 00 00 00 00 00 00 00 00 00 00 00 00 00 00 00 00 00 00 00 00 00 00 00 00 00 00 00 00 00 00 00 00 00 00 00 00 00 00 00 00 00 00 00 00 00 00 00 00 00 00 00 00 00 00 00 00 00 00 00 00 00 00 00 00 00 00 00 00 00 00 00 00 00 00 00 00 00 00 00 00 00 00 00 00 
