================= REPORT SAVE =================

[CCSDS HEADER]
MsgId      : 0x0825
Seq        : 0xC000
Len        : 0x0215
TimeCode   : 00 49 56 39 62 5A
Padding    : 0x00000000

[REPORT BODY]
Reflected MID  : 0x1875
Reflected CC   : 0x14
RetType        : 0x05
RetCode        : 0
RetValSize     : 188

================= PARSED BY MID/CC =================
ReflectedMID : 0x1875
ReflectedCC  : 0x14
PayloadLen   : 188

[EPS P60 DOCK GET TABLE HK]

[Report Data]
c_out[0..12]: 51 59 19 0 6 3 -8 -8 28 535 21 12 18
v_out[0..12]: 0 0 0 0 16122 16138 260 275 16132 0 0 0 0
out_en[0..12]: 1 1 0 0 1 1 0 0 1 1 1 0 0

[Temps]
temp[0..1]: 0 187

[Boot/Time]
bootcause              : 256
bootcnt                : 164
uptime                 : 694896
resetcause             : 0x0301

[Modes/Flags]
batt_mode              : 3
heater_on              : 0
conv_5v_en              : 1

[Latchups]
latchup[0..12]: 0 0 0 0 0 0 0 0 0 0 0 0 0

[Battery/Power]
vbat_v                 : 16134
vcc_c                  : -108
batt_c                 : -205
batt_v                 : 16132
batt_temp[0..1]: 0 0

[Device]
device_type[0..7]: 7 2 2 1 4 6 0 0
device_status[0..7]: 1 1 1 1 1 1 0 0
dearm_status           : 0

[WDT Counters]
wdt_cnt_gnd            : 5
wdt_cnt_i2c            : 0
wdt_cnt_can            : 3
wdt_cnt_csp[0..1]: 0 41

[WDT Left]
wdt_gnd_left           : 172778
wdt_i2c_left           : 0
wdt_can_left           : 297
wdt_csp_left[0..1]: 5 5

[Battery Currents]
batt_chrg              : -4
batt_dischrg           : 201

[Deploy]
ant6_depl              : 3
ar6_depl               : 3

[PAYLOAD HEX]
33 00 3B 00 13 00 00 00 06 00 03 00 F8 FF F8 FF 
1C 00 17 02 15 00 0C 00 12 00 00 00 00 00 00 00 
00 00 FA 3E 0A 3F 04 01 13 01 04 3F 00 00 00 00 
00 00 00 00 01 01 00 00 01 01 00 00 01 01 01 00 
00 00 00 00 BB 00 BB 00 00 01 00 00 A4 00 00 00 
70 9A 0A 00 01 03 03 00 01 00 00 00 00 00 00 00 
00 00 00 00 00 00 00 00 00 00 00 00 00 00 00 00 
00 00 00 00 06 3F 94 FF 33 FF 04 3F 00 00 00 00 
07 02 02 01 04 06 00 00 01 01 01 01 01 01 00 00 
00 00 00 00 05 00 00 00 00 00 00 00 03 00 00 00 
00 00 00 00 29 00 00 00 EA A2 02 00 00 00 00 00 
29 01 00 00 05 05 FC FF C9 00 03 03 

[RETURN VALUE]
33 00 3B 00 13 00 00 00 06 00 03 00 F8 FF F8 FF 
1C 00 17 02 15 00 0C 00 12 00 00 00 00 00 00 00 
00 00 FA 3E 0A 3F 04 01 13 01 04 3F 00 00 00 00 
00 00 00 00 01 01 00 00 01 01 00 00 01 01 01 00 
00 00 00 00 BB 00 BB 00 00 01 00 00 A4 00 00 00 
70 9A 0A 00 01 03 03 00 01 00 00 00 00 00 00 00 
00 00 00 00 00 00 00 00 00 00 00 00 00 00 00 00 
00 00 00 00 06 3F 94 FF 33 FF 04 3F 00 00 00 00 
07 02 02 01 04 06 00 00 01 01 01 01 01 01 00 00 
00 00 00 00 05 00 00 00 00 00 00 00 03 00 00 00 
00 00 00 00 29 00 00 00 EA A2 02 00 00 00 00 00 
29 01 00 00 05 05 FC FF C9 00 03 03 

[BINARY DATA]
25 08 00 C0 15 02 00 49 56 39 62 5A 00 00 00 00 75 18 14 05 00 00 00 00 BC 00 33 00 3B 00 13 00 00 00 06 00 03 00 F8 FF F8 FF 1C 00 17 02 15 00 0C 00 12 00 00 00 00 00 00 00 00 00 FA 3E 0A 3F 04 01 13 01 04 3F 00 00 00 00 00 00 00 00 01 01 00 00 01 01 00 00 01 01 01 00 00 00 00 00 BB 00 BB 00 00 01 00 00 A4 00 00 00 70 9A 0A 00 01 03 03 00 01 00 00 00 00 00 00 00 00 00 00 00 00 00 00 00 00 00 00 00 00 00 00 00 00 00 00 00 06 3F 94 FF 33 FF 04 3F 00 00 00 00 07 02 02 01 04 06 00 00 01 01 01 01 01 01 00 00 00 00 00 00 05 00 00 00 00 00 00 00 03 00 00 00 00 00 00 00 29 00 00 00 EA A2 02 00 00 00 00 00 29 01 00 00 05 05 FC FF C9 00 03 03 00 00 00 00 00 00 00 00 00 00 00 00 00 00 00 00 00 00 00 00 00 00 00 00 00 00 00 00 00 00 00 00 00 00 00 00 00 00 00 00 00 00 00 00 00 00 00 00 00 00 00 00 00 00 00 00 00 00 00 00 00 00 00 00 00 00 00 00 00 00 00 00 00 00 00 00 00 00 00 00 00 00 00 00 00 00 00 00 00 00 00 00 00 00 00 00 00 00 00 00 00 00 00 00 00 00 00 00 00 00 00 00 00 00 00 00 00 00 00 00 00 00 00 00 00 00 00 00 00 00 00 00 00 00 00 00 00 00 00 00 00 00 00 00 00 00 00 00 00 00 00 00 00 00 00 00 00 00 00 00 00 00 00 00 00 00 00 00 00 00 00 00 00 00 00 00 00 00 00 00 00 00 00 00 00 00 00 00 00 00 00 00 00 00 00 00 00 00 00 00 00 00 00 00 00 00 00 00 00 00 00 00 00 00 00 00 00 00 00 00 00 00 00 00 00 00 00 00 00 00 00 00 00 00 00 00 00 00 00 00 00 00 00 00 00 00 00 00 00 00 00 00 00 00 00 00 00 00 00 00 00 00 00 00 00 00 00 00 00 00 00 00 00 00 00 00 00 00 00 00 00 00 00 00 00 00 00 00 00 00 00 00 00 00 00 00 00 00 00 00 00 00 00 00 00 00 00 00 00 00 00 00 00 00 00 00 00 00 00 00 00 00 00 00 00 00 
