================= REPORT SAVE =================

[CCSDS HEADER]
MsgId      : 0x0825
Seq        : 0xC000
Len        : 0x0215
TimeCode   : 00 4B 29 98 0A 72
Padding    : 0x00000000

[REPORT BODY]
Reflected MID  : 0x1875
Reflected CC   : 0x1A
RetType        : 0x05
RetCode        : 0
RetValSize     : 124

================= PARSED BY MID/CC =================
ReflectedMID : 0x1875
ReflectedCC  : 0x1A
PayloadLen   : 124

[EPS P60 ACU GET TABLE HK]

[Inputs]
c_in[0..5]: 145 153 66 65 14 12
v_in[0..5]: 16695 16674 16674 16623 15726 15443

[Bus/Temp]
vbat: 16035
vcc : 3275
temp[0..2]: 185 187 187

[MPPT]
mppt_mode: 1
vboost[0..5]: 17392 18548 17392 17177 17930 18145
power[0..5]: 2420 2551 1100 1080 220 185

[DAC]
dac_en[0..2]: 1 1 1
dac_val[0..5]: 647 690 651 639 661 675

[Boot/Time]
bootcause : 3054645112
bootcnt   : 1
uptime    : 142
resetcause: 0x6E07

[MPPT Timing]
mppt_time  : 12
mppt_period: 1

[Device]
device_type[0..7]: 22 0 49 0 0 0 7 1
device_status[0..7]: 1 3 3 3 4 0 1 1

[WDT]
wdt_cnt_gnd : 65793
wdt_gnd_left: 5

[PAYLOAD HEX]
91 00 99 00 42 00 41 00 0E 00 0C 00 37 41 22 41 
22 41 EF 40 6E 3D 53 3C A3 3E CB 0C B9 00 BB 00 
BB 00 01 00 F0 43 74 48 F0 43 19 43 0A 46 E1 46 
74 09 F7 09 4C 04 38 04 DC 00 B9 00 01 01 01 00 
87 02 B2 02 8B 02 7F 02 95 02 A3 02 78 2F 12 B6 
01 00 00 00 8E 00 00 00 07 6E 0C 00 01 00 16 00 
31 00 00 00 07 01 01 03 03 03 04 00 01 01 01 01 
01 01 01 00 05 00 00 00 0C 22 02 00 

[RETURN VALUE]
91 00 99 00 42 00 41 00 0E 00 0C 00 37 41 22 41 
22 41 EF 40 6E 3D 53 3C A3 3E CB 0C B9 00 BB 00 
BB 00 01 00 F0 43 74 48 F0 43 19 43 0A 46 E1 46 
74 09 F7 09 4C 04 38 04 DC 00 B9 00 01 01 01 00 
87 02 B2 02 8B 02 7F 02 95 02 A3 02 78 2F 12 B6 
01 00 00 00 8E 00 00 00 07 6E 0C 00 01 00 16 00 
31 00 00 00 07 01 01 03 03 03 04 00 01 01 01 01 
01 01 01 00 05 00 00 00 0C 22 02 00 

[BINARY DATA]
25 08 00 C0 15 02 00 4B 29 98 0A 72 00 00 00 00 75 18 1A 05 00 00 00 00 7C 00 91 00 99 00 42 00 41 00 0E 00 0C 00 37 41 22 41 22 41 EF 40 6E 3D 53 3C A3 3E CB 0C B9 00 BB 00 BB 00 01 00 F0 43 74 48 F0 43 19 43 0A 46 E1 46 74 09 F7 09 4C 04 38 04 DC 00 B9 00 01 01 01 00 87 02 B2 02 8B 02 7F 02 95 02 A3 02 78 2F 12 B6 01 00 00 00 8E 00 00 00 07 6E 0C 00 01 00 16 00 31 00 00 00 07 01 01 03 03 03 04 00 01 01 01 01 01 01 01 00 05 00 00 00 0C 22 02 00 00 00 00 00 00 00 00 00 00 00 00 00 00 00 00 00 00 00 00 00 00 00 00 00 00 00 00 00 00 00 00 00 00 00 00 00 00 00 00 00 00 00 00 00 00 00 00 00 00 00 00 00 00 00 00 00 00 00 00 00 00 00 00 00 00 00 00 00 00 00 00 00 00 00 00 00 00 00 00 00 00 00 00 00 00 00 00 00 00 00 00 00 00 00 00 00 00 00 00 00 00 00 00 00 00 00 00 00 00 00 00 00 00 00 00 00 00 00 00 00 00 00 00 00 00 00 00 00 00 00 00 00 00 00 00 00 00 00 00 00 00 00 00 00 00 00 00 00 00 00 00 00 00 00 00 00 00 00 00 00 00 00 00 00 00 00 00 00 00 00 00 00 00 00 00 00 00 00 00 00 00 00 00 00 00 00 00 00 00 00 00 00 00 00 00 00 00 00 00 00 00 00 00 00 00 00 00 00 00 00 00 00 00 00 00 00 00 00 00 00 00 00 00 00 00 00 00 00 00 00 00 00 00 00 00 00 00 00 00 00 00 00 00 00 00 00 00 00 00 00 00 00 00 00 00 00 00 00 00 00 00 00 00 00 00 00 00 00 00 00 00 00 00 00 00 00 00 00 00 00 00 00 00 00 00 00 00 00 00 00 00 00 00 00 00 00 00 00 00 00 00 00 00 00 00 00 00 00 00 00 00 00 00 00 00 00 00 00 00 00 00 00 00 00 00 00 00 00 00 00 00 00 00 00 00 00 00 00 00 00 00 00 00 00 00 00 00 00 00 00 00 00 00 00 00 00 00 00 00 00 00 00 00 00 00 00 00 00 00 00 00 00 00 00 00 00 00 00 00 00 00 00 00 00 00 00 00 00 00 00 
