================= REPORT SAVE =================

[CCSDS HEADER]
MsgId      : 0x0825
Seq        : 0xC000
Len        : 0x0215
TimeCode   : 00 8F 24 CD 4E A5
Padding    : 0x00000000

[REPORT BODY]
Reflected MID  : 0x1875
Reflected CC   : 0x1A
RetType        : 0x05
RetCode        : 0
RetValSize     : 124

================= PARSED BY MID/CC =================
ReflectedMID : 0x1875
ReflectedCC  : 0x1A
PayloadLen   : 124

[EPS P60 ACU GET TABLE HK]

[Inputs]
c_in[0..5]: 10 19 16 20 17 20
v_in[0..5]: 333 331 317 344 372 361

[Bus/Temp]
vbat: 16222
vcc : 3275
temp[0..2]: 190 189 190

[MPPT]
mppt_mode: 1
vboost[0..5]: 17876 17930 18037 17983 18037 17983
power[0..5]: 3 6 5 6 6 7

[DAC]
dac_en[0..2]: 1 1 1
dac_val[0..5]: 669 667 669 671 669 669

[Boot/Time]
bootcause : 3054841720
bootcnt   : 1
uptime    : 146
resetcause: 0xC3BC

[MPPT Timing]
mppt_time  : 42
mppt_period: 1

[Device]
device_type[0..7]: 22 0 49 0 0 0 7 1
device_status[0..7]: 1 3 3 3 4 0 1 1

[WDT]
wdt_cnt_gnd : 65793
wdt_gnd_left: 6

[PAYLOAD HEX]
0A 00 13 00 10 00 14 00 11 00 14 00 4D 01 4B 01 
3D 01 58 01 74 01 69 01 5E 3F CB 0C BE 00 BD 00 
BE 00 01 00 D4 45 0A 46 75 46 3F 46 75 46 3F 46 
03 00 06 00 05 00 06 00 06 00 07 00 01 01 01 00 
9D 02 9B 02 9D 02 9F 02 9D 02 9D 02 78 2F 15 B6 
01 00 00 00 92 00 00 00 BC C3 2A 00 01 00 16 00 
31 00 00 00 07 01 01 03 03 03 04 00 01 01 01 01 
01 01 01 00 06 00 00 00 C7 4F 01 00 

[RETURN VALUE]
0A 00 13 00 10 00 14 00 11 00 14 00 4D 01 4B 01 
3D 01 58 01 74 01 69 01 5E 3F CB 0C BE 00 BD 00 
BE 00 01 00 D4 45 0A 46 75 46 3F 46 75 46 3F 46 
03 00 06 00 05 00 06 00 06 00 07 00 01 01 01 00 
9D 02 9B 02 9D 02 9F 02 9D 02 9D 02 78 2F 15 B6 
01 00 00 00 92 00 00 00 BC C3 2A 00 01 00 16 00 
31 00 00 00 07 01 01 03 03 03 04 00 01 01 01 01 
01 01 01 00 06 00 00 00 C7 4F 01 00 

[BINARY DATA]
25 08 00 C0 15 02 00 8F 24 CD 4E A5 00 00 00 00 75 18 1A 05 00 00 00 00 7C 00 0A 00 13 00 10 00 14 00 11 00 14 00 4D 01 4B 01 3D 01 58 01 74 01 69 01 5E 3F CB 0C BE 00 BD 00 BE 00 01 00 D4 45 0A 46 75 46 3F 46 75 46 3F 46 03 00 06 00 05 00 06 00 06 00 07 00 01 01 01 00 9D 02 9B 02 9D 02 9F 02 9D 02 9D 02 78 2F 15 B6 01 00 00 00 92 00 00 00 BC C3 2A 00 01 00 16 00 31 00 00 00 07 01 01 03 03 03 04 00 01 01 01 01 01 01 01 00 06 00 00 00 C7 4F 01 00 00 00 00 00 00 00 00 00 00 00 00 00 00 00 00 00 00 00 00 00 00 00 00 00 00 00 00 00 00 00 00 00 00 00 00 00 00 00 00 00 00 00 00 00 00 00 00 00 00 00 00 00 00 00 00 00 00 00 00 00 00 00 00 00 00 00 00 00 00 00 00 00 00 00 00 00 00 00 00 00 00 00 00 00 00 00 00 00 00 00 00 00 00 00 00 00 00 00 00 00 00 00 00 00 00 00 00 00 00 00 00 00 00 00 00 00 00 00 00 00 00 00 00 00 00 00 00 00 00 00 00 00 00 00 00 00 00 00 00 00 00 00 00 00 00 00 00 00 00 00 00 00 00 00 00 00 00 00 00 00 00 00 00 00 00 00 00 00 00 00 00 00 00 00 00 00 00 00 00 00 00 00 00 00 00 00 00 00 00 00 00 00 00 00 00 00 00 00 00 00 00 00 00 00 00 00 00 00 00 00 00 00 00 00 00 00 00 00 00 00 00 00 00 00 00 00 00 00 00 00 00 00 00 00 00 00 00 00 00 00 00 00 00 00 00 00 00 00 00 00 00 00 00 00 00 00 00 00 00 00 00 00 00 00 00 00 00 00 00 00 00 00 00 00 00 00 00 00 00 00 00 00 00 00 00 00 00 00 00 00 00 00 00 00 00 00 00 00 00 00 00 00 00 00 00 00 00 00 00 00 00 00 00 00 00 00 00 00 00 00 00 00 00 00 00 00 00 00 00 00 00 00 00 00 00 00 00 00 00 00 00 00 00 00 00 00 00 00 00 00 00 00 00 00 00 00 00 00 00 00 00 00 00 00 00 00 00 00 00 00 00 00 00 00 00 00 00 00 00 00 00 00 00 00 00 00 00 00 00 00 
