================= REPORT SAVE =================

[CCSDS HEADER]
MsgId      : 0x0825
Seq        : 0xC000
Len        : 0x0215
TimeCode   : 00 44 9F C9 1B 08
Padding    : 0x00000000

[REPORT BODY]
Reflected MID  : 0x1875
Reflected CC   : 0x1A
RetType        : 0x05
RetCode        : 0
RetValSize     : 124

================= PARSED BY MID/CC =================
ReflectedMID : 0x1875
ReflectedCC  : 0x1A
PayloadLen   : 124

[EPS P60 ACU GET TABLE HK]

[Inputs]
c_in[0..5]: 320 325 259 262 275 310
v_in[0..5]: 3941 3954 3981 3986 3986 3999

[Bus/Temp]
vbat: 16316
vcc : 3275
temp[0..2]: 222 220 222

[MPPT]
mppt_mode: 1
vboost[0..5]: 4032 4032 4032 4005 4032 4032
power[0..5]: 1261 1285 1031 1044 1096 1239

[DAC]
dac_en[0..2]: 1 1 1
dac_val[0..5]: 149 149 149 149 149 149

[Boot/Time]
bootcause : 0
bootcnt   : 1
uptime    : 142
resetcause: 0xE361

[MPPT Timing]
mppt_time  : 5
mppt_period: 1

[Device]
device_type[0..7]: 22 0 49 0 0 0 7 1
device_status[0..7]: 1 3 3 3 4 0 1 1

[WDT]
wdt_cnt_gnd : 65793
wdt_gnd_left: 5

[PAYLOAD HEX]
40 01 45 01 03 01 06 01 13 01 36 01 65 0F 72 0F 
8D 0F 92 0F 92 0F 9F 0F BC 3F CB 0C DE 00 DC 00 
DE 00 01 B6 C0 0F C0 0F C0 0F A5 0F C0 0F C0 0F 
ED 04 05 05 07 04 14 04 48 04 D7 04 01 01 01 00 
95 00 95 00 95 00 95 00 95 00 95 00 00 00 00 00 
01 00 00 00 8E 00 00 00 61 E3 05 00 01 00 16 00 
31 00 00 00 07 01 01 03 03 03 04 00 01 01 01 01 
01 01 01 00 05 00 00 00 C3 8C 02 00 

[RETURN VALUE]
40 01 45 01 03 01 06 01 13 01 36 01 65 0F 72 0F 
8D 0F 92 0F 92 0F 9F 0F BC 3F CB 0C DE 00 DC 00 
DE 00 01 B6 C0 0F C0 0F C0 0F A5 0F C0 0F C0 0F 
ED 04 05 05 07 04 14 04 48 04 D7 04 01 01 01 00 
95 00 95 00 95 00 95 00 95 00 95 00 00 00 00 00 
01 00 00 00 8E 00 00 00 61 E3 05 00 01 00 16 00 
31 00 00 00 07 01 01 03 03 03 04 00 01 01 01 01 
01 01 01 00 05 00 00 00 C3 8C 02 00 

[BINARY DATA]
25 08 00 C0 15 02 00 44 9F C9 1B 08 00 00 00 00 75 18 1A 05 00 00 00 00 7C 00 40 01 45 01 03 01 06 01 13 01 36 01 65 0F 72 0F 8D 0F 92 0F 92 0F 9F 0F BC 3F CB 0C DE 00 DC 00 DE 00 01 B6 C0 0F C0 0F C0 0F A5 0F C0 0F C0 0F ED 04 05 05 07 04 14 04 48 04 D7 04 01 01 01 00 95 00 95 00 95 00 95 00 95 00 95 00 00 00 00 00 01 00 00 00 8E 00 00 00 61 E3 05 00 01 00 16 00 31 00 00 00 07 01 01 03 03 03 04 00 01 01 01 01 01 01 01 00 05 00 00 00 C3 8C 02 00 00 00 00 00 00 00 00 00 00 00 00 00 00 00 00 00 00 00 00 00 00 00 00 00 00 00 00 00 00 00 00 00 00 00 00 00 00 00 00 00 00 00 00 00 00 00 00 00 00 00 00 00 00 00 00 00 00 00 00 00 00 00 00 00 00 00 00 00 00 00 00 00 00 00 00 00 00 00 00 00 00 00 00 00 00 00 00 00 00 00 00 00 00 00 00 00 00 00 00 00 00 00 00 00 00 00 00 00 00 00 00 00 00 00 00 00 00 00 00 00 00 00 00 00 00 00 00 00 00 00 00 00 00 00 00 00 00 00 00 00 00 00 00 00 00 00 00 00 00 00 00 00 00 00 00 00 00 00 00 00 00 00 00 00 00 00 00 00 00 00 00 00 00 00 00 00 00 00 00 00 00 00 00 00 00 00 00 00 00 00 00 00 00 00 00 00 00 00 00 00 00 00 00 00 00 00 00 00 00 00 00 00 00 00 00 00 00 00 00 00 00 00 00 00 00 00 00 00 00 00 00 00 00 00 00 00 00 00 00 00 00 00 00 00 00 00 00 00 00 00 00 00 00 00 00 00 00 00 00 00 00 00 00 00 00 00 00 00 00 00 00 00 00 00 00 00 00 00 00 00 00 00 00 00 00 00 00 00 00 00 00 00 00 00 00 00 00 00 00 00 00 00 00 00 00 00 00 00 00 00 00 00 00 00 00 00 00 00 00 00 00 00 00 00 00 00 00 00 00 00 00 00 00 00 00 00 00 00 00 00 00 00 00 00 00 00 00 00 00 00 00 00 00 00 00 00 00 00 00 00 00 00 00 00 00 00 00 00 00 00 00 00 00 00 00 00 00 00 00 00 00 00 00 00 00 00 00 00 00 00 
