================= REPORT SAVE =================

[CCSDS HEADER]
MsgId      : 0x0825
Seq        : 0xC000
Len        : 0x0215
TimeCode   : 00 68 3C D9 02 8F
Padding    : 0x00000000

[REPORT BODY]
Reflected MID  : 0x1875
Reflected CC   : 0x1A
RetType        : 0x05
RetCode        : 0
RetValSize     : 124

================= PARSED BY MID/CC =================
ReflectedMID : 0x1875
ReflectedCC  : 0x1A
PayloadLen   : 124

[EPS P60 ACU GET TABLE HK]

[Inputs]
c_in[0..5]: 53 65 56 52 14 12
v_in[0..5]: 16834 16812 16812 16788 16030 16026

[Bus/Temp]
vbat: 16191
vcc : 3275
temp[0..2]: 217 217 218

[MPPT]
mppt_mode: 1
vboost[0..5]: 17822 18494 18817 18709 17983 17930
power[0..5]: 892 1092 941 872 224 192

[DAC]
dac_en[0..2]: 1 1 1
dac_val[0..5]: 663 690 698 696 669 671

[Boot/Time]
bootcause : 3054841720
bootcnt   : 1
uptime    : 146
resetcause: 0xD6FF

[MPPT Timing]
mppt_time  : 3
mppt_period: 1

[Device]
device_type[0..7]: 22 0 49 0 0 0 7 1
device_status[0..7]: 1 3 3 3 4 0 1 1

[WDT]
wdt_cnt_gnd : 65793
wdt_gnd_left: 6

[PAYLOAD HEX]
35 00 41 00 38 00 34 00 0E 00 0C 00 C2 41 AC 41 
AC 41 94 41 9E 3E 9A 3E 3F 3F CB 0C D9 00 D9 00 
DA 00 01 00 9E 45 3E 48 81 49 15 49 3F 46 0A 46 
7C 03 44 04 AD 03 68 03 E0 00 C0 00 01 01 01 00 
97 02 B2 02 BA 02 B8 02 9D 02 9F 02 78 2F 15 B6 
01 00 00 00 92 00 00 00 FF D6 03 00 01 00 16 00 
31 00 00 00 07 01 01 03 03 03 04 00 01 01 01 01 
01 01 01 00 06 00 00 00 D2 8C 02 00 

[RETURN VALUE]
35 00 41 00 38 00 34 00 0E 00 0C 00 C2 41 AC 41 
AC 41 94 41 9E 3E 9A 3E 3F 3F CB 0C D9 00 D9 00 
DA 00 01 00 9E 45 3E 48 81 49 15 49 3F 46 0A 46 
7C 03 44 04 AD 03 68 03 E0 00 C0 00 01 01 01 00 
97 02 B2 02 BA 02 B8 02 9D 02 9F 02 78 2F 15 B6 
01 00 00 00 92 00 00 00 FF D6 03 00 01 00 16 00 
31 00 00 00 07 01 01 03 03 03 04 00 01 01 01 01 
01 01 01 00 06 00 00 00 D2 8C 02 00 

[BINARY DATA]
25 08 00 C0 15 02 00 68 3C D9 02 8F 00 00 00 00 75 18 1A 05 00 00 00 00 7C 00 35 00 41 00 38 00 34 00 0E 00 0C 00 C2 41 AC 41 AC 41 94 41 9E 3E 9A 3E 3F 3F CB 0C D9 00 D9 00 DA 00 01 00 9E 45 3E 48 81 49 15 49 3F 46 0A 46 7C 03 44 04 AD 03 68 03 E0 00 C0 00 01 01 01 00 97 02 B2 02 BA 02 B8 02 9D 02 9F 02 78 2F 15 B6 01 00 00 00 92 00 00 00 FF D6 03 00 01 00 16 00 31 00 00 00 07 01 01 03 03 03 04 00 01 01 01 01 01 01 01 00 06 00 00 00 D2 8C 02 00 00 00 00 00 00 00 00 00 00 00 00 00 00 00 00 00 00 00 00 00 00 00 00 00 00 00 00 00 00 00 00 00 00 00 00 00 00 00 00 00 00 00 00 00 00 00 00 00 00 00 00 00 00 00 00 00 00 00 00 00 00 00 00 00 00 00 00 00 00 00 00 00 00 00 00 00 00 00 00 00 00 00 00 00 00 00 00 00 00 00 00 00 00 00 00 00 00 00 00 00 00 00 00 00 00 00 00 00 00 00 00 00 00 00 00 00 00 00 00 00 00 00 00 00 00 00 00 00 00 00 00 00 00 00 00 00 00 00 00 00 00 00 00 00 00 00 00 00 00 00 00 00 00 00 00 00 00 00 00 00 00 00 00 00 00 00 00 00 00 00 00 00 00 00 00 00 00 00 00 00 00 00 00 00 00 00 00 00 00 00 00 00 00 00 00 00 00 00 00 00 00 00 00 00 00 00 00 00 00 00 00 00 00 00 00 00 00 00 00 00 00 00 00 00 00 00 00 00 00 00 00 00 00 00 00 00 00 00 00 00 00 00 00 00 00 00 00 00 00 00 00 00 00 00 00 00 00 00 00 00 00 00 00 00 00 00 00 00 00 00 00 00 00 00 00 00 00 00 00 00 00 00 00 00 00 00 00 00 00 00 00 00 00 00 00 00 00 00 00 00 00 00 00 00 00 00 00 00 00 00 00 00 00 00 00 00 00 00 00 00 00 00 00 00 00 00 00 00 00 00 00 00 00 00 00 00 00 00 00 00 00 00 00 00 00 00 00 00 00 00 00 00 00 00 00 00 00 00 00 00 00 00 00 00 00 00 00 00 00 00 00 00 00 00 00 00 00 00 00 00 00 00 00 00 00 00 00 00 00 00 
