================= REPORT SAVE =================

[CCSDS HEADER]
MsgId      : 0x0825
Seq        : 0xC000
Len        : 0x0215
TimeCode   : 00 5E 48 26 10 0C
Padding    : 0x00000000

[REPORT BODY]
Reflected MID  : 0x1875
Reflected CC   : 0x14
RetType        : 0x05
RetCode        : 0
RetValSize     : 188

================= PARSED BY MID/CC =================
ReflectedMID : 0x1875
ReflectedCC  : 0x14
PayloadLen   : 188

[EPS P60 DOCK GET TABLE HK]

[Report Data]
c_out[0..12]: 51 56 16 3 6 0 -8 -5 25 509 18 9 18
v_out[0..12]: 0 0 0 0 16015 16015 260 275 16025 0 0 0 0
out_en[0..12]: 1 1 0 0 1 1 0 0 1 1 1 0 0

[Temps]
temp[0..1]: 0 175

[Boot/Time]
bootcause              : 256
bootcnt                : 166
uptime                 : 256276
resetcause             : 0x0001

[Modes/Flags]
batt_mode              : 3
heater_on              : 0
conv_5v_en              : 1

[Latchups]
latchup[0..12]: 0 0 0 0 0 0 0 0 0 0 0 0 0

[Battery/Power]
vbat_v                 : 16027
vcc_c                  : -107
batt_c                 : -200
batt_v                 : 16021
batt_temp[0..1]: 0 0

[Device]
device_type[0..7]: 7 2 2 1 4 6 0 0
device_status[0..7]: 1 1 1 1 1 1 0 0
dearm_status           : 0

[WDT Counters]
wdt_cnt_gnd            : 6
wdt_cnt_i2c            : 0
wdt_cnt_can            : 3
wdt_cnt_csp[0..1]: 0 41

[WDT Left]
wdt_gnd_left           : 172616
wdt_i2c_left           : 0
wdt_can_left           : 297
wdt_csp_left[0..1]: 5 5

[Battery Currents]
batt_chrg              : -4
batt_dischrg           : 196

[Deploy]
ant6_depl              : 3
ar6_depl               : 3

[PAYLOAD HEX]
33 00 38 00 10 00 03 00 06 00 00 00 F8 FF FB FF 
19 00 FD 01 12 00 09 00 12 00 00 00 00 00 00 00 
00 00 8F 3E 8F 3E 04 01 13 01 99 3E 00 00 00 00 
00 00 00 00 01 01 00 00 01 01 00 00 01 01 01 00 
00 00 00 00 AF 00 AD 00 00 01 00 00 A6 00 00 00 
14 E9 03 00 01 00 03 00 01 00 00 00 00 00 00 00 
00 00 00 00 00 00 00 00 00 00 00 00 00 00 00 00 
00 00 00 00 9B 3E 95 FF 38 FF 95 3E 00 00 00 00 
07 02 02 01 04 06 00 00 01 01 01 01 01 01 00 00 
00 00 00 00 06 00 00 00 00 00 00 00 03 00 00 00 
00 00 00 00 29 00 00 00 48 A2 02 00 00 00 00 00 
29 01 00 00 05 05 FC FF C4 00 03 03 

[RETURN VALUE]
33 00 38 00 10 00 03 00 06 00 00 00 F8 FF FB FF 
19 00 FD 01 12 00 09 00 12 00 00 00 00 00 00 00 
00 00 8F 3E 8F 3E 04 01 13 01 99 3E 00 00 00 00 
00 00 00 00 01 01 00 00 01 01 00 00 01 01 01 00 
00 00 00 00 AF 00 AD 00 00 01 00 00 A6 00 00 00 
14 E9 03 00 01 00 03 00 01 00 00 00 00 00 00 00 
00 00 00 00 00 00 00 00 00 00 00 00 00 00 00 00 
00 00 00 00 9B 3E 95 FF 38 FF 95 3E 00 00 00 00 
07 02 02 01 04 06 00 00 01 01 01 01 01 01 00 00 
00 00 00 00 06 00 00 00 00 00 00 00 03 00 00 00 
00 00 00 00 29 00 00 00 48 A2 02 00 00 00 00 00 
29 01 00 00 05 05 FC FF C4 00 03 03 

[BINARY DATA]
25 08 00 C0 15 02 00 5E 48 26 10 0C 00 00 00 00 75 18 14 05 00 00 00 00 BC 00 33 00 38 00 10 00 03 00 06 00 00 00 F8 FF FB FF 19 00 FD 01 12 00 09 00 12 00 00 00 00 00 00 00 00 00 8F 3E 8F 3E 04 01 13 01 99 3E 00 00 00 00 00 00 00 00 01 01 00 00 01 01 00 00 01 01 01 00 00 00 00 00 AF 00 AD 00 00 01 00 00 A6 00 00 00 14 E9 03 00 01 00 03 00 01 00 00 00 00 00 00 00 00 00 00 00 00 00 00 00 00 00 00 00 00 00 00 00 00 00 00 00 9B 3E 95 FF 38 FF 95 3E 00 00 00 00 07 02 02 01 04 06 00 00 01 01 01 01 01 01 00 00 00 00 00 00 06 00 00 00 00 00 00 00 03 00 00 00 00 00 00 00 29 00 00 00 48 A2 02 00 00 00 00 00 29 01 00 00 05 05 FC FF C4 00 03 03 00 00 00 00 00 00 00 00 00 00 00 00 00 00 00 00 00 00 00 00 00 00 00 00 00 00 00 00 00 00 00 00 00 00 00 00 00 00 00 00 00 00 00 00 00 00 00 00 00 00 00 00 00 00 00 00 00 00 00 00 00 00 00 00 00 00 00 00 00 00 00 00 00 00 00 00 00 00 00 00 00 00 00 00 00 00 00 00 00 00 00 00 00 00 00 00 00 00 00 00 00 00 00 00 00 00 00 00 00 00 00 00 00 00 00 00 00 00 00 00 00 00 00 00 00 00 00 00 00 00 00 00 00 00 00 00 00 00 00 00 00 00 00 00 00 00 00 00 00 00 00 00 00 00 00 00 00 00 00 00 00 00 00 00 00 00 00 00 00 00 00 00 00 00 00 00 00 00 00 00 00 00 00 00 00 00 00 00 00 00 00 00 00 00 00 00 00 00 00 00 00 00 00 00 00 00 00 00 00 00 00 00 00 00 00 00 00 00 00 00 00 00 00 00 00 00 00 00 00 00 00 00 00 00 00 00 00 00 00 00 00 00 00 00 00 00 00 00 00 00 00 00 00 00 00 00 00 00 00 00 00 00 00 00 00 00 00 00 00 00 00 00 00 00 00 00 00 00 00 00 00 00 00 00 00 00 00 00 00 00 00 00 00 00 00 00 00 00 00 00 00 00 00 00 00 00 00 00 00 00 00 00 00 00 00 00 00 00 00 00 00 00 00 00 00 00 
