================= REPORT SAVE =================

[CCSDS HEADER]
MsgId      : 0x0825
Seq        : 0xC000
Len        : 0x0215
TimeCode   : 00 83 E5 F0 DC 96
Padding    : 0x00000000

[REPORT BODY]
Reflected MID  : 0x1875
Reflected CC   : 0x1A
RetType        : 0x05
RetCode        : 0
RetValSize     : 124

================= PARSED BY MID/CC =================
ReflectedMID : 0x1875
ReflectedCC  : 0x1A
PayloadLen   : 124

[EPS P60 ACU GET TABLE HK]

[Inputs]
c_in[0..5]: 104 109 109 102 15 13
v_in[0..5]: 16931 16895 16909 16871 14554 14651

[Bus/Temp]
vbat: 16285
vcc : 3279
temp[0..2]: 155 154 155

[MPPT]
mppt_mode: 1
vboost[0..5]: 18709 17607 18440 18333 17983 17983
power[0..5]: 1760 1841 1843 1720 218 190

[DAC]
dac_en[0..2]: 1 1 1
dac_val[0..5]: 690 655 682 678 669 669

[Boot/Time]
bootcause : 3054841720
bootcnt   : 1
uptime    : 146
resetcause: 0x837E

[MPPT Timing]
mppt_time  : 31
mppt_period: 1

[Device]
device_type[0..7]: 22 0 49 0 0 0 7 1
device_status[0..7]: 1 3 3 3 4 0 1 1

[WDT]
wdt_cnt_gnd : 65793
wdt_gnd_left: 6

[PAYLOAD HEX]
68 00 6D 00 6D 00 66 00 0F 00 0D 00 23 42 FF 41 
0D 42 E7 41 DA 38 3B 39 9D 3F CF 0C 9B 00 9A 00 
9B 00 01 00 15 49 C7 44 08 48 9D 47 3F 46 3F 46 
E0 06 31 07 33 07 B8 06 DA 00 BE 00 01 01 01 00 
B2 02 8F 02 AA 02 A6 02 9D 02 9D 02 78 2F 15 B6 
01 00 00 00 92 00 00 00 7E 83 1F 00 01 00 16 00 
31 00 00 00 07 01 01 03 03 03 04 00 01 01 01 01 
01 01 01 00 06 00 00 00 C3 A2 02 00 

[RETURN VALUE]
68 00 6D 00 6D 00 66 00 0F 00 0D 00 23 42 FF 41 
0D 42 E7 41 DA 38 3B 39 9D 3F CF 0C 9B 00 9A 00 
9B 00 01 00 15 49 C7 44 08 48 9D 47 3F 46 3F 46 
E0 06 31 07 33 07 B8 06 DA 00 BE 00 01 01 01 00 
B2 02 8F 02 AA 02 A6 02 9D 02 9D 02 78 2F 15 B6 
01 00 00 00 92 00 00 00 7E 83 1F 00 01 00 16 00 
31 00 00 00 07 01 01 03 03 03 04 00 01 01 01 01 
01 01 01 00 06 00 00 00 C3 A2 02 00 

[BINARY DATA]
25 08 00 C0 15 02 00 83 E5 F0 DC 96 00 00 00 00 75 18 1A 05 00 00 00 00 7C 00 68 00 6D 00 6D 00 66 00 0F 00 0D 00 23 42 FF 41 0D 42 E7 41 DA 38 3B 39 9D 3F CF 0C 9B 00 9A 00 9B 00 01 00 15 49 C7 44 08 48 9D 47 3F 46 3F 46 E0 06 31 07 33 07 B8 06 DA 00 BE 00 01 01 01 00 B2 02 8F 02 AA 02 A6 02 9D 02 9D 02 78 2F 15 B6 01 00 00 00 92 00 00 00 7E 83 1F 00 01 00 16 00 31 00 00 00 07 01 01 03 03 03 04 00 01 01 01 01 01 01 01 00 06 00 00 00 C3 A2 02 00 00 00 00 00 00 00 00 00 00 00 00 00 00 00 00 00 00 00 00 00 00 00 00 00 00 00 00 00 00 00 00 00 00 00 00 00 00 00 00 00 00 00 00 00 00 00 00 00 00 00 00 00 00 00 00 00 00 00 00 00 00 00 00 00 00 00 00 00 00 00 00 00 00 00 00 00 00 00 00 00 00 00 00 00 00 00 00 00 00 00 00 00 00 00 00 00 00 00 00 00 00 00 00 00 00 00 00 00 00 00 00 00 00 00 00 00 00 00 00 00 00 00 00 00 00 00 00 00 00 00 00 00 00 00 00 00 00 00 00 00 00 00 00 00 00 00 00 00 00 00 00 00 00 00 00 00 00 00 00 00 00 00 00 00 00 00 00 00 00 00 00 00 00 00 00 00 00 00 00 00 00 00 00 00 00 00 00 00 00 00 00 00 00 00 00 00 00 00 00 00 00 00 00 00 00 00 00 00 00 00 00 00 00 00 00 00 00 00 00 00 00 00 00 00 00 00 00 00 00 00 00 00 00 00 00 00 00 00 00 00 00 00 00 00 00 00 00 00 00 00 00 00 00 00 00 00 00 00 00 00 00 00 00 00 00 00 00 00 00 00 00 00 00 00 00 00 00 00 00 00 00 00 00 00 00 00 00 00 00 00 00 00 00 00 00 00 00 00 00 00 00 00 00 00 00 00 00 00 00 00 00 00 00 00 00 00 00 00 00 00 00 00 00 00 00 00 00 00 00 00 00 00 00 00 00 00 00 00 00 00 00 00 00 00 00 00 00 00 00 00 00 00 00 00 00 00 00 00 00 00 00 00 00 00 00 00 00 00 00 00 00 00 00 00 00 00 00 00 00 00 00 00 00 00 00 00 00 00 00 00 
