================= REPORT SAVE =================

[CCSDS HEADER]
MsgId      : 0x0825
Seq        : 0xC000
Len        : 0x0215
TimeCode   : 00 75 51 8F 28 84
Padding    : 0x00000000

[REPORT BODY]
Reflected MID  : 0x1875
Reflected CC   : 0x1A
RetType        : 0x05
RetCode        : 0
RetValSize     : 124

================= PARSED BY MID/CC =================
ReflectedMID : 0x1875
ReflectedCC  : 0x1A
PayloadLen   : 124

[EPS P60 ACU GET TABLE HK]

[Inputs]
c_in[0..5]: 478 486 444 449 457 444
v_in[0..5]: 5468 5475 5516 5504 5518 5541

[Bus/Temp]
vbat: 16316
vcc : 3279
temp[0..2]: 220 220 223

[MPPT]
mppt_mode: 1
vboost[0..5]: 5483 5483 5483 5483 5483 5483
power[0..5]: 2613 2660 2449 2471 2521 2460

[DAC]
dac_en[0..2]: 1 1 1
dac_val[0..5]: 205 205 205 205 205 205

[Boot/Time]
bootcause : 3054841720
bootcnt   : 1
uptime    : 146
resetcause: 0xED50

[MPPT Timing]
mppt_time  : 16
mppt_period: 1

[Device]
device_type[0..7]: 22 0 49 0 0 0 7 1
device_status[0..7]: 1 3 3 3 4 0 1 1

[WDT]
wdt_cnt_gnd : 65793
wdt_gnd_left: 6

[PAYLOAD HEX]
DE 01 E6 01 BC 01 C1 01 C9 01 BC 01 5C 15 63 15 
8C 15 80 15 8E 15 A5 15 BC 3F CF 0C DC 00 DC 00 
DF 00 01 00 6B 15 6B 15 6B 15 6B 15 6B 15 6B 15 
35 0A 64 0A 91 09 A7 09 D9 09 9C 09 01 01 01 00 
CD 00 CD 00 CD 00 CD 00 CD 00 CD 00 78 2F 15 B6 
01 00 00 00 92 00 00 00 50 ED 10 00 01 00 16 00 
31 00 00 00 07 01 01 03 03 03 04 00 01 01 01 01 
01 01 01 00 06 00 00 00 6A 21 02 00 

[RETURN VALUE]
DE 01 E6 01 BC 01 C1 01 C9 01 BC 01 5C 15 63 15 
8C 15 80 15 8E 15 A5 15 BC 3F CF 0C DC 00 DC 00 
DF 00 01 00 6B 15 6B 15 6B 15 6B 15 6B 15 6B 15 
35 0A 64 0A 91 09 A7 09 D9 09 9C 09 01 01 01 00 
CD 00 CD 00 CD 00 CD 00 CD 00 CD 00 78 2F 15 B6 
01 00 00 00 92 00 00 00 50 ED 10 00 01 00 16 00 
31 00 00 00 07 01 01 03 03 03 04 00 01 01 01 01 
01 01 01 00 06 00 00 00 6A 21 02 00 

[BINARY DATA]
25 08 00 C0 15 02 00 75 51 8F 28 84 00 00 00 00 75 18 1A 05 00 00 00 00 7C 00 DE 01 E6 01 BC 01 C1 01 C9 01 BC 01 5C 15 63 15 8C 15 80 15 8E 15 A5 15 BC 3F CF 0C DC 00 DC 00 DF 00 01 00 6B 15 6B 15 6B 15 6B 15 6B 15 6B 15 35 0A 64 0A 91 09 A7 09 D9 09 9C 09 01 01 01 00 CD 00 CD 00 CD 00 CD 00 CD 00 CD 00 78 2F 15 B6 01 00 00 00 92 00 00 00 50 ED 10 00 01 00 16 00 31 00 00 00 07 01 01 03 03 03 04 00 01 01 01 01 01 01 01 00 06 00 00 00 6A 21 02 00 00 00 00 00 00 00 00 00 00 00 00 00 00 00 00 00 00 00 00 00 00 00 00 00 00 00 00 00 00 00 00 00 00 00 00 00 00 00 00 00 00 00 00 00 00 00 00 00 00 00 00 00 00 00 00 00 00 00 00 00 00 00 00 00 00 00 00 00 00 00 00 00 00 00 00 00 00 00 00 00 00 00 00 00 00 00 00 00 00 00 00 00 00 00 00 00 00 00 00 00 00 00 00 00 00 00 00 00 00 00 00 00 00 00 00 00 00 00 00 00 00 00 00 00 00 00 00 00 00 00 00 00 00 00 00 00 00 00 00 00 00 00 00 00 00 00 00 00 00 00 00 00 00 00 00 00 00 00 00 00 00 00 00 00 00 00 00 00 00 00 00 00 00 00 00 00 00 00 00 00 00 00 00 00 00 00 00 00 00 00 00 00 00 00 00 00 00 00 00 00 00 00 00 00 00 00 00 00 00 00 00 00 00 00 00 00 00 00 00 00 00 00 00 00 00 00 00 00 00 00 00 00 00 00 00 00 00 00 00 00 00 00 00 00 00 00 00 00 00 00 00 00 00 00 00 00 00 00 00 00 00 00 00 00 00 00 00 00 00 00 00 00 00 00 00 00 00 00 00 00 00 00 00 00 00 00 00 00 00 00 00 00 00 00 00 00 00 00 00 00 00 00 00 00 00 00 00 00 00 00 00 00 00 00 00 00 00 00 00 00 00 00 00 00 00 00 00 00 00 00 00 00 00 00 00 00 00 00 00 00 00 00 00 00 00 00 00 00 00 00 00 00 00 00 00 00 00 00 00 00 00 00 00 00 00 00 00 00 00 00 00 00 00 00 00 00 00 00 00 00 00 00 00 00 00 00 00 00 00 00 
