================= REPORT SAVE =================

[CCSDS HEADER]
MsgId      : 0x0825
Seq        : 0xC000
Len        : 0x0215
TimeCode   : 00 77 60 1D 20 81
Padding    : 0x00000000

[REPORT BODY]
Reflected MID  : 0x1875
Reflected CC   : 0x1A
RetType        : 0x05
RetCode        : 0
RetValSize     : 124

================= PARSED BY MID/CC =================
ReflectedMID : 0x1875
ReflectedCC  : 0x1A
PayloadLen   : 124

[EPS P60 ACU GET TABLE HK]

[Inputs]
c_in[0..5]: 10 19 16 20 16 20
v_in[0..5]: 235 235 235 262 289 263

[Bus/Temp]
vbat: 16129
vcc : 3275
temp[0..2]: 177 177 178

[MPPT]
mppt_mode: 1
vboost[0..5]: 17768 17983 17983 17822 18037 17822
power[0..5]: 2 4 3 5 4 5

[DAC]
dac_en[0..2]: 1 1 1
dac_val[0..5]: 663 669 669 665 673 665

[Boot/Time]
bootcause : 3054841720
bootcnt   : 1
uptime    : 146
resetcause: 0xFC1F

[MPPT Timing]
mppt_time  : 18
mppt_period: 1

[Device]
device_type[0..7]: 22 0 49 0 0 0 7 1
device_status[0..7]: 1 3 3 3 4 0 1 1

[WDT]
wdt_cnt_gnd : 65793
wdt_gnd_left: 6

[PAYLOAD HEX]
0A 00 13 00 10 00 14 00 10 00 14 00 EB 00 EB 00 
EB 00 06 01 21 01 07 01 01 3F CB 0C B1 00 B1 00 
B2 00 01 00 68 45 3F 46 3F 46 9E 45 75 46 9E 45 
02 00 04 00 03 00 05 00 04 00 05 00 01 01 01 00 
97 02 9D 02 9D 02 99 02 A1 02 99 02 78 2F 15 B6 
01 00 00 00 92 00 00 00 1F FC 12 00 01 00 16 00 
31 00 00 00 07 01 01 03 03 03 04 00 01 01 01 01 
01 01 01 00 06 00 00 00 F8 A2 02 00 

[RETURN VALUE]
0A 00 13 00 10 00 14 00 10 00 14 00 EB 00 EB 00 
EB 00 06 01 21 01 07 01 01 3F CB 0C B1 00 B1 00 
B2 00 01 00 68 45 3F 46 3F 46 9E 45 75 46 9E 45 
02 00 04 00 03 00 05 00 04 00 05 00 01 01 01 00 
97 02 9D 02 9D 02 99 02 A1 02 99 02 78 2F 15 B6 
01 00 00 00 92 00 00 00 1F FC 12 00 01 00 16 00 
31 00 00 00 07 01 01 03 03 03 04 00 01 01 01 01 
01 01 01 00 06 00 00 00 F8 A2 02 00 

[BINARY DATA]
25 08 00 C0 15 02 00 77 60 1D 20 81 00 00 00 00 75 18 1A 05 00 00 00 00 7C 00 0A 00 13 00 10 00 14 00 10 00 14 00 EB 00 EB 00 EB 00 06 01 21 01 07 01 01 3F CB 0C B1 00 B1 00 B2 00 01 00 68 45 3F 46 3F 46 9E 45 75 46 9E 45 02 00 04 00 03 00 05 00 04 00 05 00 01 01 01 00 97 02 9D 02 9D 02 99 02 A1 02 99 02 78 2F 15 B6 01 00 00 00 92 00 00 00 1F FC 12 00 01 00 16 00 31 00 00 00 07 01 01 03 03 03 04 00 01 01 01 01 01 01 01 00 06 00 00 00 F8 A2 02 00 00 00 00 00 00 00 00 00 00 00 00 00 00 00 00 00 00 00 00 00 00 00 00 00 00 00 00 00 00 00 00 00 00 00 00 00 00 00 00 00 00 00 00 00 00 00 00 00 00 00 00 00 00 00 00 00 00 00 00 00 00 00 00 00 00 00 00 00 00 00 00 00 00 00 00 00 00 00 00 00 00 00 00 00 00 00 00 00 00 00 00 00 00 00 00 00 00 00 00 00 00 00 00 00 00 00 00 00 00 00 00 00 00 00 00 00 00 00 00 00 00 00 00 00 00 00 00 00 00 00 00 00 00 00 00 00 00 00 00 00 00 00 00 00 00 00 00 00 00 00 00 00 00 00 00 00 00 00 00 00 00 00 00 00 00 00 00 00 00 00 00 00 00 00 00 00 00 00 00 00 00 00 00 00 00 00 00 00 00 00 00 00 00 00 00 00 00 00 00 00 00 00 00 00 00 00 00 00 00 00 00 00 00 00 00 00 00 00 00 00 00 00 00 00 00 00 00 00 00 00 00 00 00 00 00 00 00 00 00 00 00 00 00 00 00 00 00 00 00 00 00 00 00 00 00 00 00 00 00 00 00 00 00 00 00 00 00 00 00 00 00 00 00 00 00 00 00 00 00 00 00 00 00 00 00 00 00 00 00 00 00 00 00 00 00 00 00 00 00 00 00 00 00 00 00 00 00 00 00 00 00 00 00 00 00 00 00 00 00 00 00 00 00 00 00 00 00 00 00 00 00 00 00 00 00 00 00 00 00 00 00 00 00 00 00 00 00 00 00 00 00 00 00 00 00 00 00 00 00 00 00 00 00 00 00 00 00 00 00 00 00 00 00 00 00 00 00 00 00 00 00 00 00 00 00 00 00 00 00 00 
