================= REPORT SAVE =================

[CCSDS HEADER]
MsgId      : 0x0825
Seq        : 0xC000
Len        : 0x0215
TimeCode   : 00 96 5D C4 CE 89
Padding    : 0x00000000

[REPORT BODY]
Reflected MID  : 0x1875
Reflected CC   : 0x1A
RetType        : 0x05
RetCode        : 0
RetValSize     : 124

================= PARSED BY MID/CC =================
ReflectedMID : 0x1875
ReflectedCC  : 0x1A
PayloadLen   : 124

[EPS P60 ACU GET TABLE HK]

[Inputs]
c_in[0..5]: 89 99 103 99 15 13
v_in[0..5]: 16848 16826 16840 16802 15271 15637

[Bus/Temp]
vbat: 16222
vcc : 3275
temp[0..2]: 195 195 195

[MPPT]
mppt_mode: 1
vboost[0..5]: 18279 18037 17876 17876 17930 18037
power[0..5]: 1499 1665 1734 1663 229 203

[DAC]
dac_en[0..2]: 1 1 1
dac_val[0..5]: 680 667 669 663 669 669

[Boot/Time]
bootcause : 3054841720
bootcnt   : 1
uptime    : 146
resetcause: 0xFD9D

[MPPT Timing]
mppt_time  : 49
mppt_period: 1

[Device]
device_type[0..7]: 22 0 49 0 0 0 7 1
device_status[0..7]: 1 3 3 3 4 0 1 1

[WDT]
wdt_cnt_gnd : 65793
wdt_gnd_left: 6

[PAYLOAD HEX]
59 00 63 00 67 00 63 00 0F 00 0D 00 D0 41 BA 41 
C8 41 A2 41 A7 3B 15 3D 5E 3F CB 0C C3 00 C3 00 
C3 00 01 00 67 47 75 46 D4 45 D4 45 0A 46 75 46 
DB 05 81 06 C6 06 7F 06 E5 00 CB 00 01 01 01 00 
A8 02 9B 02 9D 02 97 02 9D 02 9D 02 78 2F 15 B6 
01 00 00 00 92 00 00 00 9D FD 31 00 01 00 16 00 
31 00 00 00 07 01 01 03 03 03 04 00 01 01 01 01 
01 01 01 00 06 00 00 00 C2 A2 02 00 

[RETURN VALUE]
59 00 63 00 67 00 63 00 0F 00 0D 00 D0 41 BA 41 
C8 41 A2 41 A7 3B 15 3D 5E 3F CB 0C C3 00 C3 00 
C3 00 01 00 67 47 75 46 D4 45 D4 45 0A 46 75 46 
DB 05 81 06 C6 06 7F 06 E5 00 CB 00 01 01 01 00 
A8 02 9B 02 9D 02 97 02 9D 02 9D 02 78 2F 15 B6 
01 00 00 00 92 00 00 00 9D FD 31 00 01 00 16 00 
31 00 00 00 07 01 01 03 03 03 04 00 01 01 01 01 
01 01 01 00 06 00 00 00 C2 A2 02 00 

[BINARY DATA]
25 08 00 C0 15 02 00 96 5D C4 CE 89 00 00 00 00 75 18 1A 05 00 00 00 00 7C 00 59 00 63 00 67 00 63 00 0F 00 0D 00 D0 41 BA 41 C8 41 A2 41 A7 3B 15 3D 5E 3F CB 0C C3 00 C3 00 C3 00 01 00 67 47 75 46 D4 45 D4 45 0A 46 75 46 DB 05 81 06 C6 06 7F 06 E5 00 CB 00 01 01 01 00 A8 02 9B 02 9D 02 97 02 9D 02 9D 02 78 2F 15 B6 01 00 00 00 92 00 00 00 9D FD 31 00 01 00 16 00 31 00 00 00 07 01 01 03 03 03 04 00 01 01 01 01 01 01 01 00 06 00 00 00 C2 A2 02 00 00 00 00 00 00 00 00 00 00 00 00 00 00 00 00 00 00 00 00 00 00 00 00 00 00 00 00 00 00 00 00 00 00 00 00 00 00 00 00 00 00 00 00 00 00 00 00 00 00 00 00 00 00 00 00 00 00 00 00 00 00 00 00 00 00 00 00 00 00 00 00 00 00 00 00 00 00 00 00 00 00 00 00 00 00 00 00 00 00 00 00 00 00 00 00 00 00 00 00 00 00 00 00 00 00 00 00 00 00 00 00 00 00 00 00 00 00 00 00 00 00 00 00 00 00 00 00 00 00 00 00 00 00 00 00 00 00 00 00 00 00 00 00 00 00 00 00 00 00 00 00 00 00 00 00 00 00 00 00 00 00 00 00 00 00 00 00 00 00 00 00 00 00 00 00 00 00 00 00 00 00 00 00 00 00 00 00 00 00 00 00 00 00 00 00 00 00 00 00 00 00 00 00 00 00 00 00 00 00 00 00 00 00 00 00 00 00 00 00 00 00 00 00 00 00 00 00 00 00 00 00 00 00 00 00 00 00 00 00 00 00 00 00 00 00 00 00 00 00 00 00 00 00 00 00 00 00 00 00 00 00 00 00 00 00 00 00 00 00 00 00 00 00 00 00 00 00 00 00 00 00 00 00 00 00 00 00 00 00 00 00 00 00 00 00 00 00 00 00 00 00 00 00 00 00 00 00 00 00 00 00 00 00 00 00 00 00 00 00 00 00 00 00 00 00 00 00 00 00 00 00 00 00 00 00 00 00 00 00 00 00 00 00 00 00 00 00 00 00 00 00 00 00 00 00 00 00 00 00 00 00 00 00 00 00 00 00 00 00 00 00 00 00 00 00 00 00 00 00 00 00 00 00 00 00 00 00 00 00 00 
