================= REPORT SAVE =================

[CCSDS HEADER]
MsgId      : 0x0825
Seq        : 0xC000
Len        : 0x0215
TimeCode   : 00 79 4C 8A 8E 90
Padding    : 0x00000000

[REPORT BODY]
Reflected MID  : 0x1875
Reflected CC   : 0x1A
RetType        : 0x05
RetCode        : 0
RetValSize     : 124

================= PARSED BY MID/CC =================
ReflectedMID : 0x1875
ReflectedCC  : 0x1A
PayloadLen   : 124

[EPS P60 ACU GET TABLE HK]

[Inputs]
c_in[0..5]: 7 18 18 14 15 13
v_in[0..5]: 16695 16674 16688 16664 15588 15540

[Bus/Temp]
vbat: 16129
vcc : 3275
temp[0..2]: 170 170 170

[MPPT]
mppt_mode: 1
vboost[0..5]: 18198 17930 17930 17983 18037 18091
power[0..5]: 116 300 300 233 233 202

[DAC]
dac_en[0..2]: 1 1 1
dac_val[0..5]: 675 667 673 657 671 677

[Boot/Time]
bootcause : 3054841720
bootcnt   : 1
uptime    : 146
resetcause: 0xE8C8

[MPPT Timing]
mppt_time  : 20
mppt_period: 1

[Device]
device_type[0..7]: 22 0 49 0 0 0 7 1
device_status[0..7]: 1 3 3 3 4 0 1 1

[WDT]
wdt_cnt_gnd : 65793
wdt_gnd_left: 6

[PAYLOAD HEX]
07 00 12 00 12 00 0E 00 0F 00 0D 00 37 41 22 41 
30 41 18 41 E4 3C B4 3C 01 3F CB 0C AA 00 AA 00 
AA 00 01 00 16 47 0A 46 0A 46 3F 46 75 46 AB 46 
74 00 2C 01 2C 01 E9 00 E9 00 CA 00 01 01 01 00 
A3 02 9B 02 A1 02 91 02 9F 02 A5 02 78 2F 15 B6 
01 00 00 00 92 00 00 00 C8 E8 14 00 01 00 16 00 
31 00 00 00 07 01 01 03 03 03 04 00 01 01 01 01 
01 01 01 00 06 00 00 00 5F A2 02 00 

[RETURN VALUE]
07 00 12 00 12 00 0E 00 0F 00 0D 00 37 41 22 41 
30 41 18 41 E4 3C B4 3C 01 3F CB 0C AA 00 AA 00 
AA 00 01 00 16 47 0A 46 0A 46 3F 46 75 46 AB 46 
74 00 2C 01 2C 01 E9 00 E9 00 CA 00 01 01 01 00 
A3 02 9B 02 A1 02 91 02 9F 02 A5 02 78 2F 15 B6 
01 00 00 00 92 00 00 00 C8 E8 14 00 01 00 16 00 
31 00 00 00 07 01 01 03 03 03 04 00 01 01 01 01 
01 01 01 00 06 00 00 00 5F A2 02 00 

[BINARY DATA]
25 08 00 C0 15 02 00 79 4C 8A 8E 90 00 00 00 00 75 18 1A 05 00 00 00 00 7C 00 07 00 12 00 12 00 0E 00 0F 00 0D 00 37 41 22 41 30 41 18 41 E4 3C B4 3C 01 3F CB 0C AA 00 AA 00 AA 00 01 00 16 47 0A 46 0A 46 3F 46 75 46 AB 46 74 00 2C 01 2C 01 E9 00 E9 00 CA 00 01 01 01 00 A3 02 9B 02 A1 02 91 02 9F 02 A5 02 78 2F 15 B6 01 00 00 00 92 00 00 00 C8 E8 14 00 01 00 16 00 31 00 00 00 07 01 01 03 03 03 04 00 01 01 01 01 01 01 01 00 06 00 00 00 5F A2 02 00 00 00 00 00 00 00 00 00 00 00 00 00 00 00 00 00 00 00 00 00 00 00 00 00 00 00 00 00 00 00 00 00 00 00 00 00 00 00 00 00 00 00 00 00 00 00 00 00 00 00 00 00 00 00 00 00 00 00 00 00 00 00 00 00 00 00 00 00 00 00 00 00 00 00 00 00 00 00 00 00 00 00 00 00 00 00 00 00 00 00 00 00 00 00 00 00 00 00 00 00 00 00 00 00 00 00 00 00 00 00 00 00 00 00 00 00 00 00 00 00 00 00 00 00 00 00 00 00 00 00 00 00 00 00 00 00 00 00 00 00 00 00 00 00 00 00 00 00 00 00 00 00 00 00 00 00 00 00 00 00 00 00 00 00 00 00 00 00 00 00 00 00 00 00 00 00 00 00 00 00 00 00 00 00 00 00 00 00 00 00 00 00 00 00 00 00 00 00 00 00 00 00 00 00 00 00 00 00 00 00 00 00 00 00 00 00 00 00 00 00 00 00 00 00 00 00 00 00 00 00 00 00 00 00 00 00 00 00 00 00 00 00 00 00 00 00 00 00 00 00 00 00 00 00 00 00 00 00 00 00 00 00 00 00 00 00 00 00 00 00 00 00 00 00 00 00 00 00 00 00 00 00 00 00 00 00 00 00 00 00 00 00 00 00 00 00 00 00 00 00 00 00 00 00 00 00 00 00 00 00 00 00 00 00 00 00 00 00 00 00 00 00 00 00 00 00 00 00 00 00 00 00 00 00 00 00 00 00 00 00 00 00 00 00 00 00 00 00 00 00 00 00 00 00 00 00 00 00 00 00 00 00 00 00 00 00 00 00 00 00 00 00 00 00 00 00 00 00 00 00 00 00 00 00 00 00 00 00 00 00 
