================= REPORT SAVE =================

[CCSDS HEADER]
MsgId      : 0x0825
Seq        : 0xC000
Len        : 0x0215
TimeCode   : 00 48 84 FD 1C 55
Padding    : 0x00000000

[REPORT BODY]
Reflected MID  : 0x1875
Reflected CC   : 0x1A
RetType        : 0x05
RetCode        : 0
RetValSize     : 124

================= PARSED BY MID/CC =================
ReflectedMID : 0x1875
ReflectedCC  : 0x1A
PayloadLen   : 124

[EPS P60 ACU GET TABLE HK]

[Inputs]
c_in[0..5]: 250 250 312 311 310 275
v_in[0..5]: 9506 9553 9595 9573 9587 9638

[Bus/Temp]
vbat: 16316
vcc : 3271
temp[0..2]: 240 238 241

[MPPT]
mppt_mode: 1
vboost[0..5]: 9462 9435 9462 9462 9462 9435
power[0..5]: 2376 2388 2993 2977 2971 2650

[DAC]
dac_en[0..2]: 1 1 1
dac_val[0..5]: 352 352 352 352 352 352

[Boot/Time]
bootcause : 3055103864
bootcnt   : 1
uptime    : 142
resetcause: 0xC913

[MPPT Timing]
mppt_time  : 9
mppt_period: 1

[Device]
device_type[0..7]: 22 0 49 0 0 0 7 1
device_status[0..7]: 1 3 3 3 4 0 1 1

[WDT]
wdt_cnt_gnd : 65793
wdt_gnd_left: 5

[PAYLOAD HEX]
FA 00 FA 00 38 01 37 01 36 01 13 01 22 25 51 25 
7B 25 65 25 73 25 A6 25 BC 3F C7 0C F0 00 EE 00 
F1 00 01 00 F6 24 DB 24 F6 24 F6 24 F6 24 DB 24 
48 09 54 09 B1 0B A1 0B 9B 0B 5A 0A 01 01 01 00 
60 01 60 01 60 01 60 01 60 01 60 01 78 2F 19 B6 
01 00 00 00 8E 00 00 00 13 C9 09 00 01 00 16 00 
31 00 00 00 07 01 01 03 03 03 04 00 01 01 01 01 
01 01 01 00 05 00 00 00 0A 0B 02 00 

[RETURN VALUE]
FA 00 FA 00 38 01 37 01 36 01 13 01 22 25 51 25 
7B 25 65 25 73 25 A6 25 BC 3F C7 0C F0 00 EE 00 
F1 00 01 00 F6 24 DB 24 F6 24 F6 24 F6 24 DB 24 
48 09 54 09 B1 0B A1 0B 9B 0B 5A 0A 01 01 01 00 
60 01 60 01 60 01 60 01 60 01 60 01 78 2F 19 B6 
01 00 00 00 8E 00 00 00 13 C9 09 00 01 00 16 00 
31 00 00 00 07 01 01 03 03 03 04 00 01 01 01 01 
01 01 01 00 05 00 00 00 0A 0B 02 00 

[BINARY DATA]
25 08 00 C0 15 02 00 48 84 FD 1C 55 00 00 00 00 75 18 1A 05 00 00 00 00 7C 00 FA 00 FA 00 38 01 37 01 36 01 13 01 22 25 51 25 7B 25 65 25 73 25 A6 25 BC 3F C7 0C F0 00 EE 00 F1 00 01 00 F6 24 DB 24 F6 24 F6 24 F6 24 DB 24 48 09 54 09 B1 0B A1 0B 9B 0B 5A 0A 01 01 01 00 60 01 60 01 60 01 60 01 60 01 60 01 78 2F 19 B6 01 00 00 00 8E 00 00 00 13 C9 09 00 01 00 16 00 31 00 00 00 07 01 01 03 03 03 04 00 01 01 01 01 01 01 01 00 05 00 00 00 0A 0B 02 00 00 00 00 00 00 00 00 00 00 00 00 00 00 00 00 00 00 00 00 00 00 00 00 00 00 00 00 00 00 00 00 00 00 00 00 00 00 00 00 00 00 00 00 00 00 00 00 00 00 00 00 00 00 00 00 00 00 00 00 00 00 00 00 00 00 00 00 00 00 00 00 00 00 00 00 00 00 00 00 00 00 00 00 00 00 00 00 00 00 00 00 00 00 00 00 00 00 00 00 00 00 00 00 00 00 00 00 00 00 00 00 00 00 00 00 00 00 00 00 00 00 00 00 00 00 00 00 00 00 00 00 00 00 00 00 00 00 00 00 00 00 00 00 00 00 00 00 00 00 00 00 00 00 00 00 00 00 00 00 00 00 00 00 00 00 00 00 00 00 00 00 00 00 00 00 00 00 00 00 00 00 00 00 00 00 00 00 00 00 00 00 00 00 00 00 00 00 00 00 00 00 00 00 00 00 00 00 00 00 00 00 00 00 00 00 00 00 00 00 00 00 00 00 00 00 00 00 00 00 00 00 00 00 00 00 00 00 00 00 00 00 00 00 00 00 00 00 00 00 00 00 00 00 00 00 00 00 00 00 00 00 00 00 00 00 00 00 00 00 00 00 00 00 00 00 00 00 00 00 00 00 00 00 00 00 00 00 00 00 00 00 00 00 00 00 00 00 00 00 00 00 00 00 00 00 00 00 00 00 00 00 00 00 00 00 00 00 00 00 00 00 00 00 00 00 00 00 00 00 00 00 00 00 00 00 00 00 00 00 00 00 00 00 00 00 00 00 00 00 00 00 00 00 00 00 00 00 00 00 00 00 00 00 00 00 00 00 00 00 00 00 00 00 00 00 00 00 00 00 00 00 00 00 00 00 00 00 00 00 00 
