================= REPORT SAVE =================

[CCSDS HEADER]
MsgId      : 0x0825
Seq        : 0xC000
Len        : 0x0215
TimeCode   : 00 7F D5 D8 0E 82
Padding    : 0x00000000

[REPORT BODY]
Reflected MID  : 0x1875
Reflected CC   : 0x14
RetType        : 0x05
RetCode        : 0
RetValSize     : 188

================= PARSED BY MID/CC =================
ReflectedMID : 0x1875
ReflectedCC  : 0x14
PayloadLen   : 188

[EPS P60 DOCK GET TABLE HK]

[Report Data]
c_out[0..12]: 51 59 16 3 6 0 -8 -5 31 506 15 9 18
v_out[0..12]: 0 0 0 0 16046 16046 260 275 16040 0 0 0 0
out_en[0..12]: 1 1 0 0 1 1 0 0 1 1 1 0 0

[Temps]
temp[0..1]: 0 177

[Boot/Time]
bootcause              : 256
bootcnt                : 167
uptime                 : 1798897
resetcause             : 0x0301

[Modes/Flags]
batt_mode              : 3
heater_on              : 0
conv_5v_en              : 1

[Latchups]
latchup[0..12]: 0 0 0 0 0 0 0 0 0 0 0 0 0

[Battery/Power]
vbat_v                 : 16057
vcc_c                  : -103
batt_c                 : -173
batt_v                 : 16049
batt_temp[0..1]: 0 0

[Device]
device_type[0..7]: 7 2 2 1 4 6 0 0
device_status[0..7]: 1 1 1 1 1 1 0 0
dearm_status           : 0

[WDT Counters]
wdt_cnt_gnd            : 6
wdt_cnt_i2c            : 0
wdt_cnt_can            : 4
wdt_cnt_csp[0..1]: 0 41

[WDT Left]
wdt_gnd_left           : 139513
wdt_i2c_left           : 0
wdt_can_left           : 300
wdt_csp_left[0..1]: 5 5

[Battery Currents]
batt_chrg              : 25
batt_dischrg           : 198

[Deploy]
ant6_depl              : 3
ar6_depl               : 3

[PAYLOAD HEX]
33 00 3B 00 10 00 03 00 06 00 00 00 F8 FF FB FF 
1F 00 FA 01 0F 00 09 00 12 00 00 00 00 00 00 00 
00 00 AE 3E AE 3E 04 01 13 01 A8 3E 00 00 00 00 
00 00 00 00 01 01 00 00 01 01 00 00 01 01 01 00 
00 00 00 00 B1 00 B2 00 00 01 00 00 A7 00 00 00 
F1 72 1B 00 01 03 03 00 01 00 00 00 00 00 00 00 
00 00 00 00 00 00 00 00 00 00 00 00 00 00 00 00 
00 00 00 00 B9 3E 99 FF 53 FF B1 3E 00 00 00 00 
07 02 02 01 04 06 00 00 01 01 01 01 01 01 00 00 
00 00 00 00 06 00 00 00 00 00 00 00 04 00 00 00 
00 00 00 00 29 00 00 00 F9 20 02 00 00 00 00 00 
2C 01 00 00 05 05 19 00 C6 00 03 03 

[RETURN VALUE]
33 00 3B 00 10 00 03 00 06 00 00 00 F8 FF FB FF 
1F 00 FA 01 0F 00 09 00 12 00 00 00 00 00 00 00 
00 00 AE 3E AE 3E 04 01 13 01 A8 3E 00 00 00 00 
00 00 00 00 01 01 00 00 01 01 00 00 01 01 01 00 
00 00 00 00 B1 00 B2 00 00 01 00 00 A7 00 00 00 
F1 72 1B 00 01 03 03 00 01 00 00 00 00 00 00 00 
00 00 00 00 00 00 00 00 00 00 00 00 00 00 00 00 
00 00 00 00 B9 3E 99 FF 53 FF B1 3E 00 00 00 00 
07 02 02 01 04 06 00 00 01 01 01 01 01 01 00 00 
00 00 00 00 06 00 00 00 00 00 00 00 04 00 00 00 
00 00 00 00 29 00 00 00 F9 20 02 00 00 00 00 00 
2C 01 00 00 05 05 19 00 C6 00 03 03 

[BINARY DATA]
25 08 00 C0 15 02 00 7F D5 D8 0E 82 00 00 00 00 75 18 14 05 00 00 00 00 BC 00 33 00 3B 00 10 00 03 00 06 00 00 00 F8 FF FB FF 1F 00 FA 01 0F 00 09 00 12 00 00 00 00 00 00 00 00 00 AE 3E AE 3E 04 01 13 01 A8 3E 00 00 00 00 00 00 00 00 01 01 00 00 01 01 00 00 01 01 01 00 00 00 00 00 B1 00 B2 00 00 01 00 00 A7 00 00 00 F1 72 1B 00 01 03 03 00 01 00 00 00 00 00 00 00 00 00 00 00 00 00 00 00 00 00 00 00 00 00 00 00 00 00 00 00 B9 3E 99 FF 53 FF B1 3E 00 00 00 00 07 02 02 01 04 06 00 00 01 01 01 01 01 01 00 00 00 00 00 00 06 00 00 00 00 00 00 00 04 00 00 00 00 00 00 00 29 00 00 00 F9 20 02 00 00 00 00 00 2C 01 00 00 05 05 19 00 C6 00 03 03 00 00 00 00 00 00 00 00 00 00 00 00 00 00 00 00 00 00 00 00 00 00 00 00 00 00 00 00 00 00 00 00 00 00 00 00 00 00 00 00 00 00 00 00 00 00 00 00 00 00 00 00 00 00 00 00 00 00 00 00 00 00 00 00 00 00 00 00 00 00 00 00 00 00 00 00 00 00 00 00 00 00 00 00 00 00 00 00 00 00 00 00 00 00 00 00 00 00 00 00 00 00 00 00 00 00 00 00 00 00 00 00 00 00 00 00 00 00 00 00 00 00 00 00 00 00 00 00 00 00 00 00 00 00 00 00 00 00 00 00 00 00 00 00 00 00 00 00 00 00 00 00 00 00 00 00 00 00 00 00 00 00 00 00 00 00 00 00 00 00 00 00 00 00 00 00 00 00 00 00 00 00 00 00 00 00 00 00 00 00 00 00 00 00 00 00 00 00 00 00 00 00 00 00 00 00 00 00 00 00 00 00 00 00 00 00 00 00 00 00 00 00 00 00 00 00 00 00 00 00 00 00 00 00 00 00 00 00 00 00 00 00 00 00 00 00 00 00 00 00 00 00 00 00 00 00 00 00 00 00 00 00 00 00 00 00 00 00 00 00 00 00 00 00 00 00 00 00 00 00 00 00 00 00 00 00 00 00 00 00 00 00 00 00 00 00 00 00 00 00 00 00 00 00 00 00 00 00 00 00 00 00 00 00 00 00 00 00 00 00 00 00 00 00 00 00 
