================= REPORT SAVE =================

[CCSDS HEADER]
MsgId      : 0x0825
Seq        : 0xC000
Len        : 0x0215
TimeCode   : 00 82 92 52 3E 96
Padding    : 0x00000000

[REPORT BODY]
Reflected MID  : 0x1875
Reflected CC   : 0x1A
RetType        : 0x05
RetCode        : 0
RetValSize     : 124

================= PARSED BY MID/CC =================
ReflectedMID : 0x1875
ReflectedCC  : 0x1A
PayloadLen   : 124

[EPS P60 ACU GET TABLE HK]

[Inputs]
c_in[0..5]: 18 29 35 31 15 13
v_in[0..5]: 16778 16770 16784 16761 14360 14499

[Bus/Temp]
vbat: 16191
vcc : 3275
temp[0..2]: 182 182 183

[MPPT]
mppt_mode: 1
vboost[0..5]: 18091 17177 18763 18198 17930 17983
power[0..5]: 302 486 587 519 215 188

[DAC]
dac_en[0..2]: 1 1 1
dac_val[0..5]: 673 639 698 677 667 669

[Boot/Time]
bootcause : 3054841720
bootcnt   : 1
uptime    : 146
resetcause: 0x2FB6

[MPPT Timing]
mppt_time  : 30
mppt_period: 1

[Device]
device_type[0..7]: 22 0 49 0 0 0 7 1
device_status[0..7]: 1 3 3 3 4 0 1 1

[WDT]
wdt_cnt_gnd : 65793
wdt_gnd_left: 6

[PAYLOAD HEX]
12 00 1D 00 23 00 1F 00 0F 00 0D 00 8A 41 82 41 
90 41 79 41 18 38 A3 38 3F 3F CB 0C B6 00 B6 00 
B7 00 01 00 AB 46 19 43 4B 49 16 47 0A 46 3F 46 
2E 01 E6 01 4B 02 07 02 D7 00 BC 00 01 01 01 00 
A1 02 7F 02 BA 02 A5 02 9B 02 9D 02 78 2F 15 B6 
01 00 00 00 92 00 00 00 B6 2F 1E 00 01 00 16 00 
31 00 00 00 07 01 01 03 03 03 04 00 01 01 01 01 
01 01 01 00 06 00 00 00 ED 8C 02 00 

[RETURN VALUE]
12 00 1D 00 23 00 1F 00 0F 00 0D 00 8A 41 82 41 
90 41 79 41 18 38 A3 38 3F 3F CB 0C B6 00 B6 00 
B7 00 01 00 AB 46 19 43 4B 49 16 47 0A 46 3F 46 
2E 01 E6 01 4B 02 07 02 D7 00 BC 00 01 01 01 00 
A1 02 7F 02 BA 02 A5 02 9B 02 9D 02 78 2F 15 B6 
01 00 00 00 92 00 00 00 B6 2F 1E 00 01 00 16 00 
31 00 00 00 07 01 01 03 03 03 04 00 01 01 01 01 
01 01 01 00 06 00 00 00 ED 8C 02 00 

[BINARY DATA]
25 08 00 C0 15 02 00 82 92 52 3E 96 00 00 00 00 75 18 1A 05 00 00 00 00 7C 00 12 00 1D 00 23 00 1F 00 0F 00 0D 00 8A 41 82 41 90 41 79 41 18 38 A3 38 3F 3F CB 0C B6 00 B6 00 B7 00 01 00 AB 46 19 43 4B 49 16 47 0A 46 3F 46 2E 01 E6 01 4B 02 07 02 D7 00 BC 00 01 01 01 00 A1 02 7F 02 BA 02 A5 02 9B 02 9D 02 78 2F 15 B6 01 00 00 00 92 00 00 00 B6 2F 1E 00 01 00 16 00 31 00 00 00 07 01 01 03 03 03 04 00 01 01 01 01 01 01 01 00 06 00 00 00 ED 8C 02 00 00 00 00 00 00 00 00 00 00 00 00 00 00 00 00 00 00 00 00 00 00 00 00 00 00 00 00 00 00 00 00 00 00 00 00 00 00 00 00 00 00 00 00 00 00 00 00 00 00 00 00 00 00 00 00 00 00 00 00 00 00 00 00 00 00 00 00 00 00 00 00 00 00 00 00 00 00 00 00 00 00 00 00 00 00 00 00 00 00 00 00 00 00 00 00 00 00 00 00 00 00 00 00 00 00 00 00 00 00 00 00 00 00 00 00 00 00 00 00 00 00 00 00 00 00 00 00 00 00 00 00 00 00 00 00 00 00 00 00 00 00 00 00 00 00 00 00 00 00 00 00 00 00 00 00 00 00 00 00 00 00 00 00 00 00 00 00 00 00 00 00 00 00 00 00 00 00 00 00 00 00 00 00 00 00 00 00 00 00 00 00 00 00 00 00 00 00 00 00 00 00 00 00 00 00 00 00 00 00 00 00 00 00 00 00 00 00 00 00 00 00 00 00 00 00 00 00 00 00 00 00 00 00 00 00 00 00 00 00 00 00 00 00 00 00 00 00 00 00 00 00 00 00 00 00 00 00 00 00 00 00 00 00 00 00 00 00 00 00 00 00 00 00 00 00 00 00 00 00 00 00 00 00 00 00 00 00 00 00 00 00 00 00 00 00 00 00 00 00 00 00 00 00 00 00 00 00 00 00 00 00 00 00 00 00 00 00 00 00 00 00 00 00 00 00 00 00 00 00 00 00 00 00 00 00 00 00 00 00 00 00 00 00 00 00 00 00 00 00 00 00 00 00 00 00 00 00 00 00 00 00 00 00 00 00 00 00 00 00 00 00 00 00 00 00 00 00 00 00 00 00 00 00 00 00 00 00 00 00 00 
