================= REPORT SAVE =================

[CCSDS HEADER]
MsgId      : 0x0825
Seq        : 0xC000
Len        : 0x0215
TimeCode   : 00 97 B1 65 EC 88
Padding    : 0x00000000

[REPORT BODY]
Reflected MID  : 0x1875
Reflected CC   : 0x1A
RetType        : 0x05
RetCode        : 0
RetValSize     : 124

================= PARSED BY MID/CC =================
ReflectedMID : 0x1875
ReflectedCC  : 0x1A
PayloadLen   : 124

[EPS P60 ACU GET TABLE HK]

[Inputs]
c_in[0..5]: 72 83 82 77 15 13
v_in[0..5]: 16890 16853 16881 16844 15188 15221

[Bus/Temp]
vbat: 16253
vcc : 3275
temp[0..2]: 197 198 199

[MPPT]
mppt_mode: 1
vboost[0..5]: 17607 18655 17849 18252 17876 17983
power[0..5]: 1216 1398 1384 1296 227 197

[DAC]
dac_en[0..2]: 1 1 1
dac_val[0..5]: 655 696 666 679 671 663

[Boot/Time]
bootcause : 3054841720
bootcnt   : 1
uptime    : 146
resetcause: 0x5167

[MPPT Timing]
mppt_time  : 51
mppt_period: 1

[Device]
device_type[0..7]: 22 0 49 0 0 0 7 1
device_status[0..7]: 1 3 3 3 4 0 1 1

[WDT]
wdt_cnt_gnd : 65793
wdt_gnd_left: 6

[PAYLOAD HEX]
48 00 53 00 52 00 4D 00 0F 00 0D 00 FA 41 D5 41 
F1 41 CC 41 54 3B 75 3B 7D 3F CB 0C C5 00 C6 00 
C7 00 01 00 C7 44 DF 48 B9 45 4C 47 D4 45 3F 46 
C0 04 76 05 68 05 10 05 E3 00 C5 00 01 01 01 00 
8F 02 B8 02 9A 02 A7 02 9F 02 97 02 78 2F 15 B6 
01 00 00 00 92 00 00 00 67 51 33 00 01 00 16 00 
31 00 00 00 07 01 01 03 03 03 04 00 01 01 01 01 
01 01 01 00 06 00 00 00 B2 A2 02 00 

[RETURN VALUE]
48 00 53 00 52 00 4D 00 0F 00 0D 00 FA 41 D5 41 
F1 41 CC 41 54 3B 75 3B 7D 3F CB 0C C5 00 C6 00 
C7 00 01 00 C7 44 DF 48 B9 45 4C 47 D4 45 3F 46 
C0 04 76 05 68 05 10 05 E3 00 C5 00 01 01 01 00 
8F 02 B8 02 9A 02 A7 02 9F 02 97 02 78 2F 15 B6 
01 00 00 00 92 00 00 00 67 51 33 00 01 00 16 00 
31 00 00 00 07 01 01 03 03 03 04 00 01 01 01 01 
01 01 01 00 06 00 00 00 B2 A2 02 00 

[BINARY DATA]
25 08 00 C0 15 02 00 97 B1 65 EC 88 00 00 00 00 75 18 1A 05 00 00 00 00 7C 00 48 00 53 00 52 00 4D 00 0F 00 0D 00 FA 41 D5 41 F1 41 CC 41 54 3B 75 3B 7D 3F CB 0C C5 00 C6 00 C7 00 01 00 C7 44 DF 48 B9 45 4C 47 D4 45 3F 46 C0 04 76 05 68 05 10 05 E3 00 C5 00 01 01 01 00 8F 02 B8 02 9A 02 A7 02 9F 02 97 02 78 2F 15 B6 01 00 00 00 92 00 00 00 67 51 33 00 01 00 16 00 31 00 00 00 07 01 01 03 03 03 04 00 01 01 01 01 01 01 01 00 06 00 00 00 B2 A2 02 00 00 00 00 00 00 00 00 00 00 00 00 00 00 00 00 00 00 00 00 00 00 00 00 00 00 00 00 00 00 00 00 00 00 00 00 00 00 00 00 00 00 00 00 00 00 00 00 00 00 00 00 00 00 00 00 00 00 00 00 00 00 00 00 00 00 00 00 00 00 00 00 00 00 00 00 00 00 00 00 00 00 00 00 00 00 00 00 00 00 00 00 00 00 00 00 00 00 00 00 00 00 00 00 00 00 00 00 00 00 00 00 00 00 00 00 00 00 00 00 00 00 00 00 00 00 00 00 00 00 00 00 00 00 00 00 00 00 00 00 00 00 00 00 00 00 00 00 00 00 00 00 00 00 00 00 00 00 00 00 00 00 00 00 00 00 00 00 00 00 00 00 00 00 00 00 00 00 00 00 00 00 00 00 00 00 00 00 00 00 00 00 00 00 00 00 00 00 00 00 00 00 00 00 00 00 00 00 00 00 00 00 00 00 00 00 00 00 00 00 00 00 00 00 00 00 00 00 00 00 00 00 00 00 00 00 00 00 00 00 00 00 00 00 00 00 00 00 00 00 00 00 00 00 00 00 00 00 00 00 00 00 00 00 00 00 00 00 00 00 00 00 00 00 00 00 00 00 00 00 00 00 00 00 00 00 00 00 00 00 00 00 00 00 00 00 00 00 00 00 00 00 00 00 00 00 00 00 00 00 00 00 00 00 00 00 00 00 00 00 00 00 00 00 00 00 00 00 00 00 00 00 00 00 00 00 00 00 00 00 00 00 00 00 00 00 00 00 00 00 00 00 00 00 00 00 00 00 00 00 00 00 00 00 00 00 00 00 00 00 00 00 00 00 00 00 00 00 00 00 00 00 00 00 00 00 00 00 00 00 00 
