================= REPORT SAVE =================

[CCSDS HEADER]
MsgId      : 0x0825
Seq        : 0xC000
Len        : 0x0215
TimeCode   : 00 7F EB B2 F4 88
Padding    : 0x00000000

[REPORT BODY]
Reflected MID  : 0x1875
Reflected CC   : 0x1A
RetType        : 0x05
RetCode        : 0
RetValSize     : 124

================= PARSED BY MID/CC =================
ReflectedMID : 0x1875
ReflectedCC  : 0x1A
PayloadLen   : 124

[EPS P60 ACU GET TABLE HK]

[Inputs]
c_in[0..5]: 217 225 247 244 14 13
v_in[0..5]: 16945 16923 16936 16899 15616 15846

[Bus/Temp]
vbat: 16285
vcc : 3275
temp[0..2]: 175 176 177

[MPPT]
mppt_mode: 1
vboost[0..5]: 17715 17123 18413 18333 17930 18145
power[0..5]: 3677 3807 4183 4123 218 205

[DAC]
dac_en[0..2]: 1 1 1
dac_val[0..5]: 651 635 683 678 671 669

[Boot/Time]
bootcause : 3054841720
bootcnt   : 1
uptime    : 146
resetcause: 0x88C3

[MPPT Timing]
mppt_time  : 27
mppt_period: 1

[Device]
device_type[0..7]: 22 0 49 0 0 0 7 1
device_status[0..7]: 1 3 3 3 4 0 1 1

[WDT]
wdt_cnt_gnd : 65793
wdt_gnd_left: 6

[PAYLOAD HEX]
D9 00 E1 00 F7 00 F4 00 0E 00 0D 00 31 42 1B 42 
28 42 03 42 00 3D E6 3D 9D 3F CB 0C AF 00 B0 00 
B1 00 01 00 33 45 E3 42 ED 47 9D 47 0A 46 E1 46 
5D 0E DF 0E 57 10 1B 10 DA 00 CD 00 01 01 01 00 
8B 02 7B 02 AB 02 A6 02 9F 02 9D 02 78 2F 15 B6 
01 00 00 00 92 00 00 00 C3 88 1B 00 01 00 16 00 
31 00 00 00 07 01 01 03 03 03 04 00 01 01 01 01 
01 01 01 00 06 00 00 00 76 8D 02 00 

[RETURN VALUE]
D9 00 E1 00 F7 00 F4 00 0E 00 0D 00 31 42 1B 42 
28 42 03 42 00 3D E6 3D 9D 3F CB 0C AF 00 B0 00 
B1 00 01 00 33 45 E3 42 ED 47 9D 47 0A 46 E1 46 
5D 0E DF 0E 57 10 1B 10 DA 00 CD 00 01 01 01 00 
8B 02 7B 02 AB 02 A6 02 9F 02 9D 02 78 2F 15 B6 
01 00 00 00 92 00 00 00 C3 88 1B 00 01 00 16 00 
31 00 00 00 07 01 01 03 03 03 04 00 01 01 01 01 
01 01 01 00 06 00 00 00 76 8D 02 00 

[BINARY DATA]
25 08 00 C0 15 02 00 7F EB B2 F4 88 00 00 00 00 75 18 1A 05 00 00 00 00 7C 00 D9 00 E1 00 F7 00 F4 00 0E 00 0D 00 31 42 1B 42 28 42 03 42 00 3D E6 3D 9D 3F CB 0C AF 00 B0 00 B1 00 01 00 33 45 E3 42 ED 47 9D 47 0A 46 E1 46 5D 0E DF 0E 57 10 1B 10 DA 00 CD 00 01 01 01 00 8B 02 7B 02 AB 02 A6 02 9F 02 9D 02 78 2F 15 B6 01 00 00 00 92 00 00 00 C3 88 1B 00 01 00 16 00 31 00 00 00 07 01 01 03 03 03 04 00 01 01 01 01 01 01 01 00 06 00 00 00 76 8D 02 00 00 00 00 00 00 00 00 00 00 00 00 00 00 00 00 00 00 00 00 00 00 00 00 00 00 00 00 00 00 00 00 00 00 00 00 00 00 00 00 00 00 00 00 00 00 00 00 00 00 00 00 00 00 00 00 00 00 00 00 00 00 00 00 00 00 00 00 00 00 00 00 00 00 00 00 00 00 00 00 00 00 00 00 00 00 00 00 00 00 00 00 00 00 00 00 00 00 00 00 00 00 00 00 00 00 00 00 00 00 00 00 00 00 00 00 00 00 00 00 00 00 00 00 00 00 00 00 00 00 00 00 00 00 00 00 00 00 00 00 00 00 00 00 00 00 00 00 00 00 00 00 00 00 00 00 00 00 00 00 00 00 00 00 00 00 00 00 00 00 00 00 00 00 00 00 00 00 00 00 00 00 00 00 00 00 00 00 00 00 00 00 00 00 00 00 00 00 00 00 00 00 00 00 00 00 00 00 00 00 00 00 00 00 00 00 00 00 00 00 00 00 00 00 00 00 00 00 00 00 00 00 00 00 00 00 00 00 00 00 00 00 00 00 00 00 00 00 00 00 00 00 00 00 00 00 00 00 00 00 00 00 00 00 00 00 00 00 00 00 00 00 00 00 00 00 00 00 00 00 00 00 00 00 00 00 00 00 00 00 00 00 00 00 00 00 00 00 00 00 00 00 00 00 00 00 00 00 00 00 00 00 00 00 00 00 00 00 00 00 00 00 00 00 00 00 00 00 00 00 00 00 00 00 00 00 00 00 00 00 00 00 00 00 00 00 00 00 00 00 00 00 00 00 00 00 00 00 00 00 00 00 00 00 00 00 00 00 00 00 00 00 00 00 00 00 00 00 00 00 00 00 00 00 00 00 00 00 00 00 00 
