================= REPORT SAVE =================

[CCSDS HEADER]
MsgId      : 0x0825
Seq        : 0xC000
Len        : 0x0215
TimeCode   : 00 7B 44 3B 26 8B
Padding    : 0x00000000

[REPORT BODY]
Reflected MID  : 0x1875
Reflected CC   : 0x1A
RetType        : 0x05
RetCode        : 0
RetValSize     : 124

================= PARSED BY MID/CC =================
ReflectedMID : 0x1875
ReflectedCC  : 0x1A
PayloadLen   : 124

[EPS P60 ACU GET TABLE HK]

[Inputs]
c_in[0..5]: 10 19 16 21 16 20
v_in[0..5]: 263 248 248 248 303 305

[Bus/Temp]
vbat: 16160
vcc : 3279
temp[0..2]: 195 195 196

[MPPT]
mppt_mode: 1
vboost[0..5]: 17983 18037 17930 18091 18091 17930
power[0..5]: 2 4 3 5 4 6

[DAC]
dac_en[0..2]: 1 1 1
dac_val[0..5]: 669 669 673 667 671 669

[Boot/Time]
bootcause : 3054841720
bootcnt   : 1
uptime    : 146
resetcause: 0xE0B8

[MPPT Timing]
mppt_time  : 22
mppt_period: 1

[Device]
device_type[0..7]: 22 0 49 0 0 0 7 1
device_status[0..7]: 1 3 3 3 4 0 1 1

[WDT]
wdt_cnt_gnd : 65793
wdt_gnd_left: 6

[PAYLOAD HEX]
0A 00 13 00 10 00 15 00 10 00 14 00 07 01 F8 00 
F8 00 F8 00 2F 01 31 01 20 3F CF 0C C3 00 C3 00 
C4 00 01 00 3F 46 75 46 0A 46 AB 46 AB 46 0A 46 
02 00 04 00 03 00 05 00 04 00 06 00 01 01 01 00 
9D 02 9D 02 A1 02 9B 02 9F 02 9D 02 78 2F 15 B6 
01 00 00 00 92 00 00 00 B8 E0 16 00 01 00 16 00 
31 00 00 00 07 01 01 03 03 03 04 00 01 01 01 01 
01 01 01 00 06 00 00 00 67 FD 01 00 

[RETURN VALUE]
0A 00 13 00 10 00 15 00 10 00 14 00 07 01 F8 00 
F8 00 F8 00 2F 01 31 01 20 3F CF 0C C3 00 C3 00 
C4 00 01 00 3F 46 75 46 0A 46 AB 46 AB 46 0A 46 
02 00 04 00 03 00 05 00 04 00 06 00 01 01 01 00 
9D 02 9D 02 A1 02 9B 02 9F 02 9D 02 78 2F 15 B6 
01 00 00 00 92 00 00 00 B8 E0 16 00 01 00 16 00 
31 00 00 00 07 01 01 03 03 03 04 00 01 01 01 01 
01 01 01 00 06 00 00 00 67 FD 01 00 

[BINARY DATA]
25 08 00 C0 15 02 00 7B 44 3B 26 8B 00 00 00 00 75 18 1A 05 00 00 00 00 7C 00 0A 00 13 00 10 00 15 00 10 00 14 00 07 01 F8 00 F8 00 F8 00 2F 01 31 01 20 3F CF 0C C3 00 C3 00 C4 00 01 00 3F 46 75 46 0A 46 AB 46 AB 46 0A 46 02 00 04 00 03 00 05 00 04 00 06 00 01 01 01 00 9D 02 9D 02 A1 02 9B 02 9F 02 9D 02 78 2F 15 B6 01 00 00 00 92 00 00 00 B8 E0 16 00 01 00 16 00 31 00 00 00 07 01 01 03 03 03 04 00 01 01 01 01 01 01 01 00 06 00 00 00 67 FD 01 00 00 00 00 00 00 00 00 00 00 00 00 00 00 00 00 00 00 00 00 00 00 00 00 00 00 00 00 00 00 00 00 00 00 00 00 00 00 00 00 00 00 00 00 00 00 00 00 00 00 00 00 00 00 00 00 00 00 00 00 00 00 00 00 00 00 00 00 00 00 00 00 00 00 00 00 00 00 00 00 00 00 00 00 00 00 00 00 00 00 00 00 00 00 00 00 00 00 00 00 00 00 00 00 00 00 00 00 00 00 00 00 00 00 00 00 00 00 00 00 00 00 00 00 00 00 00 00 00 00 00 00 00 00 00 00 00 00 00 00 00 00 00 00 00 00 00 00 00 00 00 00 00 00 00 00 00 00 00 00 00 00 00 00 00 00 00 00 00 00 00 00 00 00 00 00 00 00 00 00 00 00 00 00 00 00 00 00 00 00 00 00 00 00 00 00 00 00 00 00 00 00 00 00 00 00 00 00 00 00 00 00 00 00 00 00 00 00 00 00 00 00 00 00 00 00 00 00 00 00 00 00 00 00 00 00 00 00 00 00 00 00 00 00 00 00 00 00 00 00 00 00 00 00 00 00 00 00 00 00 00 00 00 00 00 00 00 00 00 00 00 00 00 00 00 00 00 00 00 00 00 00 00 00 00 00 00 00 00 00 00 00 00 00 00 00 00 00 00 00 00 00 00 00 00 00 00 00 00 00 00 00 00 00 00 00 00 00 00 00 00 00 00 00 00 00 00 00 00 00 00 00 00 00 00 00 00 00 00 00 00 00 00 00 00 00 00 00 00 00 00 00 00 00 00 00 00 00 00 00 00 00 00 00 00 00 00 00 00 00 00 00 00 00 00 00 00 00 00 00 00 00 00 00 00 00 00 00 00 00 00 
